100,120002,1,0
100,107107,2,0
100,107108,3,0
100,107109,4,0
100,107110,5,0
100,107111,6,0
100,107112,7,0
100,107113,8,0
100,107114,9,0
100,107115,10,0
100,107116,11,0
100,107117,12,0
100,107118,13,0
100,107119,14,0
100,107120,15,0
100,120023,16,0
100,107012,17,0
100,107013,18,0
100,107014,19,0
100,107015,20,0
100,107016,21,0
100,107017,22,0
100,107018,23,0
100,107019,24,0
100,108262,25,0
100,107021,26,0
100,107022,27,0
100,107199,28,0
100,107192,29,0
100,107193,30,0
100,107194,31,0
100,107079,32,0
100,107080,33,0
100,107130,34,0
100,107131,35,0
100,107132,36,0
100,107185,37,0
100,107186,38,0
100,107187,39,0
100,107188,40,0
100,107189,41,0
100,107190,42,1
101,107190,1,0
101,107195,2,0
101,107196,3,0
101,107197,4,0
101,120024,5,0
101,107198,6,0
101,107154,7,0
101,107155,8,0
101,107156,9,0
101,107157,10,0
101,107028,11,0
101,107029,12,0
101,107200,13,0
101,107201,14,0
101,107202,15,0
101,107203,16,0
101,107191,17,0
101,107085,18,0
101,107500,19,0
101,107087,20,0
101,107088,21,0
101,107089,22,0
101,107090,23,0
101,107091,24,0
101,107092,25,0
101,107093,26,0
101,107167,27,0
101,107168,28,0
101,107169,29,0
101,107170,30,0
101,107171,31,0
101,107172,32,0
101,107173,33,0
101,120046,34,0
101,120002,35,1
200,120002,1,0
200,107107,2,0
200,107110,3,0
200,105721,4,0
200,105731,5,0
200,120012,6,0
200,120042,7,0
200,120045,8,0
200,120038,9,0
200,120039,10,0
200,120040,11,0
200,107005,12,0
200,107006,13,0
200,107007,14,0
200,107008,15,0
200,107009,16,0
200,107010,17,0
200,107011,18,0
200,120023,19,0
200,107012,20,0
200,107013,21,0
200,107014,22,0
200,107015,23,0
200,107016,24,0
200,107017,25,0
200,107018,26,0
200,107019,27,0
200,108262,28,0
200,107021,29,0
200,107022,30,0
200,107023,31,0
200,107024,32,0
200,107025,33,0
200,107026,34,0
200,107027,35,0
200,107028,36,0
200,107029,37,0
200,107030,38,0
200,107031,39,0
200,107032,40,0
200,107033,41,0
200,107034,42,0
200,107035,43,0
200,120043,44,0
200,107350,45,1
201,107350,1,0
201,107070,2,0
201,107071,3,0
201,107072,4,0
201,107073,5,0
201,107074,6,0
201,107075,7,0
201,107076,8,0
201,107077,9,0
201,107078,10,0
201,107079,11,0
201,107080,12,0
201,107257,13,0
201,107081,14,0
201,107082,15,0
201,107083,16,0
201,107084,17,0
201,107085,18,0
201,107500,19,0
201,107087,20,0
201,107088,21,0
201,107089,22,0
201,107090,23,0
201,107091,24,0
201,107092,25,0
201,107093,26,0
201,107094,27,0
201,107095,28,0
201,107096,29,0
201,107097,30,0
201,107098,31,0
201,120041,32,0
201,107099,33,0
201,107100,34,0
201,107101,35,0
201,107102,36,0
201,120037,37,0
201,107001,38,0
201,120044,39,0
201,105722,40,0
201,120033,41,0
201,120034,42,0
201,120035,43,0
201,120046,44,0
201,120002,45,1
300,107175,1,0
300,107176,2,0
300,107177,3,0
300,107211,4,0
300,107094,5,0
300,107178,6,0
300,107179,7,0
300,107180,8,0
300,107181,9,0
300,107182,10,0
300,107183,11,0
300,107184,12,0
300,107165,13,0
300,107166,14,0
300,108262,15,0
300,107122,16,0
300,107123,17,0
300,107124,18,0
300,107125,19,0
300,107126,20,0
300,107127,21,0
300,107128,22,0
300,107129,23,0
300,107079,24,0
300,107080,25,0
300,107130,26,0
300,107131,27,0
300,107132,28,0
300,107133,29,0
300,107134,30,0
300,107135,31,0
300,107136,32,0
300,107137,33,0
300,107138,34,0
300,107139,35,0
300,107146,36,0
300,107141,37,0
300,107140,38,0
300,107142,39,0
300,107143,40,1
301,107143,1,0
301,107144,2,0
301,107145,3,0
301,107141,4,0
301,107140,5,0
301,107147,6,0
301,107148,7,0
301,107149,8,0
301,107150,9,0
301,107151,10,0
301,107152,11,0
301,107153,12,0
301,107154,13,0
301,107155,14,0
301,107156,15,0
301,107157,16,0
301,107028,17,0
301,107029,18,0
301,107158,19,0
301,107159,20,0
301,107160,21,0
301,107161,22,0
301,107162,23,0
301,107163,24,0
301,107164,25,0
301,107165,26,0
301,107166,27,0
301,107499,28,0
301,107122,29,0
301,107123,30,0
301,107204,31,0
301,107205,32,0
301,107206,33,0
301,107207,34,0
301,107208,35,0
301,107209,36,0
301,107210,37,0
301,107011,38,0
301,120023,39,0
301,107121,40,0
301,107213,41,0
301,107214,42,0
301,107175,43,1
401,108262,1,0
401,107021,2,0
401,107022,3,0
401,107023,4,0
401,107024,5,0
401,107025,6,0
401,107026,7,0
401,107027,8,0
401,107028,9,0
401,107029,10,0
401,107158,11,0
401,107215,12,0
401,107216,13,0
401,107217,14,0
401,107218,15,0
401,107219,16,0
401,107220,17,0
401,107221,18,0
401,107222,19,0
401,107223,20,0
401,107224,21,0
401,107225,22,0
401,107226,23,0
401,107227,24,0
401,107228,25,0
401,107229,26,0
401,107230,27,0
401,107231,28,0
401,107232,29,0
401,107233,30,0
401,107234,31,0
401,107235,32,0
401,107236,33,0
401,107481,34,0
401,107482,35,0
401,107483,36,0
401,107237,37,0
401,107238,38,0
401,107239,39,0
401,107240,40,0
401,107241,41,0
401,107242,42,0
401,107243,43,0
401,107244,44,0
401,107245,45,0
401,107246,46,0
401,107247,47,0
401,107248,48,0
401,107249,49,0
401,107250,50,0
401,107251,51,0
401,107252,52,0
401,107253,53,0
401,107254,54,0
401,107079,55,0
401,107080,56,0
401,107257,57,0
401,107081,58,0
401,107082,59,0
401,107083,60,0
401,107084,61,0
401,107085,62,0
401,107020,63,1
501,107273,1,0
501,107274,2,0
501,107277,3,0
501,107278,4,0
501,107279,5,0
501,107280,6,0
501,107281,7,0
501,107282,8,0
501,107283,9,0
501,107284,10,0
501,107285,11,0
501,107286,12,0
501,107287,13,0
501,107083,14,0
501,107084,15,0
501,107085,16,0
501,107499,17,1
502,108262,1,0
502,107021,2,0
502,107022,3,0
502,107023,4,0
502,107024,5,0
502,107199,6,0
502,107192,7,0
502,107193,8,0
502,107194,9,0
502,107079,10,0
502,107080,11,0
502,107257,12,0
502,107081,13,0
502,107082,14,0
502,107258,15,0
502,107259,16,0
502,107260,17,0
502,107261,18,0
502,107262,19,0
502,107263,20,0
502,107264,21,0
502,107265,22,0
502,107266,23,0
502,107267,24,0
502,107268,25,0
502,107270,26,0
502,107271,27,0
502,107272,28,0
502,107212,29,0
502,107273,30,1
601,107500,1,0
601,107122,2,0
601,107123,3,0
601,107124,4,0
601,107125,5,0
601,107126,6,0
601,107288,7,0
601,107289,8,0
601,107290,9,0
601,107291,10,0
601,107292,11,0
601,107293,12,0
601,107294,13,0
601,107295,14,0
601,107296,15,0
601,107297,16,0
601,107298,17,0
601,107299,18,0
601,107300,19,0
601,107301,20,0
601,107302,21,0
601,107303,22,0
601,107304,23,0
601,107305,24,0
601,107306,25,0
601,107307,26,0
601,107308,27,0
601,107309,28,0
601,107208,29,0
601,107209,30,0
601,107210,31,0
601,107011,32,0
601,120023,33,0
601,107273,34,0
601,107274,35,0
601,107277,36,0
601,107278,37,0
601,107310,38,0
601,107311,39,0
601,107312,40,0
601,107313,41,0
601,107314,42,0
601,107315,43,0
601,107316,44,0
601,107317,45,0
601,107018,46,0
601,107019,47,0
601,107020,48,1
701,108262,1,0
701,107021,2,0
701,107022,3,0
701,107199,4,0
701,107192,5,0
701,107193,6,0
701,107194,7,0
701,107079,8,0
701,107080,9,0
701,107318,10,0
701,107319,11,0
701,107320,12,0
701,107136,13,0
701,107137,14,0
701,107321,15,0
701,107322,16,0
701,107323,17,0
701,107324,18,0
701,107325,19,0
701,107326,20,0
701,107327,21,0
701,107328,22,0
701,107329,23,0
701,107330,24,0
701,107331,25,0
701,107332,26,0
701,107333,27,0
701,107334,28,0
701,107335,29,0
701,107336,30,0
701,107337,31,0
701,107338,32,0
701,107339,33,0
701,107340,34,0
701,107341,35,0
701,107342,36,0
701,107343,37,0
701,107344,38,0
701,107345,39,0
701,107346,40,0
701,107347,41,0
701,107348,42,0
701,107349,43,0
701,107350,44,0
701,107351,45,0
701,107352,46,0
701,107493,47,0
701,107494,48,0
701,107495,49,0
701,107496,50,0
701,107353,51,0
701,107354,52,0
701,107355,53,0
701,107356,54,0
701,107357,55,0
701,107149,56,0
701,107150,57,0
701,120022,58,0
701,107393,59,0
701,107392,60,0
701,107029,61,0
701,107200,62,0
701,107201,63,0
701,107202,64,0
701,107203,65,0
701,107191,66,0
701,107085,67,0
701,107499,68,1
900,108262,1,0
900,107021,2,0
900,107022,3,0
900,107023,4,0
900,107024,5,0
900,107025,6,0
900,107026,7,0
900,107027,8,0
900,107028,9,0
900,107029,10,0
900,107030,11,0
900,107031,12,0
900,107032,13,0
900,107033,14,0
900,107034,15,0
900,107035,16,0
900,107036,17,0
900,107037,18,0
900,107038,19,0
900,107039,20,0
900,107040,21,0
900,107041,22,0
900,107042,23,0
900,107043,24,0
900,107044,25,0
900,107045,26,0
900,107046,27,0
900,107047,28,0
900,107048,29,0
900,107049,30,0
900,107050,31,0
900,107051,32,0
900,107052,33,0
900,107053,34,1
901,107053,1,0
901,107054,2,0
901,107055,3,0
901,107056,4,0
901,107057,5,0
901,107058,6,0
901,107059,7,0
901,107060,8,0
901,107061,9,0
901,107062,10,0
901,107063,11,0
901,107064,12,0
901,107065,13,0
901,107066,14,0
901,107067,15,0
901,107068,16,0
901,107069,17,0
901,107070,18,0
901,107071,19,0
901,107072,20,0
901,107073,21,0
901,107074,22,0
901,107075,23,0
901,107076,24,0
901,107077,25,0
901,107078,26,0
901,107079,27,0
901,107080,28,0
901,107257,29,0
901,107081,30,0
901,107082,31,0
901,107083,32,0
901,107084,33,0
901,107085,34,0
901,108262,35,1
1200,107190,1,0
1200,107195,2,0
1200,107196,3,0
1200,107197,4,0
1200,107364,5,0
1200,107365,6,0
1200,107366,7,0
1200,107367,8,0
1200,107368,9,0
1200,107369,10,0
1200,107370,11,0
1200,120024,12,0
1200,107198,13,0
1200,107371,14,0
1200,107372,15,0
1200,107373,16,0
1200,107286,17,0
1200,107287,18,0
1200,107083,19,0
1200,107084,20,0
1200,107085,21,0
1200,107499,22,1
1201,108262,1,0
1201,107021,2,0
1201,107022,3,0
1201,107023,4,0
1201,107024,5,0
1201,107258,6,0
1201,107259,7,0
1201,107358,8,0
1201,107359,9,0
1201,107360,10,0
1201,107361,11,0
1201,107362,12,0
1201,107363,13,0
1201,107186,14,0
1201,107187,15,0
1201,107188,16,0
1201,107189,17,0
1201,107190,18,1
1500,107385,1,0
1500,107386,2,0
1500,107387,3,0
1500,107388,4,0
1500,120028,5,0
1500,107389,6,0
1500,107377,7,0
1500,107390,8,0
1500,107056,9,0
1500,107057,10,0
1500,120016,11,0
1500,107375,12,0
1500,107391,13,0
1500,107249,14,0
1500,107250,15,0
1500,107251,16,0
1500,107252,17,0
1500,107253,18,0
1500,107254,19,0
1500,107079,20,0
1500,107080,21,1
1501,107029,1,0
1501,107158,2,0
1501,107215,3,0
1501,107216,4,0
1501,107217,5,0
1501,107218,6,0
1501,107219,7,0
1501,107220,8,0
1501,107221,9,0
1501,107374,10,0
1501,105727,11,0
1501,107061,12,0
1501,107062,13,0
1501,107045,14,0
1501,107046,15,0
1501,107047,16,0
1501,107378,17,0
1501,107379,18,0
1501,120027,19,0
1501,120026,20,0
1501,107380,21,0
1501,107381,22,0
1501,107382,23,0
1501,107383,24,0
1501,107384,25,0
1501,107385,26,1
1601,107080,1,0
1601,107318,2,0
1601,107319,3,0
1601,107320,4,0
1601,107136,5,0
1601,107137,6,0
1601,107321,7,0
1601,107394,8,0
1601,107395,9,0
1601,107396,10,0
1601,107397,11,0
1601,107398,12,0
1601,107399,13,0
1601,107331,14,0
1601,107332,15,0
1601,107333,16,0
1601,107334,17,0
1601,107335,18,0
1601,107400,19,1
1602,107400,1,0
1602,107401,2,0
1602,107402,3,0
1602,107403,4,0
1602,107404,5,0
1602,107348,6,0
1602,107349,7,0
1602,107350,8,0
1602,107351,9,0
1602,107352,10,0
1602,107353,11,0
1602,107354,12,0
1602,107355,13,0
1602,107356,14,0
1602,107405,15,0
1602,107406,16,0
1602,107407,17,0
1602,120011,18,0
1602,107078,19,0
1602,107079,20,0
1602,107080,21,1
1700,107501,1,0
1700,107087,2,0
1700,107088,3,0
1700,107089,4,0
1700,107090,5,0
1700,107091,6,0
1700,107408,7,0
1700,107273,8,0
1700,107274,9,0
1700,107275,10,0
1700,107409,11,0
1700,107410,12,0
1700,107411,13,0
1700,107416,14,0
1700,107417,15,0
1700,107418,16,0
1700,107419,17,0
1700,107420,18,0
1700,107421,19,0
1700,107422,20,0
1700,107423,21,0
1700,107424,22,0
1700,107412,23,0
1700,107413,24,0
1700,107414,25,0
1700,107415,26,0
1700,107425,27,0
1700,107426,28,0
1700,107276,29,0
1700,107175,30,0
1700,107176,31,0
1700,107177,32,0
1700,107012,33,0
1700,107013,34,0
1700,107014,35,0
1700,107015,36,0
1700,107016,37,0
1700,107017,38,0
1700,107018,39,0
1700,107019,40,0
1700,108262,41,1
2100,107745,1,0
2100,107747,2,0
2100,107740,3,0
2100,107438,4,0
2100,107440,5,0
2100,107441,6,0
2100,107442,7,0
2100,107443,8,0
2100,107444,9,0
2100,107445,10,0
2100,107446,11,0
2100,107447,12,0
2100,107448,13,0
2100,107449,14,0
2100,107450,15,0
2100,107451,16,0
2100,107452,17,0
2100,107453,18,0
2100,107454,19,0
2100,107455,20,0
2100,107456,21,0
2100,107414,22,0
2100,107415,23,0
2100,107425,24,0
2100,107426,25,0
2100,107276,26,0
2100,107175,27,0
2100,107176,28,0
2100,107177,29,0
2100,107012,30,0
2100,107013,31,0
2100,107014,32,0
2100,107015,33,0
2100,107016,34,0
2100,107017,35,0
2100,107018,36,0
2100,107019,37,0
2100,107020,38,1
2101,107499,1,0
2101,107087,2,0
2101,107088,3,0
2101,107089,4,0
2101,107090,5,0
2101,107091,6,0
2101,107408,7,0
2101,107273,8,0
2101,107274,9,0
2101,107275,10,0
2101,107409,11,0
2101,107410,12,0
2101,107427,13,0
2101,107498,14,0
2101,107428,15,0
2101,107457,16,0
2101,107458,17,0
2101,107451,18,0
2101,107452,19,0
2101,107453,20,0
2101,107454,21,0
2101,107429,22,0
2101,107430,23,0
2101,107431,24,0
2101,107432,25,0
2101,107433,26,0
2101,107434,27,0
2101,107435,28,0
2101,107436,29,0
2101,107437,30,0
2101,107740,31,0
2101,107742,32,0
2101,107744,33,0
2101,107745,34,1
3100,107501,1,0
3100,107122,2,0
3100,107123,3,0
3100,107124,4,0
3100,107125,5,0
3100,107126,6,0
3100,107127,7,0
3100,107128,8,0
3100,107129,9,0
3100,107215,10,0
3100,107485,11,0
3100,107486,12,0
3100,107490,13,0
3100,107491,14,0
3100,107492,15,0
3100,107754,16,0
3100,107755,17,0
3100,107756,18,0
3100,107750,19,1
3101,107750,1,0
3101,107756,2,0
3101,107751,3,0
3101,107752,4,0
3101,120007,5,0
3101,107754,6,0
3101,107487,7,0
3101,107488,8,0
3101,107489,9,0
3101,107256,10,0
3101,107255,11,0
3101,107254,12,0
3101,107160,13,0
3101,107161,14,0
3101,107162,15,0
3101,107163,16,0
3101,107164,17,0
3101,107165,18,0
3101,107166,19,0
3101,107020,20,1
3201,107750,1,0
3201,107756,2,0
3201,107751,3,0
3201,107752,4,0
3201,120007,5,0
3201,107758,6,0
3201,107759,7,0
3201,107880,8,0
3201,107761,9,0
3201,107762,10,0
3201,107763,11,0
3201,107764,12,0
3201,107765,13,0
3201,107766,14,0
3201,107767,15,0
3201,107768,16,0
3201,107769,17,0
3201,107770,18,0
3201,107771,19,0
3201,107772,20,0
3201,107773,21,0
3201,107774,22,0
3201,107775,23,0
3201,107776,24,0
3201,107777,25,0
3201,107778,26,0
3201,107779,27,0
3201,107870,28,0
3201,107871,29,0
3201,107755,30,1
3301,107784,1,0
3301,107756,2,0
3301,107785,3,0
3301,107786,4,0
3301,107787,5,0
3301,107883,6,0
3301,107788,7,0
3301,107789,8,0
3301,107790,9,0
3301,107791,10,0
3301,107792,11,0
3301,107793,12,0
3301,107794,13,0
3301,107795,14,0
3301,107796,15,0
3301,107797,16,0
3301,107798,17,0
3301,107799,18,0
3301,107800,19,0
3301,107801,20,0
3301,107802,21,0
3301,107803,22,0
3301,107804,23,0
3301,107805,24,0
3301,107806,25,0
3301,107807,26,0
3301,107808,27,0
3301,107755,28,1
3403,107784,1,0
3403,107756,2,0
3403,107819,3,0
3403,107820,4,0
3403,107884,5,0
3403,107822,6,0
3403,107823,7,0
3403,107824,8,0
3403,107825,9,0
3403,107826,10,0
3403,107827,11,0
3403,107828,12,0
3403,107829,13,0
3403,107794,14,0
3403,107830,15,0
3403,107831,16,0
3403,107832,17,0
3403,107833,18,0
3403,107834,19,1
3404,107834,1,0
3404,107835,2,0
3404,107836,3,0
3404,107838,4,0
3404,107839,5,0
3404,107840,6,0
3404,107841,7,0
3404,107842,8,0
3404,107843,9,0
3404,107844,10,0
3404,107845,11,0
3404,107846,12,0
3404,107787,13,0
3404,107883,14,0
3404,107847,15,0
3404,107756,16,0
3404,107784,17,1
3501,107784,1,0
3501,107756,2,0
3501,107855,3,1
3502,107855,1,0
3502,107856,2,0
3502,107857,3,0
3502,107784,4,1
3900,107750,1,0
3900,120031,2,0
3900,107754,3,0
3900,107783,4,0
3900,107871,5,0
3900,107781,6,0
3900,107759,7,0
3900,107880,8,0
3900,107761,9,0
3900,107762,10,0
3900,107763,11,0
3900,107764,12,0
3900,107765,13,0
3900,107766,14,0
3900,107850,15,0
3900,107851,16,0
3900,107859,17,0
3900,107849,18,0
3900,107788,19,0
3900,107789,20,0
3900,107817,21,0
3900,107877,22,0
3900,107861,23,0
3900,107818,24,1
4001,107784,1,0
4001,107756,2,0
4001,107819,3,0
4001,107820,4,0
4001,107884,5,0
4001,107822,6,0
4001,107823,7,0
4001,107824,8,0
4001,107825,9,0
4001,107826,10,0
4001,107827,11,0
4001,107828,12,0
4001,107829,13,0
4001,107862,14,0
4001,107863,15,0
4001,107864,16,0
4001,107865,17,0
4001,120008,18,0
4001,120009,19,0
4001,120010,20,0
4001,107795,21,0
4001,107796,22,0
4001,107797,23,0
4001,107798,24,0
4001,107802,25,0
4001,107881,26,0
4001,107813,27,0
4001,107814,28,0
4001,107815,29,0
4001,107816,30,0
4001,107817,31,0
4001,107867,32,0
4001,107868,33,0
4001,107869,34,0
4001,107821,35,0
4001,107861,36,0
4001,107818,37,1
