'1192',3100,64800,4,'',0,8700,4,'',0,7500,4,'',0,3500,4,'',0,7800,4,'',0,2800,4,'',0,7600,4,'',0,7400,4,'',0,3700,4,'',0,7500,4,'',0,3500,4,'',0,7500,4,'',0,3500,4,'',0
'1407',3100,180800,4,'',0
'1408',3100,91300,4,'',0,3000,4,'',0,7000,4,'',0,3500,4,'',0,7500,4,'',0,3500,4,'',0,7500,4,'',0,7400,4,'',0,3500,4,'',0,7500,4,'',0,3500,4,'',0,7500,4,'',0,7500,4,'',0,3500,4,'',0,7500,4,'',0,3600,4,'',0
'1192',3200,74500,4,'',0,7000,4,'',0,3100,4,'',0,7300,4,'',0,3500,4,'',0,7500,4,'',0,7500,4,'',0,3600,4,'',0,7500,4,'',0,3500,4,'',0,7600,4,'',0,7500,4,'',0,3500,4,'',0
'1407',3200,91200,4,'',0,9600,4,'',0,10200,4,'',0,10500,4,'',0,10600,4,'',0,10600,4,'',0,10500,4,'',0,10500,4,'',0,10400,4,'',0,9700,4,'',0
'1408',3200,81000,4,'',0,3200,4,'',0,7100,4,'',0,3000,4,'',0,7000,4,'',0,3000,4,'',0,7600,4,'',0,3500,4,'',0,7600,4,'',0,7500,4,'',0,3500,4,'',0,7500,4,'',0,3500,4,'',0,7500,4,'',0,7500,4,'',0,3500,4,'',0,7400,4,'',0,3500,4,'',0,7400,4,'',0
'1192',3300,61800,4,'',0,9900,4,'',0,71300,4,'',0,7800,4,'',0,3900,4,'',0,7400,4,'',0,3500,4,'',0,8100,4,'',0,7400,4,'',0,3500,4,'',0,7900,4,'',0,11000,4,'',0,9900,4,'',0
'1192',3301,55500,,'',0,6900,,'',0,2900,,'',0,6900,,'',0,2700,,'',0,7000,,'',0,3300,,'',0,7500,,'',0,7300,,'',0,3500,,'',0,7500,,'',0,3500,,'',0,7500,,'',0,3500,,'',0,7500,,'',0,7500,,'',0,3500,,'',0,7900,,'',0,3600,,'',0,7500,,'',0,8000,,'',0,3500,,'',0,7500,,'',0,8000,,'',0,4000,,'',0,7000,,'',0,10000,,'',0
'1407',3300,190300,4,'',0
'1407',3301,91600,,'',0,10200,,'',0,10500,,'',0,10400,,'',0,10500,,'',0,10500,,'',0,10500,,'',0,10600,,'',0,9800,,'',0,9500,,'',0
'1408',3300,185000,4,'',0,15000,4,'',0,10000,4,'',0
'1408',3301,81900,,'',0,3000,,'',0,6900,,'',0,3000,,'',0,7300,,'',0,3500,,'',0,7500,,'',0,7400,,'',0,3500,,'',0,7500,,'',0,3500,,'',0,7500,,'',0,7500,,'',0,3600,,'',0,7500,,'',0,3600,,'',0,7500,,'',0,3500,,'',0,7100,,'',0,11000,,'',0,10000,,'',0
'1192',3400,61900,4,'',0,2800,4,'',0,7100,4,'',0,2600,4,'',0,6900,4,'',0,3100,4,'',0,7100,4,'',0,3600,4,'',0,10800,4,'',0,7500,4,'',0,7500,4,'',0,3500,4,'',0,7500,4,'',0,3600,4,'',0,7700,4,'',0,8100,4,'',0,3200,4,'',0,7500,4,'',0,3500,4,'',0,8100,4,'',0,7500,4,'',0,3500,4,'',0,7800,4,'',0,8000,4,'',0,10000,4,'',0,9900,4,'',0
'1192',3401,55500,,'',0,6800,,'',0,3000,,'',0,6800,,'',0,2700,,'',0,6900,,'',0,3300,,'',0,7700,,'',0,7300,,'',0,3500,,'',0,7500,,'',0,3500,,'',0,7500,,'',0,3500,,'',0,7500,,'',0,7500,,'',0,4000,,'',0,7400,,'',0,3600,,'',0,7500,,'',0,8000,,'',0,3500,,'',0,7500,,'',0,8000,,'',0,4000,,'',0,10000,,'',0,10000,,'',0
'1407',3400,83900,4,'',0,16500,4,'',0,14100,4,'',0,17000,4,'',0,12400,4,'',0,16500,4,'',0,13200,4,'',0,17300,4,'',0
'1407',3401,81500,,'',0,12500,,'',0,18100,,'',0,13000,,'',0,16400,,'',0,12500,,'',0,17200,,'',0,13300,,'',0
'1408',3400,80900,4,'',0,3000,4,'',0,7000,4,'',0,3000,4,'',0,7000,4,'',0,3000,4,'',0,7500,4,'',0,3500,4,'',0,7500,4,'',0,3500,4,'',0,7500,4,'',0,7500,4,'',0,3500,4,'',0,7500,4,'',0,3500,4,'',0,7500,4,'',0,7500,4,'',0,3500,4,'',0,7500,4,'',0,11000,4,'',0,10900,4,'',0
'1408',3401,74500,,'',0,7000,,'',0,3000,,'',0,7000,,'',0,3000,,'',0,7000,,'',0,3500,,'',0,7500,,'',0,7500,,'',0,3500,,'',0,7500,,'',0,3500,,'',0,7500,,'',0,3500,,'',0,7500,,'',0,7500,,'',0,3500,,'',0,7500,,'',0,3500,,'',0,15000,,'',0,11000,,'',0
'1192',3500,74600,4,'',0,6500,4,'',0,3000,4,'',0,36500,4,'',0,33000,4,'',0,26900,4,'',0
'1192',3501,72500,,'',0,2500,,'',0,7000,,'',0,32500,,'',0,37000,,'',0,22900,,'',0
'1407',3500,95300,4,'',0,37600,4,'',0,50200,4,'',0
'1407',3501,93200,,'',0,37600,,'',0,50200,,'',0
'1408',3500,84100,4,'',0,67400,4,'',0,22000,4,'',0
'1408',3501,82000,,'',0,63400,,'',0,26000,,'',0
'1192',3900,84500,,'',0,9500,4,'',0,500,,'',0,9500,4,'',0,500,,'',0,9500,4,'',0,7500,,'',0,9500,4,'',0,500,,'',0,9500,4,'',0,500,,'',0,9500,4,'',0,3500,,'',0,9500,,'',0,9500,4,'',0,7000,,'',0,9500,4,'',0
'1407',3900,84500,,'',0,9500,4,'',0,7500,,'',0,9500,4,'',0,3700,,'',0,9500,4,'',0,7300,,'',0,9500,4,'',0,3500,,'',0,9500,4,'',0,7500,,'',0,9500,4,'',0,3500,,'',0,9500,4,'',0
'1408',3900,84500,,'',0,9500,4,'',0,500,,'',0,9500,4,'',0,500,,'',0,9500,4,'',0,500,,'',0,9500,4,'',0,500,,'',0,9500,4,'',0,500,,'',0,9500,4,'',0,7500,,'',0,9500,,'',0,9500,4,'',0,3000,,'',0,9500,4,'',0
