'2357',3100,103900,4,'',0,10500,4,'',0,10500,4,'',0,10500,4,'',0,10500,4,'',0,14500,4,'',0,10500,4,'',0,10000,4,'',0
'2357',3101,104200,,'',0,10500,,'',0,10500,,'',0,10500,,'',0,14500,,'',0,10500,,'',0,10500,,'',0,10000,,'',0
'2358',3100,61900,4,'',0,3100,4,'',0,5800,4,'',0,1300,4,'',0,1700,4,'',0,1300,4,'',0,5800,4,'',0,1300,4,'',0,1800,4,'',0,1200,4,'',0,7300,4,'',0,51000,4,'',0,7600,4,'',0,1700,4,'',0,2000,4,'',0,5300,4,'',0,900,4,'',0,1500,4,'',0,1700,4,'',0,1500,4,'',0,5500,4,'',0,1500,4,'',0,1300,4,'',0,1800,4,'',0,5700,4,'',0,4200,4,'',0,7600,4,'',0,11400,4,'',0,15400,4,'',0,10900,4,'',0
'2358',3101,62500,,'',0,3000,,'',0,5500,,'',0,1500,,'',0,1500,,'',0,1500,,'',0,5700,,'',0,1300,,'',0,1800,,'',0,1500,,'',0,7200,,'',0,7000,,'',0,3500,,'',0,7500,,'',0,3500,,'',0,7500,,'',0,3500,,'',0,7500,,'',0,7500,,'',0,3500,,'',0,7800,,'',0,1400,,'',0,2000,,'',0,5200,,'',0,1500,,'',0,1600,,'',0,1500,,'',0,5800,,'',0,1500,,'',0,1500,,'',0,1500,,'',0,5700,,'',0,2000,,'',0,2500,,'',0,8500,,'',0,16500,,'',0,11000,,'',0
'2363',3100,182200,4,'',0,3500,4,'',0,14500,4,'',0,10400,4,'',0,10000,4,'',0
'2363',3101,81500,,'',0,3000,,'',0,7000,,'',0,3000,,'',0,7200,,'',0,3300,,'',0,7500,,'',0,7500,,'',0,3500,,'',0,7500,,'',0,3500,,'',0,7500,,'',0,3500,,'',0,7500,,'',0,7500,,'',0,3500,,'',0,7500,,'',0,3500,,'',0,7500,,'',0,7500,,'',0,10500,,'',0,10500,,'',0
'2357',3201,84400,,'',0,9600,,'',0,10200,,'',0,10500,,'',0,10500,,'',0,10500,,'',0,14500,,'',0,10500,,'',0,10500,,'',0,10000,,'',0
'2358',3200,62000,4,'',0,3100,4,'',0,7100,4,'',0,3000,4,'',0,7000,4,'',0,3100,4,'',0,7000,4,'',0,58800,4,'',0,11600,4,'',0,7400,4,'',0,3900,4,'',0,7400,4,'',0,3700,4,'',0,7800,4,'',0,7900,4,'',0,11900,4,'',0,10700,4,'',0
'2358',3201,55500,,'',0,7000,,'',0,3000,,'',0,7000,,'',0,3000,,'',0,7000,,'',0,3000,,'',0,7500,,'',0,7000,,'',0,3500,,'',0,7500,,'',0,3500,,'',0,7500,,'',0,3500,,'',0,7500,,'',0,7500,,'',0,3500,,'',0,7800,,'',0,3700,,'',0,7500,,'',0,7800,,'',0,3500,,'',0,7700,,'',0,8000,,'',0,4000,,'',0,7000,,'',0,9000,,'',0,11000,,'',0
'2363',3200,192700,4,'',0,7500,4,'',0,3000,4,'',0,7500,4,'',0,13000,4,'',0
'2363',3201,74500,,'',0,7000,,'',0,3000,,'',0,7000,,'',0,3000,,'',0,7200,,'',0,3300,,'',0,7500,,'',0,7500,,'',0,3500,,'',0,7500,,'',0,3500,,'',0,7500,,'',0,3500,,'',0,7500,,'',0,7500,,'',0,3500,,'',0,7500,,'',0,3500,,'',0,7500,,'',0,7500,,'',0,3500,,'',0,7000,,'',0,3500,,'',0,17000,,'',0
'2357',3300,93800,4,'',0,10100,4,'',0,10500,4,'',0,10500,4,'',0,10500,4,'',0,10500,4,'',0,14500,4,'',0,10500,4,'',0,10000,4,'',0
'2358',3300,95400,4,'',0,7200,4,'',0,3300,4,'',0,7500,4,'',0,7500,4,'',0,3500,4,'',0,7600,4,'',0,3400,4,'',0,65200,4,'',0,9600,4,'',0
'2363',3300,84300,4,'',0,7000,4,'',0,3000,4,'',0,7200,4,'',0,3200,4,'',0,7500,4,'',0,3500,4,'',0,7500,4,'',0,7500,4,'',0,3500,4,'',0,7500,4,'',0,3500,4,'',0,7500,4,'',0,7500,4,'',0,3500,4,'',0,7500,4,'',0,3500,4,'',0,7500,4,'',0,3300,4,'',0
'2358',3400,95400,4,'',0,7100,4,'',0,3400,4,'',0,7500,4,'',0,7500,4,'',0,3500,4,'',0,7500,4,'',0,3500,4,'',0,7700,4,'',0,11500,4,'',0,65500,4,'',0
'2363',3400,80700,4,'',0,3200,4,'',0,7000,4,'',0,3000,4,'',0,7000,4,'',0,3200,4,'',0,7300,4,'',0,3500,4,'',0,7500,4,'',0,3500,4,'',0,7500,4,'',0,7500,4,'',0,3500,4,'',0,7500,4,'',0,3500,4,'',0,7500,4,'',0,7500,4,'',0,3500,4,'',0,7500,4,'',0
