'2047',100,62100,0,'UFV',0,7900,0,'UFV',0,4100,0,'UFV',0,8100,0,'UFV',0,8600,0,'UFV',0,4700,0,'UFV',0,8600,0,'UFV',0,8900,0,'UFV',0,9000,0,'UFV',0,9100,0,'UFV',0,9100,0,'UFV',0,5000,0,'UFV',0,9000,0,'UFV',0,9000,0,'UFV',0,8900,0,'UFV',0,8700,0,'UFV',0,5000,0,'UFV',0,9900,0,'UFV',0
'2174',100,62400,0,'UFV',0,3100,0,'UFV',0,7900,0,'UFV',0,8700,0,'UFV',0,3100,0,'UFV',0,7000,0,'UFV',0,3200,0,'UFV',0,7100,0,'UFV',0,3000,0,'UFV',0,7300,0,'UFV',0,3100,0,'UFV',0,7400,0,'UFV',0,7300,0,'UFV',0,3500,0,'UFV',0,7500,0,'UFV',0,3500,0,'UFV',0,7400,0,'UFV',0,3300,0,'UFV',0,7400,0,'UFV',0,7400,0,'UFV',0,3200,0,'UFV',0,7200,0,'UFV',0,3200,0,'UFV',0,7000,0,'UFV',0,2900,0,'UFV',0,6800,0,'UFV',0,3000,0,'UFV',0,6900,0,'UFV',0,3000,0,'UFV',0,6700,0,'UFV',0,2600,0,'UFV',0
'2358',100,54100,0,'UFV',0,8200,0,'UFV',0,3000,0,'UFV',0,7200,0,'UFV',0,2200,0,'UFV',0,6100,0,'UFV',0,800,0,'UFV',0,1900,0,'UFV',0,1900,0,'UFV',0,5900,0,'UFV',0,1900,0,'UFV',0,1900,0,'UFV',0,5900,0,'UFV',0,1800,0,'UFV',0,2000,0,'UFV',0,5500,0,'UFV',0,800,0,'UFV',0,2000,0,'UFV',0,2500,0,'UFV',0,6400,0,'UFV',0,2500,0,'UFV',0,6500,0,'UFV',0,1500,0,'UFV',0,1000,0,'UFV',0,6600,0,'UFV',0,2500,0,'UFV',0,2600,0,'UFV',0,6200,0,'UFV',0,2000,0,'UFV',0,2100,0,'UFV',0,6000,0,'UFV',0,2000,0,'UFV',0,2000,0,'UFV',0,5900,0,'UFV',0,1800,0,'UFV',0,1700,0,'UFV',0,5900,0,'UFV',0,1900,0,'UFV',0,2000,0,'UFV',0,6600,0,'UFV',0,2900,0,'UFV',0,6900,0,'UFV',0,2800,0,'UFV',0,6700,0,'UFV',0,2800,0,'UFV',0,7000,0,'UFV',0,2900,0,'UFV',0
'2047',200,63900,0,'McMillan',0,8300,0,'McMillan',0,8200,0,'McMillan',0,4700,0,'McMillan',0,8600,0,'McMillan',0,8600,0,'McMillan',0,8600,0,'McMillan',0,9300,0,'McMillan',0,5100,0,'McMillan',0,9100,0,'McMillan',0,9100,0,'McMillan',0,9100,0,'McMillan',0,9000,0,'McMillan',0,8800,0,'McMillan',0,5000,0,'McMillan',0,8600,0,'McMillan',0,8900,0,'McMillan',0,8200,0,'McMillan',0
'2174',200,62100,0,'McMillan',0,8500,0,'McMillan',0,3600,0,'McMillan',0,7000,0,'McMillan',0,3100,0,'McMillan',0,7000,0,'McMillan',0,3100,0,'McMillan',0,7100,0,'McMillan',0,3000,0,'McMillan',0,7100,0,'McMillan',0,3300,0,'McMillan',0,7400,0,'McMillan',0,3300,0,'McMillan',0,7400,0,'McMillan',0,7500,0,'McMillan',0,3300,0,'McMillan',0,7500,0,'McMillan',0,3400,0,'McMillan',0,7300,0,'McMillan',0,3500,0,'McMillan',0,7100,0,'McMillan',0,3200,0,'McMillan',0,7300,0,'McMillan',0,7100,0,'McMillan',0,3100,0,'McMillan',0,7000,0,'McMillan',0,2800,0,'McMillan',0,7000,0,'McMillan',0,3000,0,'McMillan',0,2600,0,'McMillan',0,7200,0,'McMillan',0
'2358',200,55600,0,'McMillan',0,6300,0,'McMillan',0,3100,0,'McMillan',0,7200,0,'McMillan',0,2800,0,'McMillan',0,6200,0,'McMillan',0,2200,0,'McMillan',0,1700,0,'McMillan',0,5800,0,'McMillan',0,2100,0,'McMillan',0,1900,0,'McMillan',0,6000,0,'McMillan',0,2100,0,'McMillan',0,1800,0,'McMillan',0,6500,0,'McMillan',0,9000,0,'McMillan',0,2500,0,'McMillan',0,2500,0,'McMillan',0,9000,0,'McMillan',0,6500,0,'McMillan',0,2600,0,'McMillan',0,9700,0,'McMillan',0,1800,0,'McMillan',0,5800,0,'McMillan',0,1900,0,'McMillan',0,1500,0,'McMillan',0,7900,0,'McMillan',0,1800,0,'McMillan',0,2000,0,'McMillan',0,5900,0,'McMillan',0,1900,0,'McMillan',0,2000,0,'McMillan',0,5900,0,'McMillan',0,2100,0,'McMillan',0,2300,0,'McMillan',0,7000,0,'McMillan',0,2900,0,'McMillan',0,6800,0,'McMillan',0,2800,0,'McMillan',0,6900,0,'McMillan',0
'2361',200,113800,0,'McMillan',0,18000,0,'McMillan',0,18900,0,'McMillan',0,19400,0,'McMillan',0
'2403',200,113800,0,'McMillan',0,18000,0,'McMillan',0,18900,0,'McMillan',0,19400,0,'McMillan',0
'2047',401,64200,,'',0,20300,,'',0,16500,,'',0,13000,,'',0,17000,,'',0,13000,,'',0,17000,,'',0,12000,,'',0,17500,,'',0
'2174',401,60000,,'',0,5200,,'',0,9800,,'',0,10000,,'',0,10000,,'',0,10500,,'',0,14500,,'',0,10000,,'',0,10500,,'',0,10700,,'',0,9300,,'',0,11500,,'',0,10500,,'',0,10100,,'',0,10300,,'',0,10000,,'',0
'2047',501,61900,,'',0,9600,,'',0,9500,,'',0,9900,,'',0,9900,,'',0,4900,,'',0,9000,,'',0,9900,,'',0,8800,,'',0,9300,,'',0,9300,,'',0,9000,,'',0,10000,,'',0,10000,,'',0,10000,,'',0
'2174',501,63600,,'',0,9600,,'',0,7000,,'',0,2700,,'',0,3000,,'',0,7000,,'',0,3000,,'',0,7000,,'',0,7200,,'',0,3000,,'',0,6900,,'',0,3300,,'',0,7400,,'',0,3000,,'',0,7100,,'',0,3600,,'',0,7400,,'',0,3000,,'',0,7000,,'',0,3200,,'',0,7100,,'',0,3000,,'',0,7000,,'',0,3000,,'',0,6900,,'',0,9800,,'',0,9700,,'',0,9500,,'',0
'2358',501,60200,,'',0,2800,,'',0,2800,,'',0,6600,,'',0,7600,,'',0,3300,,'',0,7100,,'',0,3000,,'',0,7400,,'',0,3100,,'',0,7000,,'',0,3400,,'',0,7400,,'',0,3500,,'',0,7300,,'',0,3400,,'',0,7500,,'',0,7900,,'',0,3500,,'',0,7500,,'',0,3600,,'',0,7500,,'',0,7900,,'',0,3200,,'',0,8500,,'',0,8500,,'',0,10000,,'',0,9500,,'',0
'2047',700,60000,0,'Sumas Mtn',0,10000,0,'To McMillan',0,10000,0,'Sumas Mtn',0,5500,0,'To McMillan',0,9500,0,'Sumas Mtn',0,10000,0,'To McMillan',0,10000,0,'Sumas Mtn',0,10000,0,'To McMillan',0,10000,0,'Sumas Mtn',0,10000,0,'To McMillan',0,10000,0,'Sumas Mtn',0,10000,0,'To McMillan',0,10000,0,'Sumas Mtn',0,16500,0,'Sumas Mtn',0
'2174',700,60000,0,'To McMillan',0,10000,0,'Sumas Mtn',0,5500,0,'To McMillan',0,9000,0,'Sumas Mtn',0,11000,0,'To McMillan',0,14500,0,'Sumas Mtn',0,10300,0,'To McMillan',0,10700,0,'Sumas Mtn',0,10500,0,'To McMillan',0,10500,0,'Sumas Mtn',0,10500,0,'To McMillan',0,10500,0,'Sumas Mtn',0,10000,0,'To McMillan',0,10500,0,'Sumas Mtn',0,10000,0,'Sumas Mtn',0,17000,0,'Sumas Mtn',0
'2047',900,63000,,'',0,17000,,'',0,13000,,'',0,12200,,'',0,17100,,'',0,13000,,'',0,17000,,'',0,13000,,'',0,15900,,'',0,13500,,'',0
'2174',900,64000,,'',0,9200,,'',0,9800,,'',0,10100,,'',0,10400,,'',0,10300,,'',0,10500,,'',0,10000,,'',0,10500,,'',0,10700,,'',0,10300,,'',0,14500,,'',0,10400,,'',0,10000,,'',0,10300,,'',0,10000,,'',0
'2358',1201,71300,,'',0,3300,,'',0,8000,,'',0,7800,,'',0,3800,,'',0,7300,,'',0,11700,,'',0,11600,,'',0,15600,,'',0,13900,,'',0,7200,,'',0,4000,,'',0,7200,,'',0
'2358',2400,142100,0,'Ctr Loop',0
'2358',2601,73100,,'',0,68400,,'',0
