'2863',300,71200,4,'',0,9700,4,'',0,9600,4,'',0,10000,4,'',0,10000,4,'',0,5000,4,'',0,9000,4,'',0,10000,4,'',0,8800,4,'',0,9200,4,'',0,9200,4,'',0,9000,4,'',0,9900,4,'',0,10000,4,'',0,9900,4,'',0
'2863',301,60900,,'',0,10800,,'',0,9700,,'',0,9600,,'',0,10000,,'',0,10000,,'',0,9000,,'',0,5000,,'',0,10000,,'',0,8800,,'',0,9200,,'',0,9200,,'',0,9000,,'',0,9900,,'',0,10000,,'',0,9500,0,'Montrose Exch Only',0
'2864',300,62500,4,'',0,3000,4,'',0,7000,4,'',0,3000,4,'',0,7000,4,'',0,7500,4,'',0,3300,4,'',0,7000,4,'',0,3000,4,'',0,7500,4,'',0,3200,4,'',0,7000,4,'',0,3500,4,'',0,7500,4,'',0,3500,4,'',0,7500,4,'',0,7700,4,'',0,3800,4,'',0,7500,4,'',0,3500,4,'',0,7500,4,'',0,7100,4,'',0,3300,4,'',0,7700,4,'',0,2800,4,'',0,8500,4,'',0,8400,4,'',0,10000,4,'',0,9500,4,'',0
'2864',301,54000,,'',0,9000,,'',0,7000,,'',0,3000,,'',0,7000,,'',0,3000,,'',0,7500,,'',0,3300,,'',0,7000,,'',0,3000,,'',0,7500,,'',0,3200,,'',0,7000,,'',0,3500,,'',0,7500,,'',0,7500,,'',0,3500,,'',0,7700,,'',0,3800,,'',0,7500,,'',0,7500,,'',0,3500,,'',0,7100,,'',0,3300,,'',0,7700,,'',0,2800,,'',0,8500,,'',0,8400,,'',0,10000,,'',0,9000,0,'Montrose Exch Only',0
'2866',300,62500,4,'',0,3000,4,'',0,7000,4,'',0,3000,4,'',0,7000,4,'',0,7500,4,'',0,3300,4,'',0,7000,4,'',0,3000,4,'',0,7500,4,'',0,3200,4,'',0,7000,4,'',0,3500,4,'',0,7500,4,'',0,3500,4,'',0,7500,4,'',0,7700,4,'',0,3800,4,'',0,7500,4,'',0,3500,4,'',0,7500,4,'',0,7100,4,'',0,3300,4,'',0,7700,4,'',0,2800,4,'',0,8500,4,'',0,8400,4,'',0,10000,4,'',0,9500,4,'',0
'2866',301,54000,,'',0,9000,,'',0,7000,,'',0,3000,,'',0,7000,,'',0,3000,,'',0,7500,,'',0,3300,,'',0,7000,,'',0,3000,,'',0,7500,,'',0,3200,,'',0,7000,,'',0,3500,,'',0,7500,,'',0,7500,,'',0,3500,,'',0,7700,,'',0,3800,,'',0,7500,,'',0,7500,,'',0,3500,,'',0,7100,,'',0,3300,,'',0,7700,,'',0,2800,,'',0,8500,,'',0,8400,,'',0,10000,,'',0,9000,0,'Montrose Exch Only',0
'2872',300,62800,4,'',0,10000,4,'',0,10000,4,'',0,3000,4,'',0,6700,4,'',0,3000,4,'',0,7000,4,'',0,3000,4,'',0,7200,4,'',0,7300,4,'',0,3000,4,'',0,7000,4,'',0,3500,4,'',0,7500,4,'',0,3000,4,'',0,7000,4,'',0,3400,4,'',0,7300,4,'',0,2800,4,'',0,7000,4,'',0,3200,4,'',0,7000,4,'',0,3000,4,'',0,7000,4,'',0,3000,4,'',0,6900,4,'',0,9700,4,'',0,9600,4,'',0,9300,4,'',0
'2872',301,63300,,'',0,10000,,'',0,10000,,'',0,7000,,'',0,2700,,'',0,7000,,'',0,3000,,'',0,7000,,'',0,3200,,'',0,7300,,'',0,3000,,'',0,7000,,'',0,3500,,'',0,7500,,'',0,3000,,'',0,7000,,'',0,3400,,'',0,7300,,'',0,2800,,'',0,7000,,'',0,3200,,'',0,7000,,'',0,3000,,'',0,7000,,'',0,3000,,'',0,6900,,'',0,9700,,'',0,9600,,'',0,8900,0,'Montrose Exch Only',0
'2874',300,71200,4,'',0,9700,4,'',0,9600,4,'',0,10000,4,'',0,10000,4,'',0,5000,4,'',0,9000,4,'',0,10000,4,'',0,8800,4,'',0,9200,4,'',0,9200,4,'',0,9000,4,'',0,9900,4,'',0,10000,4,'',0,9900,4,'',0
'2874',301,60900,,'',0,10800,,'',0,9700,,'',0,9600,,'',0,10000,,'',0,10000,,'',0,9000,,'',0,5000,,'',0,10000,,'',0,8800,,'',0,9200,,'',0,9200,,'',0,9000,,'',0,9900,,'',0,10000,,'',0,9500,0,'Montrose Exch Only',0
