'1378',900,74800,0,'McKee',0,10000,0,'McKee',0,10000,0,'McKee',0,10000,0,'McKee',0,10000,0,'McKee',0,10000,0,'McKee',0,10000,0,'McKee',0,10000,0,'McKee',0,10000,0,'McKee',0,10000,0,'McKee',0,10000,0,'McKee',0,10000,0,'McKee',0,10000,0,'McKee',0
'1383',900,65200,0,'McKee',0,10000,0,'McKee',0,10000,0,'McKee',0,10000,0,'McKee',0,10000,0,'McKee',0,10000,0,'McKee',0,10000,0,'McKee',0,10000,0,'McKee',0,10000,0,'McKee',0,10000,0,'McKee',0,10000,0,'McKee',0,10000,0,'McKee',0,15200,0,'McKee',0,10000,0,'McKee',0,12500,0,'McKee',0,10000,0,'McKee',0
'1386',900,60000,0,'McKee',0,10000,0,'McKee',0,10000,0,'McKee',0,10000,0,'McKee',0,10000,0,'McKee',0,10000,0,'McKee',0,10000,0,'McKee',0,5200,0,'McKee',0,10000,0,'McKee',0,10000,0,'McKee',0,10000,0,'McKee',0,10000,0,'McKee',0,10000,0,'McKee',0,10000,0,'McKee',0,10000,0,'McKee',0,10000,0,'McKee',0,10000,0,'McKee',0
'1387',900,65200,0,'McKee',0,10000,0,'McKee',0,10000,0,'McKee',0,10000,0,'McKee',0,10000,0,'McKee',0,10000,0,'McKee',0,10000,0,'McKee',0,10000,0,'McKee',0,10000,0,'McKee',0,10000,0,'McKee',0,10000,0,'McKee',0,10000,0,'McKee',0,15200,0,'McKee',0,10000,0,'McKee',0,12500,0,'McKee',0,10000,0,'McKee',0
'1388',900,74800,0,'McKee',0,10000,0,'McKee',0,10000,0,'McKee',0,10000,0,'McKee',0,10000,0,'McKee',0,10000,0,'McKee',0,10000,0,'McKee',0,10000,0,'McKee',0,10000,0,'McKee',0,10000,0,'McKee',0,10000,0,'McKee',0,10000,0,'McKee',0,10000,0,'McKee',0
'1618',900,60000,0,'McKee',0,10000,0,'McKee',0,10000,0,'McKee',0,10000,0,'McKee',0,10000,0,'McKee',0,10000,0,'McKee',0,10000,0,'McKee',0,5200,0,'McKee',0,10000,0,'McKee',0,10000,0,'McKee',0,10000,0,'McKee',0,10000,0,'McKee',0,10000,0,'McKee',0,10000,0,'McKee',0,10000,0,'McKee',0,10000,0,'McKee',0,10000,0,'McKee',0
'1383',1501,90900,,'',0,20000,,'',0,40000,,'',0,20000,,'',0
'1386',1501,62500,,'',0,8000,,'',0,11600,,'',0,68800,,'',0,20000,,'',0,4000,,'',0
'1387',1501,90900,,'',0,20000,,'',0,40000,,'',0,20000,,'',0
'1618',1501,62500,,'',0,8000,,'',0,11600,,'',0,68800,,'',0,20000,,'',0,4000,,'',0
