'1185',100,60800,0,'UFV',0,3000,0,'UFV',0,6700,0,'UFV',0,3100,0,'UFV',0,1800,0,'UFV',0,4900,0,'UFV',0,900,0,'UFV',0,1800,0,'UFV',0,1800,0,'UFV',0,5800,0,'UFV',0,1800,0,'UFV',0,1800,0,'UFV',0,5800,0,'UFV',0,1900,0,'UFV',0,2400,0,'UFV',0,6300,0,'UFV',0,2300,0,'UFV',0,2200,0,'UFV',0,6300,0,'UFV',0,2300,0,'UFV',0,6300,0,'UFV',0,2300,0,'UFV',0,2300,0,'UFV',0,6300,0,'UFV',0,2300,0,'UFV',0,2300,0,'UFV',0,6300,0,'UFV',0,1800,0,'UFV',0,1800,0,'UFV',0,5800,0,'UFV',0,1800,0,'UFV',0,1800,0,'UFV',0,5800,0,'UFV',0,1800,0,'UFV',0,1800,0,'UFV',0,5800,0,'UFV',0,1800,0,'UFV',0,2000,0,'UFV',0,7200,0,'UFV',0,3200,0,'UFV',0,6800,0,'UFV',0,3000,0,'UFV',0,7000,0,'UFV',0,3000,0,'UFV',0,7000,0,'UFV',0
'1192',100,60800,0,'UFV',0,3000,0,'UFV',0,6700,0,'UFV',0,3100,0,'UFV',0,1800,0,'UFV',0,4900,0,'UFV',0,900,0,'UFV',0,1800,0,'UFV',0,1800,0,'UFV',0,5800,0,'UFV',0,1800,0,'UFV',0,1800,0,'UFV',0,5800,0,'UFV',0,1900,0,'UFV',0,2400,0,'UFV',0,6300,0,'UFV',0,2300,0,'UFV',0,2200,0,'UFV',0,6300,0,'UFV',0,2300,0,'UFV',0,6300,0,'UFV',0,2300,0,'UFV',0,2300,0,'UFV',0,6300,0,'UFV',0,2300,0,'UFV',0,2300,0,'UFV',0,6300,0,'UFV',0,1800,0,'UFV',0,1800,0,'UFV',0,5800,0,'UFV',0,1800,0,'UFV',0,1800,0,'UFV',0,5800,0,'UFV',0,1800,0,'UFV',0,1800,0,'UFV',0,5800,0,'UFV',0,1800,0,'UFV',0,2000,0,'UFV',0,7200,0,'UFV',0,3200,0,'UFV',0,6800,0,'UFV',0,3000,0,'UFV',0,7000,0,'UFV',0,3000,0,'UFV',0,7000,0,'UFV',0
'1313',100,63500,0,'UFV',0,7000,0,'UFV',0,3000,0,'UFV',0,7000,0,'UFV',0,3000,0,'UFV',0,7000,0,'UFV',0,3000,0,'UFV',0,7000,0,'UFV',0,3000,0,'UFV',0,7000,0,'UFV',0,3000,0,'UFV',0,7000,0,'UFV',0,3000,0,'UFV',0,7000,0,'UFV',0,3000,0,'UFV',0,7000,0,'UFV',0,3000,0,'UFV',0,7000,0,'UFV',0,3000,0,'UFV',0,7000,0,'UFV',0,3000,0,'UFV',0,7000,0,'UFV',0,3000,0,'UFV',0,7000,0,'UFV',0,3000,0,'UFV',0,7000,0,'UFV',0,3000,0,'UFV',0,7000,0,'UFV',0,3000,0,'UFV',0,7000,0,'UFV',0,3000,0,'UFV',0,7000,0,'UFV',0,3000,0,'UFV',0
'1314',100,62500,0,'UFV',0,8500,0,'UFV',0,4500,0,'UFV',0,8500,0,'UFV',0,8500,0,'UFV',0,8500,0,'UFV',0,4500,0,'UFV',0,8500,0,'UFV',0,8500,0,'UFV',0,8500,0,'UFV',0,4500,0,'UFV',0,8500,0,'UFV',0,8500,0,'UFV',0,8500,0,'UFV',0,4500,0,'UFV',0,8500,0,'UFV',0,8500,0,'UFV',0,8500,0,'UFV',0,4500,0,'UFV',0
'1407',100,62500,0,'UFV',0,8500,0,'UFV',0,4500,0,'UFV',0,8500,0,'UFV',0,8500,0,'UFV',0,8500,0,'UFV',0,4500,0,'UFV',0,8500,0,'UFV',0,8500,0,'UFV',0,8500,0,'UFV',0,4500,0,'UFV',0,8500,0,'UFV',0,8500,0,'UFV',0,8500,0,'UFV',0,4500,0,'UFV',0,8500,0,'UFV',0,8500,0,'UFV',0,8500,0,'UFV',0,4500,0,'UFV',0
'1408',100,63500,0,'UFV',0,7000,0,'UFV',0,3000,0,'UFV',0,7000,0,'UFV',0,3000,0,'UFV',0,7000,0,'UFV',0,3000,0,'UFV',0,7000,0,'UFV',0,3000,0,'UFV',0,7000,0,'UFV',0,3000,0,'UFV',0,7000,0,'UFV',0,3000,0,'UFV',0,7000,0,'UFV',0,3000,0,'UFV',0,7000,0,'UFV',0,3000,0,'UFV',0,7000,0,'UFV',0,3000,0,'UFV',0,7000,0,'UFV',0,3000,0,'UFV',0,7000,0,'UFV',0,3000,0,'UFV',0,7000,0,'UFV',0,3000,0,'UFV',0,7000,0,'UFV',0,3000,0,'UFV',0,7000,0,'UFV',0,3000,0,'UFV',0,7000,0,'UFV',0,3000,0,'UFV',0,7000,0,'UFV',0,3000,0,'UFV',0
'927',100,62500,0,'UFV',0,8500,0,'UFV',0,4500,0,'UFV',0,8500,0,'UFV',0,8500,0,'UFV',0,8500,0,'UFV',0,4500,0,'UFV',0,8500,0,'UFV',0,8500,0,'UFV',0,8500,0,'UFV',0,4500,0,'UFV',0,8500,0,'UFV',0,8500,0,'UFV',0,8500,0,'UFV',0,4500,0,'UFV',0,8500,0,'UFV',0,8500,0,'UFV',0,8500,0,'UFV',0,4500,0,'UFV',0
'1313',501,63700,,'',0,10000,,'',0,10000,,'',0,10000,,'',0,10000,,'',0,7000,,'',0,3000,,'',0,7000,,'',0,3000,,'',0,7000,,'',0,3000,,'',0,7000,,'',0,3000,,'',0,7000,,'',0,3000,,'',0,7000,,'',0,3000,,'',0,7000,,'',0,3000,,'',0,7000,,'',0,3900,,'',0
'1314',501,64200,,'',0,10000,,'',0,10000,,'',0,10000,,'',0,10000,,'',0,10000,,'',0,10000,,'',0,10000,,'',0,10000,,'',0,10000,,'',0,10000,,'',0,10000,,'',0,10000,,'',0
'1407',501,64200,,'',0,10000,,'',0,10000,,'',0,10000,,'',0,10000,,'',0,10000,,'',0,10000,,'',0,10000,,'',0,10000,,'',0,10000,,'',0,10000,,'',0,10000,,'',0,10000,,'',0
'1408',501,63700,,'',0,10000,,'',0,10000,,'',0,10000,,'',0,10000,,'',0,7000,,'',0,3000,,'',0,7000,,'',0,3000,,'',0,7000,,'',0,3000,,'',0,7000,,'',0,3000,,'',0,7000,,'',0,3000,,'',0,7000,,'',0,3000,,'',0,7000,,'',0,3000,,'',0,7000,,'',0,3900,,'',0
'927',501,64200,,'',0,10000,,'',0,10000,,'',0,10000,,'',0,10000,,'',0,10000,,'',0,10000,,'',0,10000,,'',0,10000,,'',0,10000,,'',0,10000,,'',0,10000,,'',0,10000,,'',0
'1313',700,193900,0,'Sumas Mtn',0,10000,0,'Sumas Mtn',0,16900,0,'Sumas Mtn',0
'1314',700,55800,0,'Sumas Mtn',0,16400,0,'Sumas Mtn',0,13000,0,'Sumas Mtn',0,17000,0,'Sumas Mtn',0,13000,0,'To McMillan',0,17000,0,'Sumas Mtn',0,13000,0,'Sumas Mtn',0,17000,0,'To McMillan',0,13300,0,'Sumas Mtn',0,16300,0,'Sumas Mtn',0
'1407',700,55800,0,'Sumas Mtn',0,16400,0,'Sumas Mtn',0,13000,0,'Sumas Mtn',0,17000,0,'Sumas Mtn',0,13000,0,'To McMillan',0,17000,0,'Sumas Mtn',0,13000,0,'Sumas Mtn',0,17000,0,'To McMillan',0,13300,0,'Sumas Mtn',0,16300,0,'Sumas Mtn',0
'1408',700,193900,0,'Sumas Mtn',0,10000,0,'Sumas Mtn',0,16900,0,'Sumas Mtn',0
'927',700,55800,0,'Sumas Mtn',0,16400,0,'Sumas Mtn',0,13000,0,'Sumas Mtn',0,17000,0,'Sumas Mtn',0,13000,0,'To McMillan',0,17000,0,'Sumas Mtn',0,13000,0,'Sumas Mtn',0,17000,0,'To McMillan',0,13300,0,'Sumas Mtn',0,16300,0,'Sumas Mtn',0
