'1185',100,54200,0,'Bourquin Exch',0,1500,0,'UFV',0,7000,0,'UFV',0,2700,0,'UFV',0,7100,0,'UFV',0,1800,0,'UFV',0,5800,0,'UFV',0,1800,0,'UFV',0,1800,0,'UFV',0,1800,0,'UFV',0,5800,0,'UFV',0,1800,0,'UFV',0,1800,0,'UFV',0,5900,0,'UFV',0,2400,0,'UFV',0,2300,0,'UFV',0,6300,0,'UFV',0,2200,0,'UFV',0,6300,0,'UFV',0,2300,0,'UFV',0,2300,0,'UFV',0,6300,0,'UFV',0,2300,0,'UFV',0,2300,0,'UFV',0,6300,0,'UFV',0,2300,0,'UFV',0,6300,0,'UFV',0,1800,0,'UFV',0,1800,0,'UFV',0,5800,0,'UFV',0,1800,0,'UFV',0,1800,0,'UFV',0,1800,0,'UFV',0,5800,0,'UFV',0,1800,0,'UFV',0,1800,0,'UFV',0,5800,0,'UFV',0,2000,0,'UFV',0,3200,0,'UFV',0,7200,0,'UFV',0,2800,0,'UFV',0,7000,0,'UFV',0,3000,0,'UFV',0,7000,0,'UFV',0,3000,0,'UFV',0,7000,0,'Bourquin Exch',0
'1192',100,54200,0,'Bourquin Exch',0,1500,0,'UFV',0,7000,0,'UFV',0,2700,0,'UFV',0,7100,0,'UFV',0,1800,0,'UFV',0,5800,0,'UFV',0,1800,0,'UFV',0,1800,0,'UFV',0,1800,0,'UFV',0,5800,0,'UFV',0,1800,0,'UFV',0,1800,0,'UFV',0,5900,0,'UFV',0,2400,0,'UFV',0,2300,0,'UFV',0,6300,0,'UFV',0,2200,0,'UFV',0,6300,0,'UFV',0,2300,0,'UFV',0,2300,0,'UFV',0,6300,0,'UFV',0,2300,0,'UFV',0,2300,0,'UFV',0,6300,0,'UFV',0,2300,0,'UFV',0,6300,0,'UFV',0,1800,0,'UFV',0,1800,0,'UFV',0,5800,0,'UFV',0,1800,0,'UFV',0,1800,0,'UFV',0,1800,0,'UFV',0,5800,0,'UFV',0,1800,0,'UFV',0,1800,0,'UFV',0,5800,0,'UFV',0,2000,0,'UFV',0,3200,0,'UFV',0,7200,0,'UFV',0,2800,0,'UFV',0,7000,0,'UFV',0,3000,0,'UFV',0,7000,0,'UFV',0,3000,0,'UFV',0,7000,0,'Bourquin Exch',0
'1314',100,61400,0,'UFV',0,4500,0,'UFV',0,8500,0,'UFV',0,8500,0,'UFV',0,8500,0,'UFV',0,4500,0,'UFV',0,8500,0,'UFV',0,8500,0,'UFV',0,8500,0,'UFV',0,4500,0,'UFV',0,8500,0,'UFV',0,8500,0,'UFV',0,8500,0,'UFV',0,4500,0,'UFV',0,8500,0,'UFV',0,8500,0,'UFV',0,8500,0,'UFV',0,4500,0,'UFV',0,8500,0,'UFV',0
'1407',100,61400,0,'UFV',0,4500,0,'UFV',0,8500,0,'UFV',0,8500,0,'UFV',0,8500,0,'UFV',0,4500,0,'UFV',0,8500,0,'UFV',0,8500,0,'UFV',0,8500,0,'UFV',0,4500,0,'UFV',0,8500,0,'UFV',0,8500,0,'UFV',0,8500,0,'UFV',0,4500,0,'UFV',0,8500,0,'UFV',0,8500,0,'UFV',0,8500,0,'UFV',0,4500,0,'UFV',0,8500,0,'UFV',0
'1408',100,62400,0,'UFV',0,3000,0,'UFV',0,7000,0,'UFV',0,3000,0,'UFV',0,7000,0,'UFV',0,3000,0,'UFV',0,7000,0,'UFV',0,3000,0,'UFV',0,7000,0,'UFV',0,3000,0,'UFV',0,7000,0,'UFV',0,3000,0,'UFV',0,7000,0,'UFV',0,3000,0,'UFV',0,7000,0,'UFV',0,3000,0,'UFV',0,7000,0,'UFV',0,3000,0,'UFV',0,7000,0,'UFV',0,3000,0,'UFV',0,7000,0,'UFV',0,3000,0,'UFV',0,7000,0,'UFV',0,3000,0,'UFV',0,7000,0,'UFV',0,3000,0,'UFV',0,7000,0,'UFV',0,3000,0,'UFV',0,7000,0,'UFV',0,3000,0,'UFV',0,7000,0,'UFV',0,3000,0,'UFV',0,7000,0,'UFV',0
'927',100,61400,0,'UFV',0,4500,0,'UFV',0,8500,0,'UFV',0,8500,0,'UFV',0,8500,0,'UFV',0,4500,0,'UFV',0,8500,0,'UFV',0,8500,0,'UFV',0,8500,0,'UFV',0,4500,0,'UFV',0,8500,0,'UFV',0,8500,0,'UFV',0,8500,0,'UFV',0,4500,0,'UFV',0,8500,0,'UFV',0,8500,0,'UFV',0,8500,0,'UFV',0,4500,0,'UFV',0,8500,0,'UFV',0
'1185',200,55000,0,'McMillan',0,7000,0,'McMillan',0,3000,0,'McMillan',0,7000,0,'McMillan',0,2000,0,'McMillan',0,6000,0,'McMillan',0,2000,0,'McMillan',0,2000,0,'McMillan',0,6000,0,'McMillan',0,2000,0,'McMillan',0,2000,0,'McMillan',0,6000,0,'McMillan',0,2000,0,'McMillan',0,2300,0,'McMillan',0,6300,0,'McMillan',0,2300,0,'McMillan',0,2300,0,'McMillan',0,6300,0,'McMillan',0,2300,0,'McMillan',0,6300,0,'McMillan',0,2300,0,'McMillan',0,2300,0,'McMillan',0,6300,0,'McMillan',0,2300,0,'McMillan',0,2300,0,'McMillan',0,6000,0,'McMillan',0,2000,0,'McMillan',0,2000,0,'McMillan',0,6000,0,'McMillan',0,2000,0,'McMillan',0,2000,0,'McMillan',0,6000,0,'McMillan',0,2000,0,'McMillan',0,2000,0,'McMillan',0,6000,0,'McMillan',0,3000,0,'McMillan',0,7000,0,'McMillan',0,3000,0,'McMillan',0,7000,0,'McMillan',0,3000,0,'McMillan',0,7000,0,'McMillan',0,3000,0,'McMillan',0
'1192',200,55000,0,'McMillan',0,7000,0,'McMillan',0,3000,0,'McMillan',0,7000,0,'McMillan',0,2000,0,'McMillan',0,6000,0,'McMillan',0,2000,0,'McMillan',0,2000,0,'McMillan',0,6000,0,'McMillan',0,2000,0,'McMillan',0,2000,0,'McMillan',0,6000,0,'McMillan',0,2000,0,'McMillan',0,2300,0,'McMillan',0,6300,0,'McMillan',0,2300,0,'McMillan',0,2300,0,'McMillan',0,6300,0,'McMillan',0,2300,0,'McMillan',0,6300,0,'McMillan',0,2300,0,'McMillan',0,2300,0,'McMillan',0,6300,0,'McMillan',0,2300,0,'McMillan',0,2300,0,'McMillan',0,6000,0,'McMillan',0,2000,0,'McMillan',0,2000,0,'McMillan',0,6000,0,'McMillan',0,2000,0,'McMillan',0,2000,0,'McMillan',0,6000,0,'McMillan',0,2000,0,'McMillan',0,2000,0,'McMillan',0,6000,0,'McMillan',0,3000,0,'McMillan',0,7000,0,'McMillan',0,3000,0,'McMillan',0,7000,0,'McMillan',0,3000,0,'McMillan',0,7000,0,'McMillan',0,3000,0,'McMillan',0
'1314',200,63500,0,'McMillan',0,8500,0,'McMillan',0,8500,0,'McMillan',0,4500,0,'McMillan',0,8500,0,'McMillan',0,8500,0,'McMillan',0,8500,0,'McMillan',0,4500,0,'McMillan',0,8500,0,'McMillan',0,8500,0,'McMillan',0,8500,0,'McMillan',0,4500,0,'McMillan',0,8500,0,'McMillan',0,8500,0,'McMillan',0,8500,0,'McMillan',0,4500,0,'McMillan',0,8500,0,'McMillan',0,8500,0,'McMillan',0,8500,0,'McMillan',0
'1407',200,63500,0,'McMillan',0,8500,0,'McMillan',0,8500,0,'McMillan',0,4500,0,'McMillan',0,8500,0,'McMillan',0,8500,0,'McMillan',0,8500,0,'McMillan',0,4500,0,'McMillan',0,8500,0,'McMillan',0,8500,0,'McMillan',0,8500,0,'McMillan',0,4500,0,'McMillan',0,8500,0,'McMillan',0,8500,0,'McMillan',0,8500,0,'McMillan',0,4500,0,'McMillan',0,8500,0,'McMillan',0,8500,0,'McMillan',0,8500,0,'McMillan',0
'1408',200,63500,0,'McMillan',0,7000,0,'McMillan',0,3000,0,'McMillan',0,7000,0,'McMillan',0,3000,0,'McMillan',0,7000,0,'McMillan',0,3000,0,'McMillan',0,7000,0,'McMillan',0,3000,0,'McMillan',0,7000,0,'McMillan',0,3000,0,'McMillan',0,7000,0,'McMillan',0,3000,0,'McMillan',0,7000,0,'McMillan',0,3000,0,'McMillan',0,7000,0,'McMillan',0,3000,0,'McMillan',0,7000,0,'McMillan',0,3000,0,'McMillan',0,7000,0,'McMillan',0,3000,0,'McMillan',0,7000,0,'McMillan',0,3000,0,'McMillan',0,7000,0,'McMillan',0,3000,0,'McMillan',0,7000,0,'McMillan',0,3000,0,'McMillan',0,7000,0,'McMillan',0,3000,0,'McMillan',0,7000,0,'McMillan',0,3000,0,'McMillan',0,7000,0,'McMillan',0,3000,0,'McMillan',0
'927',200,63500,0,'McMillan',0,8500,0,'McMillan',0,8500,0,'McMillan',0,4500,0,'McMillan',0,8500,0,'McMillan',0,8500,0,'McMillan',0,8500,0,'McMillan',0,4500,0,'McMillan',0,8500,0,'McMillan',0,8500,0,'McMillan',0,8500,0,'McMillan',0,4500,0,'McMillan',0,8500,0,'McMillan',0,8500,0,'McMillan',0,8500,0,'McMillan',0,4500,0,'McMillan',0,8500,0,'McMillan',0,8500,0,'McMillan',0,8500,0,'McMillan',0
'1185',1700,65700,,'',0,6400,,'',0,8700,,'',0,32500,,'',0,40500,,'',0,8500,,'',0,3000,,'',0,8500,,'',0,6800,,'',0
'1192',1700,65700,,'',0,6400,,'',0,8700,,'',0,32500,,'',0,40500,,'',0,8500,,'',0,3000,,'',0,8500,,'',0,6800,,'',0
'1185',2100,70000,,'',0,2600,,'',0,9700,,'',0,10200,,'',0,11900,,'',0,21200,,'',0,19900,,'',0,10200,,'',0,10100,,'',0,19600,,'',0,15200,,'',0
'1192',2100,70000,,'',0,2600,,'',0,9700,,'',0,10200,,'',0,11900,,'',0,21200,,'',0,19900,,'',0,10200,,'',0,10100,,'',0,19600,,'',0,15200,,'',0
'1314',2100,100600,,'',0,11400,,'',0,11100,,'',0,22500,,'',0,16400,,'',0,11100,,'',0
'1407',2100,100600,,'',0,11400,,'',0,11100,,'',0,22500,,'',0,16400,,'',0,11100,,'',0
'1408',2100,92800,,'',0,19300,,'',0,12200,,'',0,30100,,'',0,20000,,'',0,18200,,'',0
'927',2100,100600,,'',0,11400,,'',0,11100,,'',0,22500,,'',0,16400,,'',0,11100,,'',0
'1185',2400,144500,0,'Ctr Loop',0
