'1378',3200,85800,,'',0,9500,,'',0,10200,,'',0,14500,,'',0,10600,,'',0,10500,,'',0,10500,,'',0,10500,,'',0,10500,,'',0,9800,,'',0
'1378',3201,85800,4,'',0,9500,4,'',0,10200,4,'',0,14500,4,'',0,10600,4,'',0,10500,4,'',0,10500,4,'',0,10500,4,'',0,10500,4,'',0,9800,4,'',0
'1383',3200,75800,,'',0,7000,,'',0,3000,,'',0,7000,,'',0,3000,,'',0,7000,,'',0,7600,,'',0,3500,,'',0,7600,,'',0,3500,,'',0,7500,,'',0,7500,,'',0,3500,,'',0,7500,,'',0,3500,,'',0,7500,,'',0,3500,,'',0,7500,,'',0,7400,,'',0,3500,,'',0,7500,,'',0,3500,,'',0,7000,,'',0,3500,,'',0,16300,,'',0
'1383',3201,75800,4,'',0,7000,4,'',0,3000,4,'',0,7000,4,'',0,3000,4,'',0,7000,4,'',0,7600,4,'',0,3500,4,'',0,7600,4,'',0,3500,4,'',0,7500,4,'',0,7500,4,'',0,3500,4,'',0,7500,4,'',0,3500,4,'',0,7500,4,'',0,3500,4,'',0,7500,4,'',0,7400,4,'',0,3500,4,'',0,7500,4,'',0,3500,4,'',0,7000,4,'',0,3500,4,'',0,16300,4,'',0
'1386',3200,60500,,'',0,3000,,'',0,7000,,'',0,2600,,'',0,7000,,'',0,2900,,'',0,7300,,'',0,3500,,'',0,7500,,'',0,3500,,'',0,7600,,'',0,3500,,'',0,7500,,'',0,7500,,'',0,3500,,'',0,7500,,'',0,3600,,'',0,7900,,'',0,7600,,'',0,3500,,'',0,8100,,'',0,7400,,'',0,3500,,'',0,8000,,'',0,4000,,'',0,8000,,'',0,8000,,'',0,10300,,'',0
'1386',3201,60500,4,'',0,3000,4,'',0,7000,4,'',0,2600,4,'',0,7000,4,'',0,2900,4,'',0,7300,4,'',0,3500,4,'',0,7500,4,'',0,3500,4,'',0,7600,4,'',0,3500,4,'',0,7500,4,'',0,7500,4,'',0,3500,4,'',0,7500,4,'',0,3600,4,'',0,7900,4,'',0,7600,4,'',0,3500,4,'',0,8100,4,'',0,7400,4,'',0,3500,4,'',0,8000,4,'',0,4000,4,'',0,8000,4,'',0,8000,4,'',0,10300,4,'',0
'1387',3200,75800,,'',0,7000,,'',0,3000,,'',0,7000,,'',0,3000,,'',0,7000,,'',0,7600,,'',0,3500,,'',0,7600,,'',0,3500,,'',0,7500,,'',0,7500,,'',0,3500,,'',0,7500,,'',0,3500,,'',0,7500,,'',0,3500,,'',0,7500,,'',0,7400,,'',0,3500,,'',0,7500,,'',0,3500,,'',0,7000,,'',0,3500,,'',0,16300,,'',0
'1387',3201,75800,4,'',0,7000,4,'',0,3000,4,'',0,7000,4,'',0,3000,4,'',0,7000,4,'',0,7600,4,'',0,3500,4,'',0,7600,4,'',0,3500,4,'',0,7500,4,'',0,7500,4,'',0,3500,4,'',0,7500,4,'',0,3500,4,'',0,7500,4,'',0,3500,4,'',0,7500,4,'',0,7400,4,'',0,3500,4,'',0,7500,4,'',0,3500,4,'',0,7000,4,'',0,3500,4,'',0,16300,4,'',0
'1388',3200,85800,,'',0,9500,,'',0,10200,,'',0,14500,,'',0,10600,,'',0,10500,,'',0,10500,,'',0,10500,,'',0,10500,,'',0,9800,,'',0
'1388',3201,85800,4,'',0,9500,4,'',0,10200,4,'',0,14500,4,'',0,10600,4,'',0,10500,4,'',0,10500,4,'',0,10500,4,'',0,10500,4,'',0,9800,4,'',0
'1618',3200,60500,,'',0,3000,,'',0,7000,,'',0,2600,,'',0,7000,,'',0,2900,,'',0,7300,,'',0,3500,,'',0,7500,,'',0,3500,,'',0,7600,,'',0,3500,,'',0,7500,,'',0,7500,,'',0,3500,,'',0,7500,,'',0,3600,,'',0,7900,,'',0,7600,,'',0,3500,,'',0,8100,,'',0,7400,,'',0,3500,,'',0,8000,,'',0,4000,,'',0,8000,,'',0,8000,,'',0,10300,,'',0
'1618',3201,60500,4,'',0,3000,4,'',0,7000,4,'',0,2600,4,'',0,7000,4,'',0,2900,4,'',0,7300,4,'',0,3500,4,'',0,7500,4,'',0,3500,4,'',0,7600,4,'',0,3500,4,'',0,7500,4,'',0,7500,4,'',0,3500,4,'',0,7500,4,'',0,3600,4,'',0,7900,4,'',0,7600,4,'',0,3500,4,'',0,8100,4,'',0,7400,4,'',0,3500,4,'',0,8000,4,'',0,4000,4,'',0,8000,4,'',0,8000,4,'',0,10300,4,'',0
