'1378',100,61700,0,'UFV',0,8500,0,'UFV',0,4500,0,'UFV',0,8500,0,'UFV',0,8500,0,'UFV',0,8500,0,'UFV',0,4500,0,'UFV',0,8500,0,'UFV',0,8500,0,'UFV',0,8500,0,'UFV',0,4500,0,'UFV',0,8500,0,'UFV',0,8500,0,'UFV',0,8500,0,'UFV',0,4500,0,'UFV',0,8500,0,'UFV',0,8500,0,'UFV',0,8500,0,'UFV',0,4500,0,'UFV',0
'1383',100,62700,0,'UFV',0,3000,0,'UFV',0,7000,0,'UFV',0,3000,0,'UFV',0,7000,0,'UFV',0,3000,0,'UFV',0,7000,0,'UFV',0,3000,0,'UFV',0,7000,0,'UFV',0,3000,0,'UFV',0,7000,0,'UFV',0,3000,0,'UFV',0,7000,0,'UFV',0,3000,0,'UFV',0,7000,0,'UFV',0,3000,0,'UFV',0,7000,0,'UFV',0,3000,0,'UFV',0,7000,0,'UFV',0,3000,0,'UFV',0,7000,0,'UFV',0,3000,0,'UFV',0,7000,0,'UFV',0,3000,0,'UFV',0,7000,0,'UFV',0,3000,0,'UFV',0,7000,0,'UFV',0,3000,0,'UFV',0,7000,0,'UFV',0,3000,0,'UFV',0,7000,0,'UFV',0,3000,0,'UFV',0,7000,0,'UFV',0
'1386',100,54500,0,'Bourquin Exch',0,5500,0,'UFV',0,3000,0,'UFV',0,2700,0,'UFV',0,7100,0,'UFV',0,1800,0,'UFV',0,5800,0,'UFV',0,1800,0,'UFV',0,1800,0,'UFV',0,1800,0,'UFV',0,5800,0,'UFV',0,1800,0,'UFV',0,1800,0,'UFV',0,5900,0,'UFV',0,2400,0,'UFV',0,2300,0,'UFV',0,6300,0,'UFV',0,2200,0,'UFV',0,6300,0,'UFV',0,2300,0,'UFV',0,2300,0,'UFV',0,6300,0,'UFV',0,2300,0,'UFV',0,6300,0,'UFV',0,2300,0,'UFV',0,2300,0,'UFV',0,6300,0,'UFV',0,1800,0,'UFV',0,1800,0,'UFV',0,5800,0,'UFV',0,1800,0,'UFV',0,1800,0,'UFV',0,1800,0,'UFV',0,5800,0,'UFV',0,1800,0,'UFV',0,1800,0,'UFV',0,5800,0,'UFV',0,2000,0,'UFV',0,7200,0,'UFV',0,3200,0,'UFV',0,6800,0,'UFV',0,3000,0,'UFV',0,7000,0,'UFV',0,3000,0,'UFV',0,7000,0,'UFV',0,3000,0,'Bourquin Exch',0
'1387',100,62700,0,'UFV',0,3000,0,'UFV',0,7000,0,'UFV',0,3000,0,'UFV',0,7000,0,'UFV',0,3000,0,'UFV',0,7000,0,'UFV',0,3000,0,'UFV',0,7000,0,'UFV',0,3000,0,'UFV',0,7000,0,'UFV',0,3000,0,'UFV',0,7000,0,'UFV',0,3000,0,'UFV',0,7000,0,'UFV',0,3000,0,'UFV',0,7000,0,'UFV',0,3000,0,'UFV',0,7000,0,'UFV',0,3000,0,'UFV',0,7000,0,'UFV',0,3000,0,'UFV',0,7000,0,'UFV',0,3000,0,'UFV',0,7000,0,'UFV',0,3000,0,'UFV',0,7000,0,'UFV',0,3000,0,'UFV',0,7000,0,'UFV',0,3000,0,'UFV',0,7000,0,'UFV',0,3000,0,'UFV',0,7000,0,'UFV',0
'1388',100,61700,0,'UFV',0,8500,0,'UFV',0,4500,0,'UFV',0,8500,0,'UFV',0,8500,0,'UFV',0,8500,0,'UFV',0,4500,0,'UFV',0,8500,0,'UFV',0,8500,0,'UFV',0,8500,0,'UFV',0,4500,0,'UFV',0,8500,0,'UFV',0,8500,0,'UFV',0,8500,0,'UFV',0,4500,0,'UFV',0,8500,0,'UFV',0,8500,0,'UFV',0,8500,0,'UFV',0,4500,0,'UFV',0
'1618',100,54500,0,'Bourquin Exch',0,5500,0,'UFV',0,3000,0,'UFV',0,2700,0,'UFV',0,7100,0,'UFV',0,1800,0,'UFV',0,5800,0,'UFV',0,1800,0,'UFV',0,1800,0,'UFV',0,1800,0,'UFV',0,5800,0,'UFV',0,1800,0,'UFV',0,1800,0,'UFV',0,5900,0,'UFV',0,2400,0,'UFV',0,2300,0,'UFV',0,6300,0,'UFV',0,2200,0,'UFV',0,6300,0,'UFV',0,2300,0,'UFV',0,2300,0,'UFV',0,6300,0,'UFV',0,2300,0,'UFV',0,6300,0,'UFV',0,2300,0,'UFV',0,2300,0,'UFV',0,6300,0,'UFV',0,1800,0,'UFV',0,1800,0,'UFV',0,5800,0,'UFV',0,1800,0,'UFV',0,1800,0,'UFV',0,1800,0,'UFV',0,5800,0,'UFV',0,1800,0,'UFV',0,1800,0,'UFV',0,5800,0,'UFV',0,2000,0,'UFV',0,7200,0,'UFV',0,3200,0,'UFV',0,6800,0,'UFV',0,3000,0,'UFV',0,7000,0,'UFV',0,3000,0,'UFV',0,7000,0,'UFV',0,3000,0,'Bourquin Exch',0
'1378',200,63800,0,'McMillan',0,8500,0,'McMillan',0,8500,0,'McMillan',0,4500,0,'McMillan',0,8500,0,'McMillan',0,8500,0,'McMillan',0,8500,0,'McMillan',0,4500,0,'McMillan',0,8500,0,'McMillan',0,8500,0,'McMillan',0,8500,0,'McMillan',0,4500,0,'McMillan',0,8500,0,'McMillan',0,8500,0,'McMillan',0,8500,0,'McMillan',0,4500,0,'McMillan',0,8500,0,'McMillan',0,8500,0,'McMillan',0,8500,0,'McMillan',0
'1383',200,63800,0,'McMillan',0,7000,0,'McMillan',0,3000,0,'McMillan',0,7000,0,'McMillan',0,3000,0,'McMillan',0,7000,0,'McMillan',0,3000,0,'McMillan',0,7000,0,'McMillan',0,3000,0,'McMillan',0,7000,0,'McMillan',0,3000,0,'McMillan',0,7000,0,'McMillan',0,3000,0,'McMillan',0,7000,0,'McMillan',0,3000,0,'McMillan',0,7000,0,'McMillan',0,3000,0,'McMillan',0,7000,0,'McMillan',0,3000,0,'McMillan',0,7000,0,'McMillan',0,3000,0,'McMillan',0,7000,0,'McMillan',0,3000,0,'McMillan',0,7000,0,'McMillan',0,3000,0,'McMillan',0,7000,0,'McMillan',0,3000,0,'McMillan',0,7000,0,'McMillan',0,3000,0,'McMillan',0,7000,0,'McMillan',0,3000,0,'McMillan',0,7000,0,'McMillan',0,3000,0,'McMillan',0
'1386',200,55300,0,'McMillan',0,7000,0,'McMillan',0,3000,0,'McMillan',0,7000,0,'McMillan',0,2000,0,'McMillan',0,6000,0,'McMillan',0,2000,0,'McMillan',0,2000,0,'McMillan',0,6000,0,'McMillan',0,2000,0,'McMillan',0,2000,0,'McMillan',0,6000,0,'McMillan',0,2000,0,'McMillan',0,2300,0,'McMillan',0,6300,0,'McMillan',0,2300,0,'McMillan',0,2300,0,'McMillan',0,6300,0,'McMillan',0,2300,0,'McMillan',0,6300,0,'McMillan',0,2300,0,'McMillan',0,2300,0,'McMillan',0,6300,0,'McMillan',0,2300,0,'McMillan',0,2300,0,'McMillan',0,6000,0,'McMillan',0,2000,0,'McMillan',0,2000,0,'McMillan',0,6000,0,'McMillan',0,2000,0,'McMillan',0,2000,0,'McMillan',0,6000,0,'McMillan',0,2000,0,'McMillan',0,2000,0,'McMillan',0,6000,0,'McMillan',0,3000,0,'McMillan',0,7000,0,'McMillan',0,3000,0,'McMillan',0,7000,0,'McMillan',0,3000,0,'McMillan',0,7000,0,'McMillan',0,3000,0,'McMillan',0
'1387',200,63800,0,'McMillan',0,7000,0,'McMillan',0,3000,0,'McMillan',0,7000,0,'McMillan',0,3000,0,'McMillan',0,7000,0,'McMillan',0,3000,0,'McMillan',0,7000,0,'McMillan',0,3000,0,'McMillan',0,7000,0,'McMillan',0,3000,0,'McMillan',0,7000,0,'McMillan',0,3000,0,'McMillan',0,7000,0,'McMillan',0,3000,0,'McMillan',0,7000,0,'McMillan',0,3000,0,'McMillan',0,7000,0,'McMillan',0,3000,0,'McMillan',0,7000,0,'McMillan',0,3000,0,'McMillan',0,7000,0,'McMillan',0,3000,0,'McMillan',0,7000,0,'McMillan',0,3000,0,'McMillan',0,7000,0,'McMillan',0,3000,0,'McMillan',0,7000,0,'McMillan',0,3000,0,'McMillan',0,7000,0,'McMillan',0,3000,0,'McMillan',0,7000,0,'McMillan',0,3000,0,'McMillan',0
'1388',200,63800,0,'McMillan',0,8500,0,'McMillan',0,8500,0,'McMillan',0,4500,0,'McMillan',0,8500,0,'McMillan',0,8500,0,'McMillan',0,8500,0,'McMillan',0,4500,0,'McMillan',0,8500,0,'McMillan',0,8500,0,'McMillan',0,8500,0,'McMillan',0,4500,0,'McMillan',0,8500,0,'McMillan',0,8500,0,'McMillan',0,8500,0,'McMillan',0,4500,0,'McMillan',0,8500,0,'McMillan',0,8500,0,'McMillan',0,8500,0,'McMillan',0
'1618',200,55300,0,'McMillan',0,7000,0,'McMillan',0,3000,0,'McMillan',0,7000,0,'McMillan',0,2000,0,'McMillan',0,6000,0,'McMillan',0,2000,0,'McMillan',0,2000,0,'McMillan',0,6000,0,'McMillan',0,2000,0,'McMillan',0,2000,0,'McMillan',0,6000,0,'McMillan',0,2000,0,'McMillan',0,2300,0,'McMillan',0,6300,0,'McMillan',0,2300,0,'McMillan',0,2300,0,'McMillan',0,6300,0,'McMillan',0,2300,0,'McMillan',0,6300,0,'McMillan',0,2300,0,'McMillan',0,2300,0,'McMillan',0,6300,0,'McMillan',0,2300,0,'McMillan',0,2300,0,'McMillan',0,6000,0,'McMillan',0,2000,0,'McMillan',0,2000,0,'McMillan',0,6000,0,'McMillan',0,2000,0,'McMillan',0,2000,0,'McMillan',0,6000,0,'McMillan',0,2000,0,'McMillan',0,2000,0,'McMillan',0,6000,0,'McMillan',0,3000,0,'McMillan',0,7000,0,'McMillan',0,3000,0,'McMillan',0,7000,0,'McMillan',0,3000,0,'McMillan',0,7000,0,'McMillan',0,3000,0,'McMillan',0
'1386',1700,70200,,'',0,2400,,'',0,8700,,'',0,32500,,'',0,40500,,'',0,8500,,'',0,3000,,'',0,8300,,'',0,6800,,'',0
'1618',1700,70200,,'',0,2400,,'',0,8700,,'',0,32500,,'',0,40500,,'',0,8500,,'',0,3000,,'',0,8300,,'',0,6800,,'',0
'1378',2100,101100,,'',0,11400,,'',0,11100,,'',0,26500,,'',0,12400,,'',0,11100,,'',0
'1383',2100,93300,,'',0,19300,,'',0,12200,,'',0,30100,,'',0,20000,,'',0,18200,,'',0
'1386',2100,70500,,'',0,2600,,'',0,9700,,'',0,10200,,'',0,11900,,'',0,25200,,'',0,19900,,'',0,10200,,'',0,10100,,'',0,15600,,'',0,15200,,'',0
'1387',2100,93300,,'',0,19300,,'',0,12200,,'',0,30100,,'',0,20000,,'',0,18200,,'',0
'1388',2100,101100,,'',0,11400,,'',0,11100,,'',0,26500,,'',0,12400,,'',0,11100,,'',0
'1618',2100,70500,,'',0,2600,,'',0,9700,,'',0,10200,,'',0,11900,,'',0,25200,,'',0,19900,,'',0,10200,,'',0,10100,,'',0,15600,,'',0,15200,,'',0
