'1185',100,62400,4,'',0,3000,4,'',0,6700,4,'',0,3100,4,'',0,5800,4,'',0,900,4,'',0,900,4,'',0,1800,4,'',0,5800,4,'',0,1800,4,'',0,1800,4,'',0,1900,4,'',0,5800,4,'',0,1900,4,'',0,6400,4,'',0,2300,4,'',0,2300,4,'',0,6200,4,'',0,2300,4,'',0,2300,4,'',0,6300,4,'',0,2300,4,'',0,6300,4,'',0,2300,4,'',0,2300,4,'',0,6300,4,'',0,2300,4,'',0,1800,4,'',0,5800,4,'',0,1800,4,'',0,1800,4,'',0,5800,4,'',0,1800,4,'',0,1800,4,'',0,1800,4,'',0,5800,4,'',0,1800,4,'',0,1900,4,'',0,7200,4,'',0,3200,4,'',0,6800,4,'',0,3000,4,'',0,7000,4,'',0,3000,4,'',0,7000,4,'',0
'1185',101,53000,,'',0,7000,,'',0,3000,,'',0,7000,,'',0,2400,,'',0,1800,,'',0,5800,,'',0,1800,,'',0,1800,,'',0,1800,,'',0,5800,,'',0,2300,,'',0,2300,,'',0,6300,,'',0,2200,,'',0,6300,,'',0,2300,,'',0,2300,,'',0,6300,,'',0,2300,,'',0,6300,,'',0,2300,,'',0,2300,,'',0,6300,,'',0,1800,,'',0,1800,,'',0,5800,,'',0,1800,,'',0,1800,,'',0,1800,,'',0,5800,,'',0,1800,,'',0,1800,,'',0,5800,,'',0,1800,,'',0,1800,,'',0,5800,,'',0,3000,,'',0,7000,,'',0,3000,,'',0,7000,,'',0,3000,,'',0,7000,,'',0,3000,,'',0,7000,,'',0
'1192',100,62400,4,'',0,3000,4,'',0,6700,4,'',0,3100,4,'',0,5800,4,'',0,900,4,'',0,900,4,'',0,1800,4,'',0,5800,4,'',0,1800,4,'',0,1800,4,'',0,1900,4,'',0,5800,4,'',0,1900,4,'',0,6400,4,'',0,2300,4,'',0,2300,4,'',0,6200,4,'',0,2300,4,'',0,2300,4,'',0,6300,4,'',0,2300,4,'',0,6300,4,'',0,2300,4,'',0,2300,4,'',0,6300,4,'',0,2300,4,'',0,1800,4,'',0,5800,4,'',0,1800,4,'',0,1800,4,'',0,5800,4,'',0,1800,4,'',0,1800,4,'',0,1800,4,'',0,5800,4,'',0,1800,4,'',0,1900,4,'',0,7200,4,'',0,3200,4,'',0,6800,4,'',0,3000,4,'',0,7000,4,'',0,3000,4,'',0,7000,4,'',0
'1192',101,53000,,'',0,7000,,'',0,3000,,'',0,7000,,'',0,2400,,'',0,1800,,'',0,5800,,'',0,1800,,'',0,1800,,'',0,1800,,'',0,5800,,'',0,2300,,'',0,2300,,'',0,6300,,'',0,2200,,'',0,6300,,'',0,2300,,'',0,2300,,'',0,6300,,'',0,2300,,'',0,6300,,'',0,2300,,'',0,2300,,'',0,6300,,'',0,1800,,'',0,1800,,'',0,5800,,'',0,1800,,'',0,1800,,'',0,1800,,'',0,5800,,'',0,1800,,'',0,1800,,'',0,5800,,'',0,1800,,'',0,1800,,'',0,5800,,'',0,3000,,'',0,7000,,'',0,3000,,'',0,7000,,'',0,3000,,'',0,7000,,'',0,3000,,'',0,7000,,'',0
'1313',100,65100,4,'',0,7000,4,'',0,3000,4,'',0,7000,4,'',0,3000,4,'',0,7000,4,'',0,3000,4,'',0,7000,4,'',0,3000,4,'',0,7000,4,'',0,3000,4,'',0,7000,4,'',0,3000,4,'',0,7000,4,'',0,3000,4,'',0,7000,4,'',0,3000,4,'',0,7000,4,'',0,3000,4,'',0,7000,4,'',0,3000,4,'',0,7000,4,'',0,3000,4,'',0,7000,4,'',0,3000,4,'',0,7000,4,'',0,3000,4,'',0,7000,4,'',0,3000,4,'',0,7000,4,'',0,3000,4,'',0,7000,4,'',0,3000,4,'',0
'1313',101,60000,,'',0,3000,,'',0,7000,,'',0,3000,,'',0,7000,,'',0,3000,,'',0,7000,,'',0,3000,,'',0,7000,,'',0,3000,,'',0,7000,,'',0,3000,,'',0,7000,,'',0,3000,,'',0,7000,,'',0,3000,,'',0,7000,,'',0,3000,,'',0,7000,,'',0,3000,,'',0,7000,,'',0,3000,,'',0,7000,,'',0,3000,,'',0,7000,,'',0,3000,,'',0,7000,,'',0,3000,,'',0,7000,,'',0,3000,,'',0,7000,,'',0,3000,,'',0,7000,,'',0
'1314',100,64100,4,'',0,8500,4,'',0,8500,4,'',0,4500,4,'',0,8500,4,'',0,8500,4,'',0,8500,4,'',0,4500,4,'',0,8500,4,'',0,8500,4,'',0,8500,4,'',0,4500,4,'',0,8500,4,'',0,8500,4,'',0,8500,4,'',0,4500,4,'',0,8500,4,'',0,8500,4,'',0,8500,4,'',0
'1314',101,60600,,'',0,4500,,'',0,8500,,'',0,8500,,'',0,8500,,'',0,4500,,'',0,8500,,'',0,8500,,'',0,8500,,'',0,4500,,'',0,8500,,'',0,8500,,'',0,8500,,'',0,4500,,'',0,8500,,'',0,8500,,'',0,8500,,'',0,4500,,'',0,8500,,'',0
'1407',100,64100,4,'',0,8500,4,'',0,8500,4,'',0,4500,4,'',0,8500,4,'',0,8500,4,'',0,8500,4,'',0,4500,4,'',0,8500,4,'',0,8500,4,'',0,8500,4,'',0,4500,4,'',0,8500,4,'',0,8500,4,'',0,8500,4,'',0,4500,4,'',0,8500,4,'',0,8500,4,'',0,8500,4,'',0
'1407',101,60600,,'',0,4500,,'',0,8500,,'',0,8500,,'',0,8500,,'',0,4500,,'',0,8500,,'',0,8500,,'',0,8500,,'',0,4500,,'',0,8500,,'',0,8500,,'',0,8500,,'',0,4500,,'',0,8500,,'',0,8500,,'',0,8500,,'',0,4500,,'',0,8500,,'',0
'1408',100,65100,4,'',0,7000,4,'',0,3000,4,'',0,7000,4,'',0,3000,4,'',0,7000,4,'',0,3000,4,'',0,7000,4,'',0,3000,4,'',0,7000,4,'',0,3000,4,'',0,7000,4,'',0,3000,4,'',0,7000,4,'',0,3000,4,'',0,7000,4,'',0,3000,4,'',0,7000,4,'',0,3000,4,'',0,7000,4,'',0,3000,4,'',0,7000,4,'',0,3000,4,'',0,7000,4,'',0,3000,4,'',0,7000,4,'',0,3000,4,'',0,7000,4,'',0,3000,4,'',0,7000,4,'',0,3000,4,'',0,7000,4,'',0,3000,4,'',0
'1408',101,60000,,'',0,3000,,'',0,7000,,'',0,3000,,'',0,7000,,'',0,3000,,'',0,7000,,'',0,3000,,'',0,7000,,'',0,3000,,'',0,7000,,'',0,3000,,'',0,7000,,'',0,3000,,'',0,7000,,'',0,3000,,'',0,7000,,'',0,3000,,'',0,7000,,'',0,3000,,'',0,7000,,'',0,3000,,'',0,7000,,'',0,3000,,'',0,7000,,'',0,3000,,'',0,7000,,'',0,3000,,'',0,7000,,'',0,3000,,'',0,7000,,'',0,3000,,'',0,7000,,'',0
'927',100,64100,4,'',0,8500,4,'',0,8500,4,'',0,4500,4,'',0,8500,4,'',0,8500,4,'',0,8500,4,'',0,4500,4,'',0,8500,4,'',0,8500,4,'',0,8500,4,'',0,4500,4,'',0,8500,4,'',0,8500,4,'',0,8500,4,'',0,4500,4,'',0,8500,4,'',0,8500,4,'',0,8500,4,'',0
'927',101,60600,,'',0,4500,,'',0,8500,,'',0,8500,,'',0,8500,,'',0,4500,,'',0,8500,,'',0,8500,,'',0,8500,,'',0,4500,,'',0,8500,,'',0,8500,,'',0,8500,,'',0,4500,,'',0,8500,,'',0,8500,,'',0,8500,,'',0,4500,,'',0,8500,,'',0
'1185',1200,72800,,'',0,7900,,'',0,3900,,'',0,8000,,'',0,8000,,'',0,2900,,'',0,11600,,'',0,15700,,'',0,11500,,'',0,700,,'',0,8500,,'',0,2900,,'',0,7500,,'',0,3900,,'',0,7600,,'',0
'1185',1201,72300,4,'',0,7900,4,'',0,3900,4,'',0,8000,4,'',0,8000,4,'',0,2900,4,'',0,11600,4,'',0,15700,4,'',0,11500,4,'',0,12100,4,'',0,7500,4,'',0,3900,4,'',0,7600,4,'',0
'1192',1200,72800,,'',0,7900,,'',0,3900,,'',0,8000,,'',0,8000,,'',0,2900,,'',0,11600,,'',0,15700,,'',0,11500,,'',0,700,,'',0,8500,,'',0,2900,,'',0,7500,,'',0,3900,,'',0,7600,,'',0
'1192',1201,72300,4,'',0,7900,4,'',0,3900,4,'',0,8000,4,'',0,8000,4,'',0,2900,4,'',0,11600,4,'',0,15700,4,'',0,11500,4,'',0,12100,4,'',0,7500,4,'',0,3900,4,'',0,7600,4,'',0
