'1185',400,61200,,'',0,10600,,'',0,2400,,'',0,7600,,'',0,10000,,'',0,10000,,'',0,10000,,'',0,10000,,'',0,10000,,'',0,10000,,'',0,3000,,'',0,7000,,'',0,10000,,'',0,10000,,'',0,10000,,'',0,9400,,'',0,10000,,'',0,10000,,'',0,11200,,'',0
'1185',401,61200,4,'',0,10600,4,'',0,2400,4,'',0,7600,4,'',0,10000,4,'',0,10000,4,'',0,10000,4,'',0,10000,4,'',0,10000,4,'',0,10000,4,'',0,3000,4,'',0,7000,4,'',0,10000,4,'',0,10000,4,'',0,10000,4,'',0,9400,4,'',0,10000,4,'',0,10000,4,'',0,11200,4,'',0
'1192',400,61200,,'',0,10600,,'',0,2400,,'',0,7600,,'',0,10000,,'',0,10000,,'',0,10000,,'',0,10000,,'',0,10000,,'',0,10000,,'',0,3000,,'',0,7000,,'',0,10000,,'',0,10000,,'',0,10000,,'',0,9400,,'',0,10000,,'',0,10000,,'',0,11200,,'',0
'1192',401,61200,4,'',0,10600,4,'',0,2400,4,'',0,7600,4,'',0,10000,4,'',0,10000,4,'',0,10000,4,'',0,10000,4,'',0,10000,4,'',0,10000,4,'',0,3000,4,'',0,7000,4,'',0,10000,4,'',0,10000,4,'',0,10000,4,'',0,9400,4,'',0,10000,4,'',0,10000,4,'',0,11200,4,'',0
'1313',400,61800,,'',0,10000,,'',0,10000,,'',0,10000,,'',0,10000,,'',0,10000,,'',0,10000,,'',0,10000,,'',0,10000,,'',0,10000,,'',0,10000,,'',0,10000,,'',0,10000,,'',0,10000,,'',0,12200,,'',0,10000,,'',0
'1313',401,61800,4,'',0,10000,4,'',0,10000,4,'',0,10000,4,'',0,10000,4,'',0,10000,4,'',0,10000,4,'',0,10000,4,'',0,10000,4,'',0,10000,4,'',0,10000,4,'',0,10000,4,'',0,10000,4,'',0,10000,4,'',0,12200,4,'',0,10000,4,'',0
'1314',400,65700,,'',0,17000,,'',0,12800,,'',0,17200,,'',0,13000,,'',0,17000,,'',0,13000,,'',0,17300,,'',0,12600,,'',0
'1314',401,65700,4,'',0,17000,4,'',0,12800,4,'',0,17200,4,'',0,13000,4,'',0,17000,4,'',0,13000,4,'',0,17300,4,'',0,12600,4,'',0
'1407',400,65700,,'',0,17000,,'',0,12800,,'',0,17200,,'',0,13000,,'',0,17000,,'',0,13000,,'',0,17300,,'',0,12600,,'',0
'1407',401,65700,4,'',0,17000,4,'',0,12800,4,'',0,17200,4,'',0,13000,4,'',0,17000,4,'',0,13000,4,'',0,17300,4,'',0,12600,4,'',0
'1408',400,61800,,'',0,10000,,'',0,10000,,'',0,10000,,'',0,10000,,'',0,10000,,'',0,10000,,'',0,10000,,'',0,10000,,'',0,10000,,'',0,10000,,'',0,10000,,'',0,10000,,'',0,10000,,'',0,12200,,'',0,10000,,'',0
'1408',401,61800,4,'',0,10000,4,'',0,10000,4,'',0,10000,4,'',0,10000,4,'',0,10000,4,'',0,10000,4,'',0,10000,4,'',0,10000,4,'',0,10000,4,'',0,10000,4,'',0,10000,4,'',0,10000,4,'',0,10000,4,'',0,12200,4,'',0,10000,4,'',0
'927',400,65700,,'',0,17000,,'',0,12800,,'',0,17200,,'',0,13000,,'',0,17000,,'',0,13000,,'',0,17300,,'',0,12600,,'',0
'927',401,65700,4,'',0,17000,4,'',0,12800,4,'',0,17200,4,'',0,13000,4,'',0,17000,4,'',0,13000,4,'',0,17300,4,'',0,12600,4,'',0
