'1653',200,63100,0,'McMillan',0,8300,0,'McMillan',0,4200,0,'McMillan',0,8600,0,'McMillan',0,8600,0,'McMillan',0,8600,0,'McMillan',0,4500,0,'McMillan',0,9200,0,'McMillan',0,9100,0,'McMillan',0,9100,0,'McMillan',0,9100,0,'McMillan',0,9100,0,'McMillan',0,9100,0,'McMillan',0,4900,0,'McMillan',0,9000,0,'McMillan',0,8700,0,'McMillan',0,8900,0,'McMillan',0,8200,0,'McMillan',0,4500,0,'McMillan',0,8500,0,'McMillan',0,8500,0,'McMillan',0,8500,0,'McMillan',0,4500,0,'McMillan',0,8500,0,'McMillan',0,8500,0,'McMillan',0,8500,0,'McMillan',0,4500,0,'Bourquin Exch Only',0
'2107',200,61400,0,'McMillan',0,4500,0,'McMillan',0,7500,0,'McMillan',0,7000,0,'McMillan',0,3000,0,'McMillan',0,7000,0,'McMillan',0,3100,0,'McMillan',0,7100,0,'McMillan',0,3000,0,'McMillan',0,7000,0,'McMillan',0,3300,0,'McMillan',0,7300,0,'McMillan',0,3300,0,'McMillan',0,7400,0,'McMillan',0,3500,0,'McMillan',0,7400,0,'McMillan',0,7500,0,'McMillan',0,3500,0,'McMillan',0,7300,0,'McMillan',0,3500,0,'McMillan',0,7100,0,'McMillan',0,3200,0,'McMillan',0,7400,0,'McMillan',0,3100,0,'McMillan',0,7100,0,'McMillan',0,3000,0,'McMillan',0,6800,0,'McMillan',0,3000,0,'McMillan',0,7000,0,'McMillan',0,2600,0,'McMillan',0,7200,0,'McMillan',0
'2142',200,54900,0,'McMillan',0,6500,0,'McMillan',0,3100,0,'McMillan',0,6900,0,'McMillan',0,3000,0,'McMillan',0,6000,0,'McMillan',0,2100,0,'McMillan',0,1900,0,'McMillan',0,5900,0,'McMillan',0,1800,0,'McMillan',0,1900,0,'McMillan',0,6000,0,'McMillan',0,1800,0,'McMillan',0,2000,0,'McMillan',0,6400,0,'McMillan',0,2500,0,'McMillan',0,2500,0,'McMillan',0,6400,0,'McMillan',0,2500,0,'McMillan',0,6500,0,'McMillan',0,2500,0,'McMillan',0,2500,0,'McMillan',0,6500,0,'McMillan',0,3100,0,'McMillan',0,6200,0,'McMillan',0,1900,0,'McMillan',0,1900,0,'McMillan',0,5900,0,'McMillan',0,1700,0,'McMillan',0,2000,0,'McMillan',0,6000,0,'McMillan',0,1900,0,'McMillan',0,2000,0,'McMillan',0,6000,0,'McMillan',0,1700,0,'McMillan',0,2000,0,'McMillan',0,6000,0,'McMillan',0,2300,0,'McMillan',0,2300,0,'McMillan',0,7000,0,'McMillan',0,2900,0,'McMillan',0,6800,0,'McMillan',0,2900,0,'McMillan',0,7000,0,'McMillan',0
'2144',200,63100,0,'McMillan',0,8300,0,'McMillan',0,4200,0,'McMillan',0,8600,0,'McMillan',0,8600,0,'McMillan',0,8600,0,'McMillan',0,4500,0,'McMillan',0,9200,0,'McMillan',0,9100,0,'McMillan',0,9100,0,'McMillan',0,9100,0,'McMillan',0,9100,0,'McMillan',0,9100,0,'McMillan',0,4900,0,'McMillan',0,9000,0,'McMillan',0,8700,0,'McMillan',0,8900,0,'McMillan',0,8200,0,'McMillan',0
'1653',301,63300,,'',0,10700,,'',0,10100,,'',0,9600,,'',0,10000,,'',0,10100,,'',0,9100,,'',0,9100,,'',0,9500,,'',0,9000,,'',0,5000,,'',0,9300,,'',0,9000,,'',0,9900,,'',0,10000,,'',0,10500,,'',0,9500,,'',0,10000,,'',0,10000,,'',0,10000,,'',0,10000,,'',0,10000,,'',0
'2107',301,65400,,'',0,10100,,'',0,10100,,'',0,7000,,'',0,3100,,'',0,7100,,'',0,3000,,'',0,7000,,'',0,2900,,'',0,7200,,'',0,7300,,'',0,3100,,'',0,7200,,'',0,3400,,'',0,7200,,'',0,3500,,'',0,7000,,'',0,2900,,'',0,7000,,'',0,3400,,'',0,7000,,'',0,2900,,'',0,6900,,'',0,3000,,'',0,7000,,'',0,2900,,'',0,9600,,'',0,9500,,'',0
'2142',301,60500,,'',0,5100,,'',0,7400,,'',0,7000,,'',0,3000,,'',0,7000,,'',0,3500,,'',0,7000,,'',0,3000,,'',0,7600,,'',0,3600,,'',0,7000,,'',0,3000,,'',0,7600,,'',0,3500,,'',0,7500,,'',0,7600,,'',0,3500,,'',0,7700,,'',0,3400,,'',0,7400,,'',0,7100,,'',0,3400,,'',0,7300,,'',0,3300,,'',0,7000,,'',0,4500,,'',0,8500,,'',0,9800,,'',0
'2144',301,63300,,'',0,10700,,'',0,10100,,'',0,9600,,'',0,10000,,'',0,10100,,'',0,9100,,'',0,9100,,'',0,9500,,'',0,9000,,'',0,5000,,'',0,9300,,'',0,9000,,'',0,9900,,'',0,10000,,'',0
'1653',601,61800,,'',0,13000,,'',0,10000,,'',0,10600,,'',0,9100,,'',0,9000,,'',0,9500,,'',0,9000,,'',0,9100,,'',0,9600,,'',0,9300,,'',0,4900,,'',0,9000,,'',0,11900,,'',0,16000,,'',0,11500,,'',0,10000,,'',0,10000,,'',0,10500,,'',0,9500,,'',0,10000,,'',0
'2107',601,62100,,'',0,12000,,'',0,10200,,'',0,9800,,'',0,10600,,'',0,10200,,'',0,10600,,'',0,14500,,'',0,10500,,'',0,10600,,'',0,10300,,'',0,10000,,'',0,10400,,'',0,10000,,'',0,9000,,'',0
'2142',601,61300,,'',0,4600,,'',0,7200,,'',0,7800,,'',0,3500,,'',0,7800,,'',0,7800,,'',0,11600,,'',0,11600,,'',0,11500,,'',0,8600,,'',0,8000,,'',0,4500,,'',0,8000,,'',0,8500,,'',0,7900,,'',0,4400,,'',0,15400,,'',0,5900,,'',0,15500,,'',0,11000,,'',0
'2144',601,61800,,'',0,13000,,'',0,10000,,'',0,10600,,'',0,9100,,'',0,9000,,'',0,9500,,'',0,9000,,'',0,9100,,'',0,9600,,'',0,9300,,'',0,4900,,'',0,9000,,'',0,11900,,'',0,16000,,'',0
