'1378',300,60000,0,'Huntingdon',0,4500,0,'Sumas Ctr',0,8500,0,'Huntingdon',0,8500,0,'Sumas Ctr',0,8500,0,'Huntingdon',0,4500,0,'Sumas Ctr',0,8500,0,'Huntingdon',0,8500,0,'Sumas Ctr',0,8500,0,'Huntingdon',0,4500,0,'Sumas Ctr',0,8500,0,'Huntingdon',0,8500,0,'Sumas Ctr',0,8500,0,'Huntingdon',0,4500,0,'Sumas Ctr',0,8500,0,'Huntingdon',0,8500,0,'Sumas Ctr',0,8500,0,'Huntingdon',0,4500,0,'Sumas Ctr',0,8500,0,'Huntingdon',0
'1378',301,64400,4,'',0,7900,4,'',0,8500,4,'',0,4500,4,'',0,8500,4,'',0,8500,4,'',0,8500,4,'',0,4500,4,'',0,8500,4,'',0,8500,4,'',0,8500,4,'',0,4500,4,'',0,8500,4,'',0,8500,4,'',0,8500,4,'',0,4500,4,'',0,8500,4,'',0,8500,4,'',0,8500,4,'',0
'1383',300,60000,0,'Huntingdon',0,3000,0,'Sumas Ctr',0,7000,0,'Huntingdon',0,3000,0,'Sumas Ctr',0,7000,0,'Huntingdon',0,3000,0,'Sumas Ctr',0,7000,0,'Huntingdon',0,3000,0,'Sumas Ctr',0,7000,0,'Huntingdon',0,3000,0,'Sumas Ctr',0,7000,0,'Huntingdon',0,3000,0,'Sumas Ctr',0,7000,0,'Huntingdon',0,3000,0,'Sumas Ctr',0,7000,0,'Huntingdon',0,3000,0,'Sumas Ctr',0,7000,0,'Huntingdon',0,3000,0,'Sumas Ctr',0,7000,0,'Huntingdon',0,3000,0,'Sumas Ctr',0,7000,0,'Huntingdon',0,3000,0,'Sumas Ctr',0,7000,0,'Huntingdon',0,3000,0,'Sumas Ctr',0,7000,0,'Huntingdon',0,3000,0,'Sumas Ctr',0,7000,0,'Huntingdon',0,3000,0,'Sumas Ctr',0,7000,0,'Huntingdon',0,3000,0,'Sumas Ctr',0,7000,0,'Huntingdon',0,3000,0,'Sumas Ctr',0,7000,0,'Huntingdon',0
'1383',301,65900,4,'',0,7000,4,'',0,3000,4,'',0,7000,4,'',0,3000,4,'',0,7000,4,'',0,3000,4,'',0,7000,4,'',0,3000,4,'',0,7000,4,'',0,3000,4,'',0,7000,4,'',0,3000,4,'',0,7000,4,'',0,3000,4,'',0,7000,4,'',0,3000,4,'',0,7000,4,'',0,3000,4,'',0,7000,4,'',0,3000,4,'',0,7000,4,'',0,3000,4,'',0,7000,4,'',0,3000,4,'',0,7000,4,'',0,3000,4,'',0,7000,4,'',0,3000,4,'',0,7000,4,'',0,3000,4,'',0,7000,4,'',0,3000,4,'',0
'1386',300,54000,0,'Sumas Ctr',0,7000,0,'Huntingdon',0,3000,0,'Sumas Ctr',0,7000,0,'Huntingdon',0,3000,0,'Sumas Ctr',0,7000,0,'Huntingdon',0,3000,0,'Sumas Ctr',0,7000,0,'Huntingdon',0,3000,0,'Sumas Ctr',0,7000,0,'Huntingdon',0,3000,0,'Sumas Ctr',0,7000,0,'Huntingdon',0,3000,0,'Sumas Ctr',0,7000,0,'Huntingdon',0,3000,0,'Sumas Ctr',0,7000,0,'Huntingdon',0,3000,0,'Sumas Ctr',0,7000,0,'Huntingdon',0,3000,0,'Sumas Ctr',0,7000,0,'Huntingdon',0,3000,0,'Sumas Ctr',0,7000,0,'Huntingdon',0,3000,0,'Sumas Ctr',0,7000,0,'Huntingdon',0,3000,0,'Sumas Ctr',0,7000,0,'Huntingdon',0,3000,0,'Sumas Ctr',0,7000,0,'Huntingdon',0,3000,0,'Sumas Ctr',0,7000,0,'Huntingdon',0,3000,0,'Sumas Ctr',0,7000,0,'Huntingdon',0,3000,0,'Sumas Ctr',0,7000,0,'Huntingdon',0
'1386',301,60500,4,'',0,2900,4,'',0,7000,4,'',0,3000,4,'',0,7000,4,'',0,3000,4,'',0,7000,4,'',0,3000,4,'',0,7000,4,'',0,3000,4,'',0,7000,4,'',0,3000,4,'',0,7000,4,'',0,3000,4,'',0,7000,4,'',0,3000,4,'',0,7000,4,'',0,3000,4,'',0,7000,4,'',0,3000,4,'',0,7000,4,'',0,3000,4,'',0,7000,4,'',0,3000,4,'',0,7000,4,'',0,3000,4,'',0,7000,4,'',0,3000,4,'',0,7000,4,'',0,3000,4,'',0,7000,4,'',0,3000,4,'',0,7000,4,'',0,3000,4,'',0
'1387',300,60000,0,'Huntingdon',0,3000,0,'Sumas Ctr',0,7000,0,'Huntingdon',0,3000,0,'Sumas Ctr',0,7000,0,'Huntingdon',0,3000,0,'Sumas Ctr',0,7000,0,'Huntingdon',0,3000,0,'Sumas Ctr',0,7000,0,'Huntingdon',0,3000,0,'Sumas Ctr',0,7000,0,'Huntingdon',0,3000,0,'Sumas Ctr',0,7000,0,'Huntingdon',0,3000,0,'Sumas Ctr',0,7000,0,'Huntingdon',0,3000,0,'Sumas Ctr',0,7000,0,'Huntingdon',0,3000,0,'Sumas Ctr',0,7000,0,'Huntingdon',0,3000,0,'Sumas Ctr',0,7000,0,'Huntingdon',0,3000,0,'Sumas Ctr',0,7000,0,'Huntingdon',0,3000,0,'Sumas Ctr',0,7000,0,'Huntingdon',0,3000,0,'Sumas Ctr',0,7000,0,'Huntingdon',0,3000,0,'Sumas Ctr',0,7000,0,'Huntingdon',0,3000,0,'Sumas Ctr',0,7000,0,'Huntingdon',0,3000,0,'Sumas Ctr',0,7000,0,'Huntingdon',0
'1387',301,65900,4,'',0,7000,4,'',0,3000,4,'',0,7000,4,'',0,3000,4,'',0,7000,4,'',0,3000,4,'',0,7000,4,'',0,3000,4,'',0,7000,4,'',0,3000,4,'',0,7000,4,'',0,3000,4,'',0,7000,4,'',0,3000,4,'',0,7000,4,'',0,3000,4,'',0,7000,4,'',0,3000,4,'',0,7000,4,'',0,3000,4,'',0,7000,4,'',0,3000,4,'',0,7000,4,'',0,3000,4,'',0,7000,4,'',0,3000,4,'',0,7000,4,'',0,3000,4,'',0,7000,4,'',0,3000,4,'',0,7000,4,'',0,3000,4,'',0
'1388',300,60000,0,'Huntingdon',0,4500,0,'Sumas Ctr',0,8500,0,'Huntingdon',0,8500,0,'Sumas Ctr',0,8500,0,'Huntingdon',0,4500,0,'Sumas Ctr',0,8500,0,'Huntingdon',0,8500,0,'Sumas Ctr',0,8500,0,'Huntingdon',0,4500,0,'Sumas Ctr',0,8500,0,'Huntingdon',0,8500,0,'Sumas Ctr',0,8500,0,'Huntingdon',0,4500,0,'Sumas Ctr',0,8500,0,'Huntingdon',0,8500,0,'Sumas Ctr',0,8500,0,'Huntingdon',0,4500,0,'Sumas Ctr',0,8500,0,'Huntingdon',0
'1388',301,64400,4,'',0,7900,4,'',0,8500,4,'',0,4500,4,'',0,8500,4,'',0,8500,4,'',0,8500,4,'',0,4500,4,'',0,8500,4,'',0,8500,4,'',0,8500,4,'',0,4500,4,'',0,8500,4,'',0,8500,4,'',0,8500,4,'',0,4500,4,'',0,8500,4,'',0,8500,4,'',0,8500,4,'',0
'1618',300,54000,0,'Sumas Ctr',0,7000,0,'Huntingdon',0,3000,0,'Sumas Ctr',0,7000,0,'Huntingdon',0,3000,0,'Sumas Ctr',0,7000,0,'Huntingdon',0,3000,0,'Sumas Ctr',0,7000,0,'Huntingdon',0,3000,0,'Sumas Ctr',0,7000,0,'Huntingdon',0,3000,0,'Sumas Ctr',0,7000,0,'Huntingdon',0,3000,0,'Sumas Ctr',0,7000,0,'Huntingdon',0,3000,0,'Sumas Ctr',0,7000,0,'Huntingdon',0,3000,0,'Sumas Ctr',0,7000,0,'Huntingdon',0,3000,0,'Sumas Ctr',0,7000,0,'Huntingdon',0,3000,0,'Sumas Ctr',0,7000,0,'Huntingdon',0,3000,0,'Sumas Ctr',0,7000,0,'Huntingdon',0,3000,0,'Sumas Ctr',0,7000,0,'Huntingdon',0,3000,0,'Sumas Ctr',0,7000,0,'Huntingdon',0,3000,0,'Sumas Ctr',0,7000,0,'Huntingdon',0,3000,0,'Sumas Ctr',0,7000,0,'Huntingdon',0,3000,0,'Sumas Ctr',0,7000,0,'Huntingdon',0
'1618',301,60500,4,'',0,2900,4,'',0,7000,4,'',0,3000,4,'',0,7000,4,'',0,3000,4,'',0,7000,4,'',0,3000,4,'',0,7000,4,'',0,3000,4,'',0,7000,4,'',0,3000,4,'',0,7000,4,'',0,3000,4,'',0,7000,4,'',0,3000,4,'',0,7000,4,'',0,3000,4,'',0,7000,4,'',0,3000,4,'',0,7000,4,'',0,3000,4,'',0,7000,4,'',0,3000,4,'',0,7000,4,'',0,3000,4,'',0,7000,4,'',0,3000,4,'',0,7000,4,'',0,3000,4,'',0,7000,4,'',0,3000,4,'',0,7000,4,'',0,3000,4,'',0
