'1324',100,53700,0,'UFV',0,8200,0,'UFV',0,3000,0,'UFV',0,7200,0,'UFV',0,2100,0,'UFV',0,6100,0,'UFV',0,800,0,'UFV',0,1900,0,'UFV',0,1900,0,'UFV',0,5900,0,'UFV',0,1900,0,'UFV',0,1900,0,'UFV',0,5900,0,'UFV',0,1900,0,'UFV',0,2000,0,'UFV',0,6200,0,'UFV',0,2000,0,'UFV',0,2600,0,'UFV',0,6300,0,'UFV',0,2500,0,'UFV',0,6500,0,'UFV',0,2500,0,'UFV',0,2500,0,'UFV',0,6500,0,'UFV',0,2600,0,'UFV',0,6200,0,'UFV',0,2000,0,'UFV',0,2100,0,'UFV',0,6100,0,'UFV',0,2000,0,'UFV',0,2000,0,'UFV',0,6000,0,'UFV',0,1700,0,'UFV',0,1700,0,'UFV',0,5900,0,'UFV',0,1900,0,'UFV',0,2000,0,'UFV',0,6500,0,'UFV',0,3000,0,'UFV',0,6900,0,'UFV',0,2900,0,'UFV',0,6700,0,'UFV',0,2800,0,'UFV',0,7000,0,'UFV',0,2900,0,'UFV',0
'1341',100,62000,0,'UFV',0,3100,0,'UFV',0,7900,0,'UFV',0,8700,0,'UFV',0,3000,0,'UFV',0,7000,0,'UFV',0,3200,0,'UFV',0,7100,0,'UFV',0,3000,0,'UFV',0,7300,0,'UFV',0,3100,0,'UFV',0,7300,0,'UFV',0,7300,0,'UFV',0,3500,0,'UFV',0,7500,0,'UFV',0,3500,0,'UFV',0,7500,0,'UFV',0,3300,0,'UFV',0,7400,0,'UFV',0,7400,0,'UFV',0,3200,0,'UFV',0,7200,0,'UFV',0,3200,0,'UFV',0,7000,0,'UFV',0,2900,0,'UFV',0,6900,0,'UFV',0,3000,0,'UFV',0,6900,0,'UFV',0,3000,0,'UFV',0,6700,0,'UFV',0,2600,0,'UFV',0
'1784',100,61700,0,'UFV',0,3900,0,'UFV',0,8100,0,'UFV',0,8100,0,'UFV',0,8600,0,'UFV',0,4600,0,'UFV',0,8600,0,'UFV',0,8900,0,'UFV',0,9000,0,'UFV',0,9100,0,'UFV',0,5100,0,'UFV',0,9000,0,'UFV',0,9000,0,'UFV',0,9000,0,'UFV',0,8900,0,'UFV',0,8700,0,'UFV',0,5000,0,'UFV',0,9900,0,'UFV',0
'1324',200,55300,0,'McMillan',0,6500,0,'McMillan',0,3100,0,'McMillan',0,6900,0,'McMillan',0,3000,0,'McMillan',0,6100,0,'McMillan',0,2100,0,'McMillan',0,1800,0,'McMillan',0,5900,0,'McMillan',0,1800,0,'McMillan',0,2000,0,'McMillan',0,6000,0,'McMillan',0,1800,0,'McMillan',0,2000,0,'McMillan',0,6400,0,'McMillan',0,2500,0,'McMillan',0,2500,0,'McMillan',0,6400,0,'McMillan',0,2500,0,'McMillan',0,6500,0,'McMillan',0,2600,0,'McMillan',0,6500,0,'McMillan',0,2500,0,'McMillan',0,3100,0,'McMillan',0,6200,0,'McMillan',0,1900,0,'McMillan',0,1900,0,'McMillan',0,5900,0,'McMillan',0,1700,0,'McMillan',0,2000,0,'McMillan',0,6000,0,'McMillan',0,1800,0,'McMillan',0,2000,0,'McMillan',0,6000,0,'McMillan',0,1700,0,'McMillan',0,1900,0,'McMillan',0,6000,0,'McMillan',0,2300,0,'McMillan',0,2300,0,'McMillan',0,7000,0,'McMillan',0,2900,0,'McMillan',0,6800,0,'McMillan',0,2900,0,'McMillan',0,7000,0,'McMillan',0
'1341',200,61700,0,'McMillan',0,8500,0,'McMillan',0,3600,0,'McMillan',0,7000,0,'McMillan',0,3000,0,'McMillan',0,7000,0,'McMillan',0,3100,0,'McMillan',0,7100,0,'McMillan',0,3000,0,'McMillan',0,7100,0,'McMillan',0,3300,0,'McMillan',0,7400,0,'McMillan',0,3300,0,'McMillan',0,7400,0,'McMillan',0,7500,0,'McMillan',0,3300,0,'McMillan',0,7500,0,'McMillan',0,3400,0,'McMillan',0,7300,0,'McMillan',0,3500,0,'McMillan',0,7100,0,'McMillan',0,3200,0,'McMillan',0,7400,0,'McMillan',0,3100,0,'McMillan',0,7100,0,'McMillan',0,3000,0,'McMillan',0,6800,0,'McMillan',0,3000,0,'McMillan',0,7000,0,'McMillan',0,2600,0,'McMillan',0,7200,0,'McMillan',0
'1784',200,63500,0,'McMillan',0,8300,0,'McMillan',0,8200,0,'McMillan',0,4600,0,'McMillan',0,8600,0,'McMillan',0,8600,0,'McMillan',0,8600,0,'McMillan',0,5300,0,'McMillan',0,9100,0,'McMillan',0,9100,0,'McMillan',0,9100,0,'McMillan',0,9100,0,'McMillan',0,9000,0,'McMillan',0,4800,0,'McMillan',0,9000,0,'McMillan',0,8700,0,'McMillan',0,8900,0,'McMillan',0,8200,0,'McMillan',0
'1324',1700,65300,,'',0,7200,,'',0,8900,,'',0,72500,,'',0,7800,,'',0,8400,,'',0,3600,,'',0,7400,,'',0
'1324',2100,70100,,'',0,3300,,'',0,9300,,'',0,9700,,'',0,11900,,'',0,11500,,'',0,15900,,'',0,13300,,'',0,7700,,'',0,9600,,'',0,3200,,'',0,9700,,'',0,15400,,'',0,10900,,'',0
'1341',2100,92000,,'',0,11200,,'',0,16800,,'',0,14600,,'',0,17100,,'',0,12900,,'',0,16900,,'',0,12900,,'',0
'1784',2100,95500,,'',0,17100,,'',0,12900,,'',0,17000,,'',0,12900,,'',0,16500,,'',0,13000,,'',0
'1324',2201,84600,,'',0,66900,,'',0
