'1185',101,54000,,'',0,7000,,'',0,3000,,'',0,7000,,'',0,2400,,'',0,1800,,'',0,5800,,'',0,1800,,'',0,1800,,'',0,5800,,'',0,1800,,'',0,2300,,'',0,6300,,'',0,2300,,'',0,2200,,'',0,6300,,'',0,2300,,'',0,6300,,'',0,2300,,'',0,2300,,'',0,6300,,'',0,2300,,'',0,2300,,'',0,6300,,'',0,1800,,'',0,1800,,'',0,5800,,'',0,1800,,'',0,1800,,'',0,5800,,'',0,1800,,'',0,1800,,'',0,5800,,'',0,1800,,'',0,1800,,'',0,1800,,'',0,5800,,'',0,3000,,'',0,7000,,'',0,3000,,'',0,7000,,'',0,3000,,'',0,7000,,'',0,3000,,'',0,7000,,'',0
'1192',101,54000,,'',0,7000,,'',0,3000,,'',0,7000,,'',0,2400,,'',0,1800,,'',0,5800,,'',0,1800,,'',0,1800,,'',0,5800,,'',0,1800,,'',0,2300,,'',0,6300,,'',0,2300,,'',0,2200,,'',0,6300,,'',0,2300,,'',0,6300,,'',0,2300,,'',0,2300,,'',0,6300,,'',0,2300,,'',0,2300,,'',0,6300,,'',0,1800,,'',0,1800,,'',0,5800,,'',0,1800,,'',0,1800,,'',0,5800,,'',0,1800,,'',0,1800,,'',0,5800,,'',0,1800,,'',0,1800,,'',0,1800,,'',0,5800,,'',0,3000,,'',0,7000,,'',0,3000,,'',0,7000,,'',0,3000,,'',0,7000,,'',0,3000,,'',0,7000,,'',0
'1314',101,61600,,'',0,8500,,'',0,4500,,'',0,8500,,'',0,8500,,'',0,8500,,'',0,4500,,'',0,8500,,'',0,8500,,'',0,8500,,'',0,4500,,'',0,8500,,'',0,8500,,'',0,8500,,'',0,4500,,'',0,8500,,'',0,8500,,'',0,8500,,'',0,4500,,'',0
'1407',101,61600,,'',0,8500,,'',0,4500,,'',0,8500,,'',0,8500,,'',0,8500,,'',0,4500,,'',0,8500,,'',0,8500,,'',0,8500,,'',0,4500,,'',0,8500,,'',0,8500,,'',0,8500,,'',0,4500,,'',0,8500,,'',0,8500,,'',0,8500,,'',0,4500,,'',0
'1408',101,61000,,'',0,3000,,'',0,7000,,'',0,3000,,'',0,7000,,'',0,3000,,'',0,7000,,'',0,3000,,'',0,7000,,'',0,3000,,'',0,7000,,'',0,3000,,'',0,7000,,'',0,3000,,'',0,7000,,'',0,3000,,'',0,7000,,'',0,3000,,'',0,7000,,'',0,3000,,'',0,7000,,'',0,3000,,'',0,7000,,'',0,3000,,'',0,7000,,'',0,3000,,'',0,7000,,'',0,3000,,'',0,7000,,'',0,3000,,'',0,7000,,'',0,3000,,'',0,7000,,'',0
'927',101,61600,,'',0,8500,,'',0,4500,,'',0,8500,,'',0,8500,,'',0,8500,,'',0,4500,,'',0,8500,,'',0,8500,,'',0,8500,,'',0,4500,,'',0,8500,,'',0,8500,,'',0,8500,,'',0,4500,,'',0,8500,,'',0,8500,,'',0,8500,,'',0,4500,,'',0
'1185',200,60300,0,'McMillan',0,3000,0,'McMillan',0,7000,0,'McMillan',0,3000,0,'McMillan',0,2000,0,'McMillan',0,6000,0,'McMillan',0,2000,0,'McMillan',0,2000,0,'McMillan',0,6000,0,'McMillan',0,2000,0,'McMillan',0,2000,0,'McMillan',0,6000,0,'McMillan',0,2000,0,'McMillan',0,2300,0,'McMillan',0,6300,0,'McMillan',0,2300,0,'McMillan',0,6300,0,'McMillan',0,2300,0,'McMillan',0,2300,0,'McMillan',0,6300,0,'McMillan',0,2300,0,'McMillan',0,6300,0,'McMillan',0,2300,0,'McMillan',0,2300,0,'McMillan',0,6300,0,'McMillan',0,2000,0,'McMillan',0,2000,0,'McMillan',0,6000,0,'McMillan',0,2000,0,'McMillan',0,2000,0,'McMillan',0,6000,0,'McMillan',0,2000,0,'McMillan',0,2000,0,'McMillan',0,6000,0,'McMillan',0,2000,0,'McMillan',0,3000,0,'McMillan',0,7000,0,'McMillan',0,3000,0,'McMillan',0,7000,0,'McMillan',0,3000,0,'McMillan',0,7000,0,'McMillan',0,3000,0,'McMillan',0
'1192',200,60300,0,'McMillan',0,3000,0,'McMillan',0,7000,0,'McMillan',0,3000,0,'McMillan',0,2000,0,'McMillan',0,6000,0,'McMillan',0,2000,0,'McMillan',0,2000,0,'McMillan',0,6000,0,'McMillan',0,2000,0,'McMillan',0,2000,0,'McMillan',0,6000,0,'McMillan',0,2000,0,'McMillan',0,2300,0,'McMillan',0,6300,0,'McMillan',0,2300,0,'McMillan',0,6300,0,'McMillan',0,2300,0,'McMillan',0,2300,0,'McMillan',0,6300,0,'McMillan',0,2300,0,'McMillan',0,6300,0,'McMillan',0,2300,0,'McMillan',0,2300,0,'McMillan',0,6300,0,'McMillan',0,2000,0,'McMillan',0,2000,0,'McMillan',0,6000,0,'McMillan',0,2000,0,'McMillan',0,2000,0,'McMillan',0,6000,0,'McMillan',0,2000,0,'McMillan',0,2000,0,'McMillan',0,6000,0,'McMillan',0,2000,0,'McMillan',0,3000,0,'McMillan',0,7000,0,'McMillan',0,3000,0,'McMillan',0,7000,0,'McMillan',0,3000,0,'McMillan',0,7000,0,'McMillan',0,3000,0,'McMillan',0
'1314',200,64800,0,'McMillan',0,8500,0,'McMillan',0,8500,0,'McMillan',0,8500,0,'McMillan',0,4500,0,'McMillan',0,8500,0,'McMillan',0,8500,0,'McMillan',0,8500,0,'McMillan',0,4500,0,'McMillan',0,8500,0,'McMillan',0,8500,0,'McMillan',0,8500,0,'McMillan',0,4500,0,'McMillan',0,8500,0,'McMillan',0,8500,0,'McMillan',0,8500,0,'McMillan',0,4500,0,'McMillan',0,8500,0,'McMillan',0,8500,0,'McMillan',0
'1407',200,64800,0,'McMillan',0,8500,0,'McMillan',0,8500,0,'McMillan',0,8500,0,'McMillan',0,4500,0,'McMillan',0,8500,0,'McMillan',0,8500,0,'McMillan',0,8500,0,'McMillan',0,4500,0,'McMillan',0,8500,0,'McMillan',0,8500,0,'McMillan',0,8500,0,'McMillan',0,4500,0,'McMillan',0,8500,0,'McMillan',0,8500,0,'McMillan',0,8500,0,'McMillan',0,4500,0,'McMillan',0,8500,0,'McMillan',0,8500,0,'McMillan',0
'1408',200,64800,0,'McMillan',0,7000,0,'McMillan',0,3000,0,'McMillan',0,7000,0,'McMillan',0,3000,0,'McMillan',0,7000,0,'McMillan',0,3000,0,'McMillan',0,7000,0,'McMillan',0,3000,0,'McMillan',0,7000,0,'McMillan',0,3000,0,'McMillan',0,7000,0,'McMillan',0,3000,0,'McMillan',0,7000,0,'McMillan',0,3000,0,'McMillan',0,7000,0,'McMillan',0,3000,0,'McMillan',0,7000,0,'McMillan',0,3000,0,'McMillan',0,7000,0,'McMillan',0,3000,0,'McMillan',0,7000,0,'McMillan',0,3000,0,'McMillan',0,7000,0,'McMillan',0,3000,0,'McMillan',0,7000,0,'McMillan',0,3000,0,'McMillan',0,7000,0,'McMillan',0,3000,0,'McMillan',0,7000,0,'McMillan',0,3000,0,'McMillan',0,7000,0,'McMillan',0,3000,0,'McMillan',0
'927',200,64800,0,'McMillan',0,8500,0,'McMillan',0,8500,0,'McMillan',0,8500,0,'McMillan',0,4500,0,'McMillan',0,8500,0,'McMillan',0,8500,0,'McMillan',0,8500,0,'McMillan',0,4500,0,'McMillan',0,8500,0,'McMillan',0,8500,0,'McMillan',0,8500,0,'McMillan',0,4500,0,'McMillan',0,8500,0,'McMillan',0,8500,0,'McMillan',0,8500,0,'McMillan',0,4500,0,'McMillan',0,8500,0,'McMillan',0,8500,0,'McMillan',0
'1185',301,54100,,'',0,6900,,'',0,3000,,'',0,7000,,'',0,3000,,'',0,7000,,'',0,3000,,'',0,7000,,'',0,3000,,'',0,7000,,'',0,3000,,'',0,7000,,'',0,3000,,'',0,7000,,'',0,3000,,'',0,7000,,'',0,3000,,'',0,7000,,'',0,3000,,'',0,7000,,'',0,3000,,'',0,7000,,'',0,3000,,'',0,7000,,'',0,3000,,'',0,7000,,'',0,3000,,'',0,7000,,'',0,3000,,'',0,7000,,'',0,3000,,'',0,7000,,'',0,3000,,'',0,7000,,'',0
'1192',301,54100,,'',0,6900,,'',0,3000,,'',0,7000,,'',0,3000,,'',0,7000,,'',0,3000,,'',0,7000,,'',0,3000,,'',0,7000,,'',0,3000,,'',0,7000,,'',0,3000,,'',0,7000,,'',0,3000,,'',0,7000,,'',0,3000,,'',0,7000,,'',0,3000,,'',0,7000,,'',0,3000,,'',0,7000,,'',0,3000,,'',0,7000,,'',0,3000,,'',0,7000,,'',0,3000,,'',0,7000,,'',0,3000,,'',0,7000,,'',0,3000,,'',0,7000,,'',0,3000,,'',0,7000,,'',0
'1314',301,62000,,'',0,3900,,'',0,8500,,'',0,8500,,'',0,8500,,'',0,4500,,'',0,8500,,'',0,8500,,'',0,8500,,'',0,4500,,'',0,8500,,'',0,8500,,'',0,8500,,'',0,4500,,'',0,8500,,'',0,8500,,'',0,8500,,'',0,4500,,'',0,8500,,'',0
'1407',301,62000,,'',0,3900,,'',0,8500,,'',0,8500,,'',0,8500,,'',0,4500,,'',0,8500,,'',0,8500,,'',0,8500,,'',0,4500,,'',0,8500,,'',0,8500,,'',0,8500,,'',0,4500,,'',0,8500,,'',0,8500,,'',0,8500,,'',0,4500,,'',0,8500,,'',0
'1408',301,63500,,'',0,7000,,'',0,3000,,'',0,7000,,'',0,3000,,'',0,7000,,'',0,3000,,'',0,7000,,'',0,3000,,'',0,7000,,'',0,3000,,'',0,7000,,'',0,3000,,'',0,7000,,'',0,3000,,'',0,7000,,'',0,3000,,'',0,7000,,'',0,3000,,'',0,7000,,'',0,3000,,'',0,7000,,'',0,3000,,'',0,7000,,'',0,3000,,'',0,7000,,'',0,3000,,'',0,7000,,'',0,3000,,'',0,7000,,'',0,3000,,'',0,7000,,'',0,3000,,'',0
'927',301,62000,,'',0,3900,,'',0,8500,,'',0,8500,,'',0,8500,,'',0,4500,,'',0,8500,,'',0,8500,,'',0,8500,,'',0,4500,,'',0,8500,,'',0,8500,,'',0,8500,,'',0,4500,,'',0,8500,,'',0,8500,,'',0,8500,,'',0,4500,,'',0,8500,,'',0
'1185',400,62900,4,'',0,10600,4,'',0,10000,4,'',0,10000,4,'',0,10000,4,'',0,10000,4,'',0,10000,4,'',0,10000,4,'',0,10000,4,'',0,10000,4,'',0,10000,4,'',0,10000,4,'',0,10000,4,'',0,9400,4,'',0,10000,4,'',0,10000,4,'',0
'1185',401,70600,,'',0,2400,,'',0,7600,,'',0,10000,,'',0,10000,,'',0,10000,,'',0,10000,,'',0,10000,,'',0,10000,,'',0,3000,,'',0,7000,,'',0,10000,,'',0,10000,,'',0,10000,,'',0,9400,,'',0,10000,,'',0,10000,,'',0,11200,,'',0
'1192',400,62900,4,'',0,10600,4,'',0,10000,4,'',0,10000,4,'',0,10000,4,'',0,10000,4,'',0,10000,4,'',0,10000,4,'',0,10000,4,'',0,10000,4,'',0,10000,4,'',0,10000,4,'',0,10000,4,'',0,9400,4,'',0,10000,4,'',0,10000,4,'',0
'1192',401,70600,,'',0,2400,,'',0,7600,,'',0,10000,,'',0,10000,,'',0,10000,,'',0,10000,,'',0,10000,,'',0,10000,,'',0,3000,,'',0,7000,,'',0,10000,,'',0,10000,,'',0,10000,,'',0,9400,,'',0,10000,,'',0,10000,,'',0,11200,,'',0
'1314',401,64500,,'',0,17000,,'',0,12800,,'',0,17200,,'',0,13000,,'',0,17000,,'',0,13000,,'',0,17300,,'',0,12600,,'',0
'1407',401,64500,,'',0,17000,,'',0,12800,,'',0,17200,,'',0,13000,,'',0,17000,,'',0,13000,,'',0,17300,,'',0,12600,,'',0
'1408',400,63500,4,'',0,10000,4,'',0,10000,4,'',0,10000,4,'',0,10000,4,'',0,10000,4,'',0,10000,4,'',0,10000,4,'',0,10000,4,'',0,10000,4,'',0,10000,4,'',0,10000,4,'',0
'1408',401,60600,,'',0,10000,,'',0,10000,,'',0,10000,,'',0,10000,,'',0,10000,,'',0,10000,,'',0,10000,,'',0,10000,,'',0,10000,,'',0,10000,,'',0,10000,,'',0,10000,,'',0,10000,,'',0,12200,,'',0,10000,,'',0
'927',401,64500,,'',0,17000,,'',0,12800,,'',0,17200,,'',0,13000,,'',0,17000,,'',0,13000,,'',0,17300,,'',0,12600,,'',0
'1185',701,65800,4,'',0,14200,4,'',0,3000,4,'',0,2800,4,'',0,14200,4,'',0,5900,4,'',0,14100,4,'',0,5900,4,'',0,14100,4,'',0,5900,4,'',0,14100,4,'',0,2300,4,'',0,3500,4,'',0,14200,4,'',0,5400,4,'',0,10100,4,'',0,9900,4,'',0,10100,4,'',0,16300,4,'',0
'1192',701,65800,4,'',0,14200,4,'',0,3000,4,'',0,2800,4,'',0,14200,4,'',0,5900,4,'',0,14100,4,'',0,5900,4,'',0,14100,4,'',0,5900,4,'',0,14100,4,'',0,2300,4,'',0,3500,4,'',0,14200,4,'',0,5400,4,'',0,10100,4,'',0,9900,4,'',0,10100,4,'',0,16300,4,'',0
'1314',701,63100,,'',0,12400,,'',0,17000,,'',0,13000,,'',0,17100,,'',0,12900,,'',0,17000,,'',0,13100,,'',0,17200,,'',0,12300,,'',0
'1407',701,63100,,'',0,12400,,'',0,17000,,'',0,13000,,'',0,17100,,'',0,12900,,'',0,17000,,'',0,13100,,'',0,17200,,'',0,12300,,'',0
'1408',701,65100,4,'',0,9900,4,'',0,10100,4,'',0,9900,4,'',0,10100,4,'',0,9900,4,'',0,10100,4,'',0,9900,4,'',0,10100,4,'',0,9900,4,'',0,10100,4,'',0,9900,4,'',0,10100,4,'',0,16100,,'',0,10000,,'',0,12900,,'',0
'927',701,63100,,'',0,12400,,'',0,17000,,'',0,13000,,'',0,17100,,'',0,12900,,'',0,17000,,'',0,13100,,'',0,17200,,'',0,12300,,'',0
'1185',900,54800,0,'McKee',0,10000,0,'McKee',0,10000,0,'McKee',0,10000,0,'McKee',0,10000,0,'McKee',0,10000,0,'McKee',0,10000,0,'McKee',0,9200,0,'McKee',0,10000,0,'McKee',0,10000,0,'McKee',0,10000,0,'McKee',0,10000,0,'McKee',0,10000,0,'McKee',0,10000,0,'McKee',0,10000,0,'McKee',0,10000,0,'McKee',0,10000,0,'McKee',0
'1192',900,54800,0,'McKee',0,10000,0,'McKee',0,10000,0,'McKee',0,10000,0,'McKee',0,10000,0,'McKee',0,10000,0,'McKee',0,10000,0,'McKee',0,9200,0,'McKee',0,10000,0,'McKee',0,10000,0,'McKee',0,10000,0,'McKee',0,10000,0,'McKee',0,10000,0,'McKee',0,10000,0,'McKee',0,10000,0,'McKee',0,10000,0,'McKee',0,10000,0,'McKee',0
'1314',900,73600,0,'McKee',0,10000,0,'McKee',0,10000,0,'McKee',0,10000,0,'McKee',0,10000,0,'McKee',0,10000,0,'McKee',0,10000,0,'McKee',0,10000,0,'McKee',0,10000,0,'McKee',0,10000,0,'McKee',0,10000,0,'McKee',0,10000,0,'McKee',0,10000,0,'McKee',0
'1407',900,73600,0,'McKee',0,10000,0,'McKee',0,10000,0,'McKee',0,10000,0,'McKee',0,10000,0,'McKee',0,10000,0,'McKee',0,10000,0,'McKee',0,10000,0,'McKee',0,10000,0,'McKee',0,10000,0,'McKee',0,10000,0,'McKee',0,10000,0,'McKee',0,10000,0,'McKee',0
'1408',900,64000,0,'McKee',0,10000,0,'McKee',0,10000,0,'McKee',0,10000,0,'McKee',0,10000,0,'McKee',0,10000,0,'McKee',0,10000,0,'McKee',0,10000,0,'McKee',0,10000,0,'McKee',0,10000,0,'McKee',0,10000,0,'McKee',0,10000,0,'McKee',0,11200,0,'McKee',0,10000,0,'McKee',0,16500,0,'McKee',0,10000,0,'McKee',0
'927',900,73600,0,'McKee',0,10000,0,'McKee',0,10000,0,'McKee',0,10000,0,'McKee',0,10000,0,'McKee',0,10000,0,'McKee',0,10000,0,'McKee',0,10000,0,'McKee',0,10000,0,'McKee',0,10000,0,'McKee',0,10000,0,'McKee',0,10000,0,'McKee',0,10000,0,'McKee',0
'1185',1500,65200,4,'',0,108400,4,'',0
'1185',1501,61600,,'',0,4000,,'',0,15600,,'',0,68800,,'',0,20000,,'',0,4000,,'',0
'1192',1500,65200,4,'',0,108400,4,'',0
'1192',1501,61600,,'',0,4000,,'',0,15600,,'',0,68800,,'',0,20000,,'',0,4000,,'',0
'1408',1501,90000,,'',0,20000,,'',0,40000,,'',0,20000,,'',0
'1185',1601,80700,4,'',0,84200,4,'',0
'1192',1601,80700,4,'',0,84200,4,'',0
'1185',2600,142300,0,'Sandy Hl',0
'1185',2601,75200,0,'Sandy Hl',0
