'1781',3100,91200,4,'',0,3000,4,'',0,7200,4,'',0,3300,4,'',0,7500,4,'',0,3500,4,'',0,7500,4,'',0,7500,4,'',0,3500,4,'',0,7500,4,'',0,3500,4,'',0,7500,4,'',0,7500,4,'',0,3500,4,'',0,7500,4,'',0,3500,4,'',0
'2293',3100,95700,4,'',0,7500,4,'',0,7500,4,'',0,3500,4,'',0,7500,4,'',0,3500,4,'',0,7500,4,'',0,7500,4,'',0
'1781',3200,81300,4,'',0,3000,4,'',0,7000,4,'',0,3200,4,'',0,7000,4,'',0,3200,4,'',0,7300,4,'',0,3500,4,'',0,7500,4,'',0,7500,4,'',0,3500,4,'',0,7600,4,'',0,3500,4,'',0,7500,4,'',0,7500,4,'',0,3400,4,'',0,7400,4,'',0,3500,4,'',0,7500,4,'',0,3400,4,'',0
'2091',3200,91200,4,'',0,9600,4,'',0,10200,4,'',0,10700,4,'',0,10500,4,'',0,10600,4,'',0,10400,4,'',0,10500,4,'',0,10300,4,'',0,10000,4,'',0
'2293',3200,95900,4,'',0,7000,4,'',0,7500,4,'',0,3500,4,'',0,7500,4,'',0,3500,4,'',0,7500,4,'',0,7600,4,'',0,3700,4,'',0,11400,4,'',0,48500,4,'',0
'1781',3300,195900,4,'',0,14500,4,'',0
'1781',3301,81900,,'',0,3000,,'',0,7000,,'',0,3100,,'',0,7200,,'',0,3500,,'',0,7400,,'',0,7500,,'',0,3500,,'',0,7500,,'',0,3600,,'',0,7400,,'',0,7500,,'',0,3500,,'',0,7500,,'',0,3500,,'',0,7500,,'',0,3500,,'',0,7400,,'',0,10500,,'',0,10500,,'',0
'2091',3300,190900,4,'',0
'2091',3301,91400,,'',0,10000,,'',0,10500,,'',0,10400,,'',0,10500,,'',0,10500,,'',0,10500,,'',0,10600,,'',0,10100,,'',0,10000,,'',0
'2293',3300,61900,4,'',0,3000,4,'',0,7000,4,'',0,3100,4,'',0,7300,4,'',0,3100,4,'',0,6600,4,'',0,51300,4,'',0,7700,4,'',0,4000,4,'',0,7800,4,'',0,3100,4,'',0,8200,4,'',0,7200,4,'',0,3700,4,'',0,7800,4,'',0,10600,4,'',0,9900,4,'',0
'2293',3301,55500,,'',0,7000,,'',0,3000,,'',0,7000,,'',0,3000,,'',0,7000,,'',0,3000,,'',0,7500,,'',0,7200,,'',0,3300,,'',0,7500,,'',0,3500,,'',0,7500,,'',0,3600,,'',0,7400,,'',0,7500,,'',0,3500,,'',0,7800,,'',0,4000,,'',0,7100,,'',0,7900,,'',0,3500,,'',0,7700,,'',0,8000,,'',0,4000,,'',0,7000,,'',0,3000,,'',0,7000,,'',0
'1781',3400,80500,4,'',0,3200,4,'',0,7000,4,'',0,3000,4,'',0,7000,4,'',0,3200,4,'',0,7300,4,'',0,3500,4,'',0,7500,4,'',0,3500,4,'',0,7500,4,'',0,7500,4,'',0,3500,4,'',0,7500,4,'',0,3500,4,'',0,7500,4,'',0,7500,4,'',0,3500,4,'',0,7500,4,'',0,11000,4,'',0,10900,4,'',0
'1781',3401,74500,,'',0,7000,,'',0,3000,,'',0,7000,,'',0,3000,,'',0,7200,,'',0,3300,,'',0,7500,,'',0,7500,,'',0,3500,,'',0,7500,,'',0,3500,,'',0,7500,,'',0,3500,,'',0,7500,,'',0,7500,,'',0,3500,,'',0,7500,,'',0,3500,,'',0,15000,,'',0,11000,,'',0
'2091',3400,83800,4,'',0,17500,4,'',0,12300,4,'',0,18000,4,'',0,12500,4,'',0,16300,4,'',0,13000,4,'',0,17900,4,'',0
'2091',3401,81800,,'',0,13400,,'',0,16300,,'',0,14000,,'',0,16500,,'',0,12300,,'',0,17000,,'',0,13900,,'',0
'2293',3400,62000,4,'',0,3000,4,'',0,7000,4,'',0,2600,4,'',0,7400,4,'',0,3100,4,'',0,7100,4,'',0,3000,4,'',0,10500,4,'',0,7500,4,'',0,7500,4,'',0,3500,4,'',0,7500,4,'',0,3500,4,'',0,7700,4,'',0,8500,4,'',0,3000,4,'',0,7600,4,'',0,3800,4,'',0,7600,4,'',0,7800,4,'',0,3400,4,'',0,7900,4,'',0,7900,4,'',0,10100,4,'',0
'2293',3401,55500,,'',0,7000,,'',0,3000,,'',0,7000,,'',0,3000,,'',0,7000,,'',0,7500,,'',0,3000,,'',0,7000,,'',0,3500,,'',0,7500,,'',0,3500,,'',0,7500,,'',0,3500,,'',0,7500,,'',0,7500,,'',0,4000,,'',0,7300,,'',0,3900,,'',0,7800,,'',0,7300,,'',0,3800,,'',0,7400,,'',0,8000,,'',0,4000,,'',0,10000,,'',0,9700,,'',0
'1781',3500,84300,4,'',0,67200,4,'',0,22000,4,'',0
'1781',3501,82400,,'',0,63100,,'',0,26000,,'',0
'2091',3500,95200,4,'',0,30300,4,'',0,59700,4,'',0
'2091',3501,93200,,'',0,30300,,'',0,59800,,'',0
'2293',3500,74400,4,'',0,6500,4,'',0,3600,4,'',0,35900,4,'',0,33200,4,'',0,26800,4,'',0
'2293',3501,72500,,'',0,2500,,'',0,7500,,'',0,32000,,'',0,37000,,'',0,23000,,'',0
'1781',3900,84500,,'',0,9000,4,'',0,1000,,'',0,9000,4,'',0,1000,,'',0,9100,4,'',0,900,,'',0,9300,4,'',0,700,,'',0,9300,4,'',0,700,,'',0,9400,4,'',0,7600,,'',0,9200,4,'',0,800,,'',0,9100,4,'',0,2900,,'',0,8900,4,'',0
'2091',3900,84000,,'',0,8900,4,'',0,9600,,'',0,9000,4,'',0,3000,,'',0,9000,4,'',0,9500,,'',0,9000,4,'',0,3000,,'',0,9000,4,'',0,8000,,'',0,8900,4,'',0,3600,,'',0,8800,4,'',0
'2293',3900,84500,,'',0,9100,4,'',0,900,,'',0,9200,4,'',0,800,,'',0,9200,4,'',0,7800,,'',0,9200,4,'',0,800,,'',0,9200,4,'',0,800,,'',0,9200,4,'',0,3300,,'',0,9200,4,'',0,800,,'',0,9200,4,'',0,7300,,'',0,5100,4,'',0
