'1185',200,55800,0,'McMillan',0,7000,0,'McMillan',0,3000,0,'McMillan',0,7000,0,'McMillan',0,2000,0,'McMillan',0,6000,0,'McMillan',0,2000,0,'McMillan',0,2000,0,'McMillan',0,6000,0,'McMillan',0,2000,0,'McMillan',0,2000,0,'McMillan',0,6000,0,'McMillan',0,2000,0,'McMillan',0,2300,0,'McMillan',0,6300,0,'McMillan',0,2300,0,'McMillan',0,6300,0,'McMillan',0,2300,0,'McMillan',0,2300,0,'McMillan',0,6300,0,'McMillan',0,2300,0,'McMillan',0,2300,0,'McMillan',0,6300,0,'McMillan',0,2300,0,'McMillan',0,6300,0,'McMillan',0,2000,0,'McMillan',0,2000,0,'McMillan',0,6000,0,'McMillan',0,2000,0,'McMillan',0,2000,0,'McMillan',0,6000,0,'McMillan',0,2000,0,'McMillan',0,2000,0,'McMillan',0,6000,0,'McMillan',0,2000,0,'McMillan',0,3000,0,'McMillan',0,7000,0,'McMillan',0,3000,0,'McMillan',0,7000,0,'McMillan',0,3000,0,'McMillan',0,7000,0,'McMillan',0,3000,0,'McMillan',0
'1313',200,64300,0,'McMillan',0,7000,0,'McMillan',0,3000,0,'McMillan',0,7000,0,'McMillan',0,3000,0,'McMillan',0,7000,0,'McMillan',0,3000,0,'McMillan',0,7000,0,'McMillan',0,3000,0,'McMillan',0,7000,0,'McMillan',0,3000,0,'McMillan',0,7000,0,'McMillan',0,3000,0,'McMillan',0,7000,0,'McMillan',0,3000,0,'McMillan',0,7000,0,'McMillan',0,3000,0,'McMillan',0,7000,0,'McMillan',0,3000,0,'McMillan',0,7000,0,'McMillan',0,3000,0,'McMillan',0,7000,0,'McMillan',0,3000,0,'McMillan',0,7000,0,'McMillan',0,3000,0,'McMillan',0,7000,0,'McMillan',0,3000,0,'McMillan',0,7000,0,'McMillan',0,3000,0,'McMillan',0,7000,0,'McMillan',0,3000,0,'McMillan',0,7000,0,'McMillan',0,3000,0,'McMillan',0
'1314',200,64300,0,'McMillan',0,8500,0,'McMillan',0,8500,0,'McMillan',0,4500,0,'McMillan',0,8500,0,'McMillan',0,8500,0,'McMillan',0,8500,0,'McMillan',0,4500,0,'McMillan',0,8500,0,'McMillan',0,8500,0,'McMillan',0,8500,0,'McMillan',0,4500,0,'McMillan',0,8500,0,'McMillan',0,8500,0,'McMillan',0,8500,0,'McMillan',0,4500,0,'McMillan',0,8500,0,'McMillan',0,8500,0,'McMillan',0,8500,0,'McMillan',0
'927',200,64300,0,'McMillan',0,8500,0,'McMillan',0,8500,0,'McMillan',0,4500,0,'McMillan',0,8500,0,'McMillan',0,8500,0,'McMillan',0,8500,0,'McMillan',0,4500,0,'McMillan',0,8500,0,'McMillan',0,8500,0,'McMillan',0,8500,0,'McMillan',0,4500,0,'McMillan',0,8500,0,'McMillan',0,8500,0,'McMillan',0,8500,0,'McMillan',0,4500,0,'McMillan',0,8500,0,'McMillan',0,8500,0,'McMillan',0,8500,0,'McMillan',0
'1313',401,202300,,'',0,10000,,'',0
'1314',401,64000,,'',0,17000,,'',0,12800,,'',0,17200,,'',0,13000,,'',0,17000,,'',0,13000,,'',0,17300,,'',0,12700,,'',0
'927',401,64000,,'',0,17000,,'',0,12800,,'',0,17200,,'',0,13000,,'',0,17000,,'',0,13000,,'',0,17300,,'',0,12700,,'',0
'1185',501,62900,,'',0,8900,,'',0,2900,,'',0,7000,,'',0,3000,,'',0,7000,,'',0,3000,,'',0,7000,,'',0,3000,,'',0,7000,,'',0,3000,,'',0,7000,,'',0,3000,,'',0,7000,,'',0,3000,,'',0,7000,,'',0,2900,,'',0,7000,,'',0,3000,,'',0,7000,,'',0,3000,,'',0,7100,,'',0,3000,,'',0,7000,,'',0,3700,,'',0,14800,,'',0,10900,,'',0,11200,,'',0
'1313',900,184600,0,'McKee',0,10000,0,'McKee',0,16500,0,'McKee',0,10000,0,'McKee',0
'1314',900,73000,0,'McKee',0,10000,0,'McKee',0,10000,0,'McKee',0,10000,0,'McKee',0,10000,0,'McKee',0,10000,0,'McKee',0,10000,0,'McKee',0,10000,0,'McKee',0,10000,0,'McKee',0,10000,0,'McKee',0,10000,0,'McKee',0,10000,0,'McKee',0,10000,0,'McKee',0
'927',900,73000,0,'McKee',0,10000,0,'McKee',0,10000,0,'McKee',0,10000,0,'McKee',0,10000,0,'McKee',0,10000,0,'McKee',0,10000,0,'McKee',0,10000,0,'McKee',0,10000,0,'McKee',0,10000,0,'McKee',0,10000,0,'McKee',0,10000,0,'McKee',0,10000,0,'McKee',0
'1185',1201,71300,,'',0,3900,,'',0,7900,,'',0,8000,,'',0,4000,,'',0,6900,,'',0,11600,,'',0,11700,,'',0,15500,,'',0,12000,,'',0,7500,,'',0,3900,,'',0,7600,,'',0
'1185',2400,143400,0,'Ctr Loop',0
'1185',2600,141800,0,'Sandy Hl',0
'1185',2601,74700,0,'Sandy Hl',0
