'1349',101,62400,,'',0,8100,,'',0,4100,,'',0,8500,,'',0,8500,,'',0,8600,,'',0,4600,,'',0,9000,,'',0,9000,,'',0,9000,,'',0,9000,,'',0,5000,,'',0,9000,,'',0,9000,,'',0,8900,,'',0,9000,,'',0,8500,,'',0,4400,,'',0,8500,,'',0,8500,,'',0,8500,,'',0,4500,,'',0,8500,,'',0,8500,,'',0,8500,,'',0,4500,,'',0,8500,,'',0
'2107',101,62000,,'',0,3800,,'',0,8700,,'',0,6900,,'',0,3000,,'',0,7000,,'',0,3000,,'',0,7000,,'',0,3100,,'',0,7100,,'',0,3300,,'',0,7300,,'',0,3300,,'',0,7300,,'',0,7500,,'',0,3500,,'',0,7300,,'',0,3500,,'',0,7500,,'',0,3200,,'',0,7300,,'',0,3300,,'',0,7100,,'',0,7000,,'',0,3000,,'',0,7000,,'',0,3000,,'',0,7000,,'',0,2700,,'',0,2900,,'',0,8700,,'',0
'2142',101,54700,,'',0,7000,,'',0,3000,,'',0,6000,,'',0,2800,,'',0,1900,,'',0,5900,,'',0,1900,,'',0,1900,,'',0,6000,,'',0,1900,,'',0,1800,,'',0,6000,,'',0,2000,,'',0,2000,,'',0,6600,,'',0,2300,,'',0,6400,,'',0,2500,,'',0,2500,,'',0,6500,,'',0,2500,,'',0,6500,,'',0,2000,,'',0,2000,,'',0,800,,'',0,5300,,'',0,2100,,'',0,2000,,'',0,5900,,'',0,2000,,'',0,2000,,'',0,5900,,'',0,2000,,'',0,2000,,'',0,6100,,'',0,2500,,'',0,7000,,'',0,3000,,'',0,2600,,'',0,7000,,'',0,2900,,'',0,7000,,'',0,3000,,'',0,7000,,'',0
'2144',101,62400,,'',0,8100,,'',0,4100,,'',0,8500,,'',0,8500,,'',0,8600,,'',0,4600,,'',0,9000,,'',0,9000,,'',0,9000,,'',0,9000,,'',0,5000,,'',0,9000,,'',0,9000,,'',0,8900,,'',0,9000,,'',0,8500,,'',0,4400,,'',0
'1349',400,72000,4,'',0,20400,4,'',0,12600,4,'',0,17100,4,'',0,13000,4,'',0,17000,4,'',0,13000,4,'',0,15900,4,'',0,13500,4,'',0,11000,4,'',0,17100,4,'',0,12900,4,'',0,17000,4,'',0,17500,4,'',0
'2107',400,63800,4,'',0,9200,4,'',0,9800,4,'',0,10100,4,'',0,10100,4,'',0,10600,4,'',0,10500,4,'',0,10000,4,'',0,10500,4,'',0,10700,4,'',0,10300,4,'',0,14500,4,'',0,10400,4,'',0,10000,4,'',0,10300,4,'',0,10000,4,'',0
'2144',400,72000,4,'',0,20400,4,'',0,12600,4,'',0,17100,4,'',0,13000,4,'',0,17000,4,'',0,13000,4,'',0,15900,4,'',0,13500,4,'',0
'1349',500,64900,4,'',0,10700,4,'',0,10100,4,'',0,9700,4,'',0,10100,4,'',0,10100,4,'',0,9100,4,'',0,9100,4,'',0,9500,4,'',0,9000,4,'',0,9000,4,'',0,9300,4,'',0,5000,4,'',0,9700,4,'',0,10000,4,'',0,10500,4,'',0,9500,4,'',0,10000,4,'',0,10000,4,'',0,10000,4,'',0,10000,4,'',0,10000,4,'',0
'2107',500,71000,4,'',0,10100,4,'',0,10100,4,'',0,3100,4,'',0,7200,4,'',0,3100,4,'',0,7000,4,'',0,3000,4,'',0,6900,4,'',0,3300,4,'',0,7300,4,'',0,3100,4,'',0,7200,4,'',0,3400,4,'',0,7200,4,'',0,7500,4,'',0,2900,4,'',0,6900,4,'',0,3000,4,'',0,7400,4,'',0,3000,4,'',0,6900,4,'',0,2900,4,'',0,7000,4,'',0,2800,4,'',0,6900,4,'',0,5600,4,'',0
'2142',500,62300,4,'',0,9200,4,'',0,3500,4,'',0,7000,4,'',0,3100,4,'',0,7000,4,'',0,3500,4,'',0,7000,4,'',0,3000,4,'',0,7600,4,'',0,7600,4,'',0,3000,4,'',0,7000,4,'',0,3600,4,'',0,7700,4,'',0,3500,4,'',0,7600,4,'',0,7400,4,'',0,3700,4,'',0,7400,4,'',0,3300,4,'',0,7000,4,'',0,3300,4,'',0,7300,4,'',0,3300,4,'',0,7000,4,'',0,8400,4,'',0,4500,4,'',0,9800,4,'',0
'2144',500,64900,4,'',0,10700,4,'',0,10100,4,'',0,9700,4,'',0,10100,4,'',0,10100,4,'',0,9100,4,'',0,9100,4,'',0,9500,4,'',0,9000,4,'',0,9000,4,'',0,9300,4,'',0,5000,4,'',0,9700,4,'',0,10000,4,'',0
'1349',701,64000,4,'',0,10300,4,'',0,9900,4,'',0,9800,4,'',0,9400,4,'',0,10300,4,'',0,9700,4,'',0,10300,4,'',0,9700,4,'',0,10200,4,'',0,9800,4,'',0,10100,4,'',0,9700,4,'',0,12500,4,'',0,7700,4,'',0,9800,4,'',0,10200,4,'',0,9800,4,'',0,10200,4,'',0,9800,4,'',0,10200,4,'',0
'2107',701,64200,4,'',0,9900,4,'',0,9900,4,'',0,9800,4,'',0,10400,4,'',0,10200,4,'',0,10600,4,'',0,10400,4,'',0,14800,4,'',0,10200,4,'',0,10600,4,'',0,10200,4,'',0,10200,4,'',0,10300,4,'',0,10000,4,'',0,12800,4,'',0
'2144',701,64000,4,'',0,10300,4,'',0,9900,4,'',0,9800,4,'',0,9400,4,'',0,10300,4,'',0,9700,4,'',0,10300,4,'',0,9700,4,'',0,10200,4,'',0,9800,4,'',0,10100,4,'',0,9700,4,'',0,12500,4,'',0
'1349',901,70900,4,'',0,13100,4,'',0,17200,4,'',0,12300,4,'',0,17100,4,'',0,13000,4,'',0,17000,4,'',0,13000,4,'',0,11900,4,'',0,17300,4,'',0,11000,4,'',0,17100,4,'',0,12900,4,'',0,17000,4,'',0
'2107',901,71900,4,'',0,9300,4,'',0,9800,4,'',0,10300,4,'',0,10200,4,'',0,10600,4,'',0,10500,4,'',0,10000,4,'',0,10500,4,'',0,10700,4,'',0,10300,4,'',0,10500,4,'',0,10300,4,'',0,9900,4,'',0,10200,4,'',0,9900,4,'',0
'2144',901,70900,4,'',0,13100,4,'',0,17200,4,'',0,12300,4,'',0,17100,4,'',0,13000,4,'',0,17000,4,'',0,13000,4,'',0,11900,4,'',0,17300,4,'',0
'2142',1200,74000,4,'',0,7500,4,'',0,4000,4,'',0,7800,4,'',0,7800,4,'',0,3300,4,'',0,15800,4,'',0,11600,4,'',0,11900,4,'',0,1800,4,'',0,8600,4,'',0,7200,4,'',0,3200,4,'',0,8000,4,'',0,3100,4,'',0
'1349',2101,90000,,'',0,13000,,'',0,12500,,'',0,16900,,'',0,13100,,'',0,16800,,'',0,13100,,'',0,17500,,'',0,10000,,'',0,13000,,'',0,16500,,'',0
'2107',2101,80700,,'',0,12700,,'',0,16600,,'',0,13000,,'',0,12900,,'',0,16800,,'',0,13200,,'',0,17600,,'',0
'2142',2101,55700,,'',0,7800,,'',0,8200,,'',0,10600,,'',0,10900,,'',0,12400,,'',0,15400,,'',0,12500,,'',0,7300,,'',0,4900,,'',0,8300,,'',0,10500,,'',0,16000,,'',0,11300,,'',0
'2144',2101,90000,,'',0,13000,,'',0,12500,,'',0,16900,,'',0,13100,,'',0,16800,,'',0,13100,,'',0
'2142',2400,145900,4,'',0
'2142',2401,81200,4,'',0
'2142',2601,82800,4,'',0
