'2047',601,62600,4,'',0,13100,4,'',0,9700,4,'',0,15100,4,'',0,4600,4,'',0,9000,4,'',0,10100,4,'',0,9000,4,'',0,9100,4,'',0,9400,4,'',0,9300,4,'',0,9000,4,'',0,5000,4,'',0,16000,4,'',0,11700,4,'',0
'2174',601,63000,4,'',0,12100,4,'',0,10200,4,'',0,10000,4,'',0,10500,4,'',0,14300,4,'',0,10700,4,'',0,10500,4,'',0,10100,4,'',0,10800,4,'',0,9700,4,'',0,10500,4,'',0,10400,4,'',0,10000,4,'',0,8900,4,'',0
'2403',601,92700,4,'',0,8000,4,'',0
'2492',601,62200,4,'',0,8900,4,'',0,3100,4,'',0,7700,4,'',0,3500,4,'',0,27500,4,'',0,11600,4,'',0,15500,4,'',0,4700,4,'',0,8600,4,'',0,8200,4,'',0,4000,4,'',0,8500,4,'',0,7800,4,'',0,3800,4,'',0,15500,4,'',0,9800,4,'',0,11500,4,'',0,10900,4,'',0
'2494',601,92700,4,'',0,8000,4,'',0
'2492',1700,65500,4,'',0,7300,4,'',0,8900,4,'',0,72500,4,'',0,7800,4,'',0,8500,4,'',0,3500,4,'',0,7500,4,'',0
'2047',2100,95800,4,'',0,17100,4,'',0,12900,4,'',0,17000,4,'',0,12900,4,'',0,16600,4,'',0,13200,4,'',0
'2174',2100,83500,4,'',0,20300,4,'',0,11900,4,'',0,19700,4,'',0,15800,4,'',0,11400,4,'',0,9300,4,'',0,9800,4,'',0,13000,4,'',0
'2403',2100,82900,4,'',0
'2492',2100,70000,4,'',0,3700,4,'',0,18900,4,'',0,12000,4,'',0,15400,4,'',0,12000,4,'',0,13600,4,'',0,7700,4,'',0,9400,4,'',0,7500,4,'',0,5300,4,'',0,15500,4,'',0,10800,4,'',0
'2494',2100,82900,4,'',0
'2403',2201,90700,4,'',0
'2492',2201,152400,4,'',0
'2494',2201,83700,4,'',0
'2047',3101,110900,4,'',0,10600,4,'',0,10500,4,'',0,10500,4,'',0,10500,4,'',0,10500,4,'',0,10400,4,'',0,10000,4,'',0
'2174',3101,83900,4,'',0,7200,4,'',0,2800,4,'',0,7300,4,'',0,3200,4,'',0,7500,4,'',0,3300,4,'',0,7800,4,'',0,7300,4,'',0,3700,4,'',0,7300,4,'',0,3700,4,'',0,7300,4,'',0,3600,4,'',0,7300,4,'',0,7600,4,'',0,3300,4,'',0,7700,4,'',0,3200,4,'',0,7600,4,'',0,10500,4,'',0,10500,4,'',0
'2492',3101,65000,4,'',0,7100,4,'',0,1400,4,'',0,1600,4,'',0,5400,4,'',0,1800,4,'',0,1500,4,'',0,1600,4,'',0,5700,4,'',0,1700,4,'',0,2900,4,'',0,7200,4,'',0,7300,4,'',0,3700,4,'',0,7400,4,'',0,3700,4,'',0,7300,4,'',0,7700,4,'',0,3300,4,'',0,7900,4,'',0,3700,4,'',0,5600,4,'',0,1800,4,'',0,1200,4,'',0,1700,4,'',0,5300,4,'',0,1800,4,'',0,1700,4,'',0,1400,4,'',0,5400,4,'',0,1400,4,'',0,1500,4,'',0,1800,4,'',0,6900,4,'',0,8500,4,'',0,12300,4,'',0,10700,4,'',0
