'1185',3100,61800,4,'',0,8500,4,'',0,1500,4,'',0,3400,4,'',0,7200,4,'',0,7600,4,'',0,53300,4,'',0,7500,4,'',0,1900,4,'',0,2100,4,'',0,5900,4,'',0,1800,4,'',0,1700,4,'',0,1500,4,'',0,5600,4,'',0,1400,4,'',0,1300,4,'',0,1900,4,'',0,5600,4,'',0,4000,4,'',0,7700,4,'',0,11900,4,'',0,15000,4,'',0,10900,4,'',0
'1185',3101,62400,,'',0,2900,,'',0,5500,,'',0,1400,,'',0,1600,,'',0,1500,,'',0,5500,,'',0,1500,,'',0,2600,,'',0,5900,,'',0,1500,,'',0,3500,,'',0,7500,,'',0,7500,,'',0,3500,,'',0,7600,,'',0,3500,,'',0,7500,,'',0,7500,,'',0,3600,,'',0,7900,,'',0,1500,,'',0,1600,,'',0,5500,,'',0,1400,,'',0,1600,,'',0,1500,,'',0,5700,,'',0,1500,,'',0,1500,,'',0,1500,,'',0,5800,,'',0,1500,,'',0,7500,,'',0,4000,,'',0,11500,,'',0,15500,,'',0
'1192',3100,61800,4,'',0,8500,4,'',0,1500,4,'',0,3400,4,'',0,7200,4,'',0,7600,4,'',0,53300,4,'',0,7500,4,'',0,1900,4,'',0,2100,4,'',0,5900,4,'',0,1800,4,'',0,1700,4,'',0,1500,4,'',0,5600,4,'',0,1400,4,'',0,1300,4,'',0,1900,4,'',0,5600,4,'',0,4000,4,'',0,7700,4,'',0,11900,4,'',0,15000,4,'',0,10900,4,'',0
'1192',3101,62400,,'',0,2900,,'',0,5500,,'',0,1400,,'',0,1600,,'',0,1500,,'',0,5500,,'',0,1500,,'',0,2600,,'',0,5900,,'',0,1500,,'',0,3500,,'',0,7500,,'',0,7500,,'',0,3500,,'',0,7600,,'',0,3500,,'',0,7500,,'',0,7500,,'',0,3600,,'',0,7900,,'',0,1500,,'',0,1600,,'',0,5500,,'',0,1400,,'',0,1600,,'',0,1500,,'',0,5700,,'',0,1500,,'',0,1500,,'',0,1500,,'',0,5800,,'',0,1500,,'',0,7500,,'',0,4000,,'',0,11500,,'',0,15500,,'',0
'1314',3100,104000,4,'',0,10500,4,'',0,10500,4,'',0,10500,4,'',0,14500,4,'',0,10500,4,'',0,10500,4,'',0
'1314',3101,104200,,'',0,10500,,'',0,10500,,'',0,10500,,'',0,14500,,'',0,10500,,'',0,10500,,'',0
'1407',3100,104000,4,'',0,10500,4,'',0,10500,4,'',0,10500,4,'',0,14500,4,'',0,10500,4,'',0,10500,4,'',0
'1407',3101,104200,,'',0,10500,,'',0,10500,,'',0,10500,,'',0,14500,,'',0,10500,,'',0,10500,,'',0
'1408',3100,182300,4,'',0,3200,4,'',0,14500,4,'',0,10500,4,'',0,9600,4,'',0
'1408',3101,81500,,'',0,3000,,'',0,7000,,'',0,3000,,'',0,7000,,'',0,3500,,'',0,7500,,'',0,7500,,'',0,3500,,'',0,7500,,'',0,3500,,'',0,7500,,'',0,3500,,'',0,7500,,'',0,7500,,'',0,3500,,'',0,7500,,'',0,3500,,'',0,7500,,'',0,7500,,'',0,10500,,'',0,10500,,'',0
'927',3100,104000,4,'',0,10500,4,'',0,10500,4,'',0,10500,4,'',0,14500,4,'',0,10500,4,'',0,10500,4,'',0
'927',3101,104200,,'',0,10500,,'',0,10500,,'',0,10500,,'',0,14500,,'',0,10500,,'',0,10500,,'',0
'1185',3200,61800,4,'',0,3000,4,'',0,7000,4,'',0,79300,4,'',0,4000,4,'',0,7500,4,'',0,7400,4,'',0,4100,4,'',0,7400,4,'',0,3500,4,'',0,8000,4,'',0,7900,4,'',0,4000,4,'',0,8000,4,'',0,10100,4,'',0
'1185',3201,55300,,'',0,7000,,'',0,3000,,'',0,6600,,'',0,2900,,'',0,6900,,'',0,3300,,'',0,7500,,'',0,7500,,'',0,3500,,'',0,7500,,'',0,3500,,'',0,7500,,'',0,3500,,'',0,7500,,'',0,7500,,'',0,3500,,'',0,7900,,'',0,3600,,'',0,7500,,'',0,8000,,'',0,3500,,'',0,7500,,'',0,8000,,'',0,4000,,'',0,8000,,'',0,8000,,'',0,10500,,'',0
'1192',3200,61800,4,'',0,3000,4,'',0,7000,4,'',0,79300,4,'',0,4000,4,'',0,7500,4,'',0,7400,4,'',0,4100,4,'',0,7400,4,'',0,3500,4,'',0,8000,4,'',0,7900,4,'',0,4000,4,'',0,8000,4,'',0,10100,4,'',0
'1192',3201,55300,,'',0,7000,,'',0,3000,,'',0,6600,,'',0,2900,,'',0,6900,,'',0,3300,,'',0,7500,,'',0,7500,,'',0,3500,,'',0,7500,,'',0,3500,,'',0,7500,,'',0,3500,,'',0,7500,,'',0,7500,,'',0,3500,,'',0,7900,,'',0,3600,,'',0,7500,,'',0,8000,,'',0,3500,,'',0,7500,,'',0,8000,,'',0,4000,,'',0,8000,,'',0,8000,,'',0,10500,,'',0
'1314',3201,84500,,'',0,9500,,'',0,10200,,'',0,10500,,'',0,10500,,'',0,10500,,'',0,14500,,'',0,10500,,'',0,10500,,'',0,9800,,'',0
'1407',3201,84500,,'',0,9500,,'',0,10200,,'',0,10500,,'',0,10500,,'',0,10500,,'',0,14500,,'',0,10500,,'',0,10500,,'',0,9800,,'',0
'1408',3200,185200,4,'',0,7500,4,'',0,7500,4,'',0,3000,4,'',0,7500,4,'',0,12300,4,'',0
'1408',3201,74500,,'',0,7000,,'',0,3000,,'',0,7000,,'',0,3000,,'',0,7000,,'',0,3500,,'',0,7500,,'',0,7500,,'',0,3500,,'',0,7500,,'',0,3500,,'',0,7500,,'',0,3500,,'',0,7500,,'',0,7500,,'',0,3500,,'',0,7500,,'',0,3500,,'',0,7500,,'',0,7500,,'',0,3500,,'',0,7000,,'',0,3500,,'',0,16300,,'',0
'927',3201,84500,,'',0,9500,,'',0,10200,,'',0,10500,,'',0,10500,,'',0,10500,,'',0,14500,,'',0,10500,,'',0,10500,,'',0,9800,,'',0
'1185',3300,64700,4,'',0,9900,4,'',0,6800,4,'',0,3200,4,'',0,7100,4,'',0,3400,4,'',0,7300,4,'',0,7600,4,'',0,3500,4,'',0,7500,4,'',0,3500,4,'',0,7500,4,'',0,3500,4,'',0,65000,4,'',0
'1192',3300,64700,4,'',0,9900,4,'',0,6800,4,'',0,3200,4,'',0,7100,4,'',0,3400,4,'',0,7300,4,'',0,7600,4,'',0,3500,4,'',0,7500,4,'',0,3500,4,'',0,7500,4,'',0,3500,4,'',0,65000,4,'',0
'1314',3300,93800,4,'',0,10200,4,'',0,10500,4,'',0,10500,4,'',0,10500,4,'',0,14500,4,'',0,10500,4,'',0,10500,4,'',0,9800,4,'',0
'1407',3300,93800,4,'',0,10200,4,'',0,10500,4,'',0,10500,4,'',0,10500,4,'',0,14500,4,'',0,10500,4,'',0,10500,4,'',0,9800,4,'',0
'1408',3300,84200,4,'',0,7000,4,'',0,3000,4,'',0,7000,4,'',0,3300,4,'',0,7500,4,'',0,3500,4,'',0,7500,4,'',0,7500,4,'',0,3500,4,'',0,7500,4,'',0,3500,4,'',0,7500,4,'',0,7500,4,'',0,3500,4,'',0,7500,4,'',0,3500,4,'',0,7500,4,'',0
'927',3300,93800,4,'',0,10200,4,'',0,10500,4,'',0,10500,4,'',0,10500,4,'',0,14500,4,'',0,10500,4,'',0,10500,4,'',0,9800,4,'',0
'1185',3400,74600,4,'',0,6900,4,'',0,3100,4,'',0,7100,4,'',0,3600,4,'',0,7200,4,'',0,7600,4,'',0,3500,4,'',0,7500,4,'',0,3500,4,'',0,7500,4,'',0,3600,4,'',0,7700,4,'',0,77100,4,'',0
'1192',3400,74600,4,'',0,6900,4,'',0,3100,4,'',0,7100,4,'',0,3600,4,'',0,7200,4,'',0,7600,4,'',0,3500,4,'',0,7500,4,'',0,3500,4,'',0,7500,4,'',0,3600,4,'',0,7700,4,'',0,77100,4,'',0
'1408',3400,81100,4,'',0,3000,4,'',0,7000,4,'',0,3000,4,'',0,7000,4,'',0,3000,4,'',0,7500,4,'',0,3500,4,'',0,7500,4,'',0,7500,4,'',0,3500,4,'',0,7500,4,'',0,3500,4,'',0,7500,4,'',0,3500,4,'',0,7500,4,'',0,7500,4,'',0,3500,4,'',0
