'1190',100,62900,0,'UFV',0,3000,0,'UFV',0,7000,0,'UFV',0,3000,0,'UFV',0,7000,0,'UFV',0,3000,0,'UFV',0,7000,0,'UFV',0,3000,0,'UFV',0,7000,0,'UFV',0,3000,0,'UFV',0,7000,0,'UFV',0,3000,0,'UFV',0,7000,0,'UFV',0,3000,0,'UFV',0,7000,0,'UFV',0,3000,0,'UFV',0,7000,0,'UFV',0,3000,0,'UFV',0,7000,0,'UFV',0,3000,0,'UFV',0,7000,0,'UFV',0,3000,0,'UFV',0,7000,0,'UFV',0,3000,0,'UFV',0,7000,0,'UFV',0,3000,0,'UFV',0,7000,0,'UFV',0,3000,0,'UFV',0,7000,0,'UFV',0,3000,0,'UFV',0,7000,0,'UFV',0,3000,0,'UFV',0,7000,0,'UFV',0
'1192',100,54700,0,'Bourquin Exch',0,5500,0,'UFV',0,3000,0,'UFV',0,2700,0,'UFV',0,7100,0,'UFV',0,1800,0,'UFV',0,5800,0,'UFV',0,1800,0,'UFV',0,1800,0,'UFV',0,5800,0,'UFV',0,1800,0,'UFV',0,1800,0,'UFV',0,1800,0,'UFV',0,5900,0,'UFV',0,2400,0,'UFV',0,6300,0,'UFV',0,2300,0,'UFV',0,2200,0,'UFV',0,6300,0,'UFV',0,2300,0,'UFV',0,2300,0,'UFV',0,6300,0,'UFV',0,2300,0,'UFV',0,6300,0,'UFV',0,2300,0,'UFV',0,2300,0,'UFV',0,6300,0,'UFV',0,1800,0,'UFV',0,1800,0,'UFV',0,5800,0,'UFV',0,1800,0,'UFV',0,1800,0,'UFV',0,5800,0,'UFV',0,1800,0,'UFV',0,1800,0,'UFV',0,1800,0,'UFV',0,5800,0,'UFV',0,2000,0,'UFV',0,7200,0,'UFV',0,3200,0,'UFV',0,6800,0,'UFV',0,3000,0,'UFV',0,7000,0,'UFV',0,3000,0,'UFV',0,7000,0,'UFV',0,3000,0,'Bourquin Exch',0
'1378',100,61900,0,'UFV',0,8500,0,'UFV',0,4500,0,'UFV',0,8500,0,'UFV',0,8500,0,'UFV',0,8500,0,'UFV',0,4500,0,'UFV',0,8500,0,'UFV',0,8500,0,'UFV',0,8500,0,'UFV',0,4500,0,'UFV',0,8500,0,'UFV',0,8500,0,'UFV',0,8500,0,'UFV',0,4500,0,'UFV',0,8500,0,'UFV',0,8500,0,'UFV',0,8500,0,'UFV',0,4500,0,'UFV',0
'1190',200,63900,0,'McMillan',0,7000,0,'McMillan',0,3000,0,'McMillan',0,7000,0,'McMillan',0,3000,0,'McMillan',0,7000,0,'McMillan',0,3000,0,'McMillan',0,7000,0,'McMillan',0,3000,0,'McMillan',0,7000,0,'McMillan',0,3000,0,'McMillan',0,7000,0,'McMillan',0,3000,0,'McMillan',0,7000,0,'McMillan',0,3000,0,'McMillan',0,7000,0,'McMillan',0,3000,0,'McMillan',0,7000,0,'McMillan',0,3000,0,'McMillan',0,7000,0,'McMillan',0,3000,0,'McMillan',0,7000,0,'McMillan',0,3000,0,'McMillan',0,7000,0,'McMillan',0,3000,0,'McMillan',0,7000,0,'McMillan',0,3000,0,'McMillan',0,7000,0,'McMillan',0,3000,0,'McMillan',0,7000,0,'McMillan',0,3000,0,'McMillan',0,7000,0,'McMillan',0,3000,0,'McMillan',0
'1192',200,55400,0,'McMillan',0,7000,0,'McMillan',0,3000,0,'McMillan',0,7000,0,'McMillan',0,2000,0,'McMillan',0,6000,0,'McMillan',0,2000,0,'McMillan',0,2000,0,'McMillan',0,6000,0,'McMillan',0,2000,0,'McMillan',0,2000,0,'McMillan',0,6000,0,'McMillan',0,2000,0,'McMillan',0,2300,0,'McMillan',0,6300,0,'McMillan',0,2300,0,'McMillan',0,2300,0,'McMillan',0,6300,0,'McMillan',0,2300,0,'McMillan',0,6300,0,'McMillan',0,2300,0,'McMillan',0,2300,0,'McMillan',0,6300,0,'McMillan',0,2300,0,'McMillan',0,6300,0,'McMillan',0,2000,0,'McMillan',0,2000,0,'McMillan',0,6000,0,'McMillan',0,2000,0,'McMillan',0,2000,0,'McMillan',0,6000,0,'McMillan',0,2000,0,'McMillan',0,2000,0,'McMillan',0,6000,0,'McMillan',0,2000,0,'McMillan',0,3000,0,'McMillan',0,7000,0,'McMillan',0,3000,0,'McMillan',0,7000,0,'McMillan',0,3000,0,'McMillan',0,7000,0,'McMillan',0,3000,0,'McMillan',0
'1378',200,63900,0,'McMillan',0,8500,0,'McMillan',0,8500,0,'McMillan',0,4500,0,'McMillan',0,8500,0,'McMillan',0,8500,0,'McMillan',0,8500,0,'McMillan',0,4500,0,'McMillan',0,8500,0,'McMillan',0,8500,0,'McMillan',0,8500,0,'McMillan',0,4500,0,'McMillan',0,8500,0,'McMillan',0,8500,0,'McMillan',0,8500,0,'McMillan',0,4500,0,'McMillan',0,8500,0,'McMillan',0,8500,0,'McMillan',0,8500,0,'McMillan',0
'1190',601,63300,,'',0,10000,,'',0,10000,,'',0,9900,,'',0,10100,,'',0,10000,,'',0,10000,,'',0,10000,,'',0,10000,,'',0,10000,,'',0,10000,,'',0,7000,,'',0,3000,,'',0,7000,,'',0,3000,,'',0,7400,,'',0,3200,,'',0,10000,,'',0,8000,,'',0
'1192',601,63100,,'',0,8500,,'',0,8600,,'',0,4500,,'',0,8400,,'',0,8500,,'',0,11500,,'',0,11500,,'',0,15500,,'',0,11800,,'',0,3300,,'',0,8500,,'',0,8400,,'',0,8300,,'',0,4200,,'',0,11000,,'',0,15000,,'',0,11000,,'',0,11000,,'',0
'1378',601,63900,,'',0,10000,,'',0,10000,,'',0,10000,,'',0,10000,,'',0,10000,,'',0,10000,,'',0,10000,,'',0,10000,,'',0,10000,,'',0,10000,,'',0,10000,,'',0,10000,,'',0,10000,,'',0
'1192',1700,70400,,'',0,2400,,'',0,8700,,'',0,32500,,'',0,40500,,'',0,8500,,'',0,7000,,'',0,4200,,'',0,6800,,'',0
'1190',2100,93500,,'',0,19300,,'',0,12200,,'',0,30100,,'',0,20000,,'',0,18200,,'',0
'1192',2100,70700,,'',0,2600,,'',0,9700,,'',0,10200,,'',0,11900,,'',0,25200,,'',0,19900,,'',0,10200,,'',0,10100,,'',0,19600,,'',0,11200,,'',0
'1378',2100,101300,,'',0,11400,,'',0,11100,,'',0,26500,,'',0,12400,,'',0,11100,,'',0
