'2047',100,61500,0,'UFV',0,3800,0,'UFV',0,8100,0,'UFV',0,8100,0,'UFV',0,8600,0,'UFV',0,4600,0,'UFV',0,8600,0,'UFV',0,8800,0,'UFV',0,9000,0,'UFV',0,9100,0,'UFV',0,5100,0,'UFV',0,9000,0,'UFV',0,9000,0,'UFV',0,9000,0,'UFV',0,9000,0,'UFV',0,8700,0,'UFV',0,5000,0,'UFV',0,9900,0,'UFV',0
'2174',100,61800,0,'UFV',0,3100,0,'UFV',0,7800,0,'UFV',0,8700,0,'UFV',0,3000,0,'UFV',0,7000,0,'UFV',0,3200,0,'UFV',0,7100,0,'UFV',0,3000,0,'UFV',0,7200,0,'UFV',0,3100,0,'UFV',0,7300,0,'UFV',0,3300,0,'UFV',0,7500,0,'UFV',0,7500,0,'UFV',0,3500,0,'UFV',0,7500,0,'UFV',0,3300,0,'UFV',0,7400,0,'UFV',0,3400,0,'UFV',0,7200,0,'UFV',0,7300,0,'UFV',0,3200,0,'UFV',0,7000,0,'UFV',0,2900,0,'UFV',0,6900,0,'UFV',0,3000,0,'UFV',0,6900,0,'UFV',0,3000,0,'UFV',0,2700,0,'UFV',0,6600,0,'UFV',0
'2358',100,53500,0,'UFV',0,8100,0,'UFV',0,3000,0,'UFV',0,7200,0,'UFV',0,2100,0,'UFV',0,6100,0,'UFV',0,800,0,'UFV',0,1900,0,'UFV',0,1900,0,'UFV',0,5900,0,'UFV',0,1900,0,'UFV',0,1900,0,'UFV',0,5900,0,'UFV',0,1800,0,'UFV',0,2000,0,'UFV',0,6200,0,'UFV',0,2000,0,'UFV',0,2500,0,'UFV',0,6400,0,'UFV',0,2500,0,'UFV',0,6500,0,'UFV',0,2500,0,'UFV',0,2500,0,'UFV',0,6500,0,'UFV',0,2600,0,'UFV',0,6200,0,'UFV',0,2000,0,'UFV',0,2100,0,'UFV',0,6100,0,'UFV',0,2000,0,'UFV',0,2000,0,'UFV',0,5900,0,'UFV',0,1800,0,'UFV',0,1800,0,'UFV',0,5900,0,'UFV',0,1900,0,'UFV',0,2000,0,'UFV',0,6600,0,'UFV',0,2900,0,'UFV',0,6900,0,'UFV',0,2900,0,'UFV',0,2700,0,'UFV',0,6800,0,'UFV',0,3000,0,'UFV',0,7000,0,'UFV',0
'2047',200,63200,0,'McMillan',0,8300,0,'McMillan',0,4200,0,'McMillan',0,8600,0,'McMillan',0,8600,0,'McMillan',0,8600,0,'McMillan',0,8500,0,'McMillan',0,5300,0,'McMillan',0,9100,0,'McMillan',0,9100,0,'McMillan',0,9100,0,'McMillan',0,9100,0,'McMillan',0,9100,0,'McMillan',0,4800,0,'McMillan',0,9000,0,'McMillan',0,8700,0,'McMillan',0,8900,0,'McMillan',0,8200,0,'McMillan',0
'2174',200,61500,0,'McMillan',0,8500,0,'McMillan',0,3500,0,'McMillan',0,7000,0,'McMillan',0,3000,0,'McMillan',0,7000,0,'McMillan',0,3100,0,'McMillan',0,7100,0,'McMillan',0,3000,0,'McMillan',0,7000,0,'McMillan',0,3300,0,'McMillan',0,7400,0,'McMillan',0,3300,0,'McMillan',0,7400,0,'McMillan',0,3500,0,'McMillan',0,7400,0,'McMillan',0,7500,0,'McMillan',0,3400,0,'McMillan',0,7300,0,'McMillan',0,3500,0,'McMillan',0,7100,0,'McMillan',0,3200,0,'McMillan',0,7400,0,'McMillan',0,3100,0,'McMillan',0,7100,0,'McMillan',0,3000,0,'McMillan',0,6800,0,'McMillan',0,3000,0,'McMillan',0,7000,0,'McMillan',0,2600,0,'McMillan',0,7200,0,'McMillan',0
'2358',200,54900,0,'McMillan',0,6300,0,'McMillan',0,3100,0,'McMillan',0,7100,0,'McMillan',0,2800,0,'McMillan',0,6200,0,'McMillan',0,2100,0,'McMillan',0,1700,0,'McMillan',0,5800,0,'McMillan',0,2100,0,'McMillan',0,1900,0,'McMillan',0,6000,0,'McMillan',0,2000,0,'McMillan',0,1800,0,'McMillan',0,6500,0,'McMillan',0,5000,0,'McMillan',0,6500,0,'McMillan',0,2500,0,'McMillan',0,9000,0,'McMillan',0,2500,0,'McMillan',0,6600,0,'McMillan',0,9700,0,'McMillan',0,1800,0,'McMillan',0,1800,0,'McMillan',0,5900,0,'McMillan',0,1500,0,'McMillan',0,7900,0,'McMillan',0,1800,0,'McMillan',0,2000,0,'McMillan',0,6000,0,'McMillan',0,2000,0,'McMillan',0,2000,0,'McMillan',0,5900,0,'McMillan',0,2100,0,'McMillan',0,2300,0,'McMillan',0,7000,0,'McMillan',0,2900,0,'McMillan',0,6800,0,'McMillan',0,2800,0,'McMillan',0,7000,0,'McMillan',0
'2361',200,112800,0,'McMillan',0,18000,0,'McMillan',0,14900,0,'McMillan',0,19400,0,'McMillan',0
'2403',200,112800,0,'McMillan',0,18000,0,'McMillan',0,14900,0,'McMillan',0,19400,0,'McMillan',0
'2358',1700,65000,,'',0,7200,,'',0,8900,,'',0,72400,,'',0,7800,,'',0,4400,,'',0,7600,,'',0,7600,,'',0
'2047',2100,95200,,'',0,17100,,'',0,12800,,'',0,17000,,'',0,13000,,'',0,16600,,'',0,13200,,'',0
'2174',2100,82900,,'',0,20200,,'',0,11900,,'',0,19600,,'',0,15800,,'',0,11400,,'',0,9400,,'',0,9800,,'',0,13100,,'',0
'2358',2100,65500,,'',0,7600,,'',0,18900,,'',0,11900,,'',0,11400,,'',0,15900,,'',0,13600,,'',0,7700,,'',0,9400,,'',0,3500,,'',0,9300,,'',0,15600,,'',0,10900,,'',0
'2361',2100,82300,,'',0
'2403',2100,82300,,'',0
'2358',2400,143200,0,'Ctr Loop',0
