'1378',200,64400,0,'McMillan',0,8500,0,'McMillan',0,8500,0,'McMillan',0,4500,0,'McMillan',0,8500,0,'McMillan',0,8500,0,'McMillan',0,8500,0,'McMillan',0,4500,0,'McMillan',0,8500,0,'McMillan',0,8500,0,'McMillan',0,8500,0,'McMillan',0,4500,0,'McMillan',0,8500,0,'McMillan',0,8500,0,'McMillan',0,8500,0,'McMillan',0,4500,0,'McMillan',0,8500,0,'McMillan',0,8500,0,'McMillan',0,8500,0,'McMillan',0
'1383',200,64400,0,'McMillan',0,7000,0,'McMillan',0,3000,0,'McMillan',0,7000,0,'McMillan',0,3000,0,'McMillan',0,7000,0,'McMillan',0,3000,0,'McMillan',0,7000,0,'McMillan',0,3000,0,'McMillan',0,7000,0,'McMillan',0,3000,0,'McMillan',0,7000,0,'McMillan',0,3000,0,'McMillan',0,7000,0,'McMillan',0,3000,0,'McMillan',0,7000,0,'McMillan',0,3000,0,'McMillan',0,7000,0,'McMillan',0,3000,0,'McMillan',0,7000,0,'McMillan',0,3000,0,'McMillan',0,7000,0,'McMillan',0,3000,0,'McMillan',0,7000,0,'McMillan',0,3000,0,'McMillan',0,7000,0,'McMillan',0,3000,0,'McMillan',0,7000,0,'McMillan',0,3000,0,'McMillan',0,7000,0,'McMillan',0,3000,0,'McMillan',0,7000,0,'McMillan',0,3000,0,'McMillan',0
'1386',200,55900,0,'McMillan',0,7000,0,'McMillan',0,3000,0,'McMillan',0,7000,0,'McMillan',0,2000,0,'McMillan',0,6000,0,'McMillan',0,2000,0,'McMillan',0,2000,0,'McMillan',0,6000,0,'McMillan',0,2000,0,'McMillan',0,2000,0,'McMillan',0,6000,0,'McMillan',0,2000,0,'McMillan',0,2300,0,'McMillan',0,6300,0,'McMillan',0,2300,0,'McMillan',0,6300,0,'McMillan',0,2300,0,'McMillan',0,2300,0,'McMillan',0,6300,0,'McMillan',0,2300,0,'McMillan',0,2300,0,'McMillan',0,6300,0,'McMillan',0,2300,0,'McMillan',0,6300,0,'McMillan',0,2000,0,'McMillan',0,2000,0,'McMillan',0,6000,0,'McMillan',0,2000,0,'McMillan',0,2000,0,'McMillan',0,6000,0,'McMillan',0,2000,0,'McMillan',0,2000,0,'McMillan',0,6000,0,'McMillan',0,2000,0,'McMillan',0,3000,0,'McMillan',0,7000,0,'McMillan',0,3000,0,'McMillan',0,7000,0,'McMillan',0,3000,0,'McMillan',0,7000,0,'McMillan',0,3000,0,'McMillan',0
'1387',200,64400,0,'McMillan',0,7000,0,'McMillan',0,3000,0,'McMillan',0,7000,0,'McMillan',0,3000,0,'McMillan',0,7000,0,'McMillan',0,3000,0,'McMillan',0,7000,0,'McMillan',0,3000,0,'McMillan',0,7000,0,'McMillan',0,3000,0,'McMillan',0,7000,0,'McMillan',0,3000,0,'McMillan',0,7000,0,'McMillan',0,3000,0,'McMillan',0,7000,0,'McMillan',0,3000,0,'McMillan',0,7000,0,'McMillan',0,3000,0,'McMillan',0,7000,0,'McMillan',0,3000,0,'McMillan',0,7000,0,'McMillan',0,3000,0,'McMillan',0,7000,0,'McMillan',0,3000,0,'McMillan',0,7000,0,'McMillan',0,3000,0,'McMillan',0,7000,0,'McMillan',0,3000,0,'McMillan',0,7000,0,'McMillan',0,3000,0,'McMillan',0,7000,0,'McMillan',0,3000,0,'McMillan',0
'1388',200,64400,0,'McMillan',0,8500,0,'McMillan',0,8500,0,'McMillan',0,4500,0,'McMillan',0,8500,0,'McMillan',0,8500,0,'McMillan',0,8500,0,'McMillan',0,4500,0,'McMillan',0,8500,0,'McMillan',0,8500,0,'McMillan',0,8500,0,'McMillan',0,4500,0,'McMillan',0,8500,0,'McMillan',0,8500,0,'McMillan',0,8500,0,'McMillan',0,4500,0,'McMillan',0,8500,0,'McMillan',0,8500,0,'McMillan',0,8500,0,'McMillan',0
'1618',200,55900,0,'McMillan',0,7000,0,'McMillan',0,3000,0,'McMillan',0,7000,0,'McMillan',0,2000,0,'McMillan',0,6000,0,'McMillan',0,2000,0,'McMillan',0,2000,0,'McMillan',0,6000,0,'McMillan',0,2000,0,'McMillan',0,2000,0,'McMillan',0,6000,0,'McMillan',0,2000,0,'McMillan',0,2300,0,'McMillan',0,6300,0,'McMillan',0,2300,0,'McMillan',0,6300,0,'McMillan',0,2300,0,'McMillan',0,2300,0,'McMillan',0,6300,0,'McMillan',0,2300,0,'McMillan',0,2300,0,'McMillan',0,6300,0,'McMillan',0,2300,0,'McMillan',0,6300,0,'McMillan',0,2000,0,'McMillan',0,2000,0,'McMillan',0,6000,0,'McMillan',0,2000,0,'McMillan',0,2000,0,'McMillan',0,6000,0,'McMillan',0,2000,0,'McMillan',0,2000,0,'McMillan',0,6000,0,'McMillan',0,2000,0,'McMillan',0,3000,0,'McMillan',0,7000,0,'McMillan',0,3000,0,'McMillan',0,7000,0,'McMillan',0,3000,0,'McMillan',0,7000,0,'McMillan',0,3000,0,'McMillan',0
'1378',401,64100,,'',0,17000,,'',0,12800,,'',0,17200,,'',0,13000,,'',0,17000,,'',0,13000,,'',0,17300,,'',0,12600,,'',0
'1383',401,202400,,'',0,10000,,'',0
'1387',401,202400,,'',0,10000,,'',0
'1388',401,64100,,'',0,17000,,'',0,12800,,'',0,17200,,'',0,13000,,'',0,17000,,'',0,13000,,'',0,17300,,'',0,12600,,'',0
'1386',501,63000,,'',0,8900,,'',0,2900,,'',0,7000,,'',0,3000,,'',0,7000,,'',0,3000,,'',0,7000,,'',0,3000,,'',0,7000,,'',0,3000,,'',0,7000,,'',0,3000,,'',0,7000,,'',0,3000,,'',0,7000,,'',0,2900,,'',0,7000,,'',0,3000,,'',0,7000,,'',0,3000,,'',0,7100,,'',0,3000,,'',0,7000,,'',0,3700,,'',0,14800,,'',0,10900,,'',0,11200,,'',0
'1618',501,63000,,'',0,8900,,'',0,2900,,'',0,7000,,'',0,3000,,'',0,7000,,'',0,3000,,'',0,7000,,'',0,3000,,'',0,7000,,'',0,3000,,'',0,7000,,'',0,3000,,'',0,7000,,'',0,3000,,'',0,7000,,'',0,2900,,'',0,7000,,'',0,3000,,'',0,7000,,'',0,3000,,'',0,7100,,'',0,3000,,'',0,7000,,'',0,3700,,'',0,14800,,'',0,10900,,'',0,11200,,'',0
'1378',900,73100,0,'McKee',0,10000,0,'McKee',0,10000,0,'McKee',0,10000,0,'McKee',0,10000,0,'McKee',0,10000,0,'McKee',0,10000,0,'McKee',0,10000,0,'McKee',0,10000,0,'McKee',0,10000,0,'McKee',0,10000,0,'McKee',0,10000,0,'McKee',0,10000,0,'McKee',0
'1383',900,184700,0,'McKee',0,10000,0,'McKee',0,16500,0,'McKee',0,10000,0,'McKee',0
'1387',900,184700,0,'McKee',0,10000,0,'McKee',0,16500,0,'McKee',0,10000,0,'McKee',0
'1388',900,73100,0,'McKee',0,10000,0,'McKee',0,10000,0,'McKee',0,10000,0,'McKee',0,10000,0,'McKee',0,10000,0,'McKee',0,10000,0,'McKee',0,10000,0,'McKee',0,10000,0,'McKee',0,10000,0,'McKee',0,10000,0,'McKee',0,10000,0,'McKee',0,10000,0,'McKee',0
'1386',1201,71300,,'',0,3900,,'',0,7900,,'',0,8000,,'',0,4000,,'',0,6900,,'',0,11600,,'',0,11700,,'',0,15500,,'',0,12000,,'',0,7500,,'',0,3900,,'',0,7600,,'',0
'1618',1201,71300,,'',0,3900,,'',0,7900,,'',0,8000,,'',0,4000,,'',0,6900,,'',0,11600,,'',0,11700,,'',0,15500,,'',0,12000,,'',0,7500,,'',0,3900,,'',0,7600,,'',0
