'2863',100,61800,0,'UFV',0,3900,0,'UFV',0,8100,0,'UFV',0,8100,0,'UFV',0,8600,0,'UFV',0,4700,0,'UFV',0,8600,0,'UFV',0,8800,0,'UFV',0,9000,0,'UFV',0,9100,0,'UFV',0,5100,0,'UFV',0,9000,0,'UFV',0,9000,0,'UFV',0,9000,0,'UFV',0,9000,0,'UFV',0,8700,0,'UFV',0,5000,0,'UFV',0,9900,0,'UFV',0
'2864',100,53800,0,'UFV',0,8200,0,'UFV',0,3000,0,'UFV',0,7200,0,'UFV',0,2200,0,'UFV',0,6100,0,'UFV',0,800,0,'UFV',0,1900,0,'UFV',0,1900,0,'UFV',0,5900,0,'UFV',0,1900,0,'UFV',0,1900,0,'UFV',0,5900,0,'UFV',0,1800,0,'UFV',0,2000,0,'UFV',0,6200,0,'UFV',0,2000,0,'UFV',0,2500,0,'UFV',0,6400,0,'UFV',0,2500,0,'UFV',0,6500,0,'UFV',0,2500,0,'UFV',0,2600,0,'UFV',0,6500,0,'UFV',0,2600,0,'UFV',0,6200,0,'UFV',0,2000,0,'UFV',0,2100,0,'UFV',0,6000,0,'UFV',0,2000,0,'UFV',0,2000,0,'UFV',0,5900,0,'UFV',0,1800,0,'UFV',0,1800,0,'UFV',0,5900,0,'UFV',0,1900,0,'UFV',0,2000,0,'UFV',0,6600,0,'UFV',0,2900,0,'UFV',0,6900,0,'UFV',0,2800,0,'UFV',0,6700,0,'UFV',0,2800,0,'UFV',0,7000,0,'UFV',0,2900,0,'UFV',0
'2866',100,53800,0,'UFV',0,8200,0,'UFV',0,3000,0,'UFV',0,7200,0,'UFV',0,2200,0,'UFV',0,6100,0,'UFV',0,800,0,'UFV',0,1900,0,'UFV',0,1900,0,'UFV',0,5900,0,'UFV',0,1900,0,'UFV',0,1900,0,'UFV',0,5900,0,'UFV',0,1800,0,'UFV',0,2000,0,'UFV',0,6200,0,'UFV',0,2000,0,'UFV',0,2500,0,'UFV',0,6400,0,'UFV',0,2500,0,'UFV',0,6500,0,'UFV',0,2500,0,'UFV',0,2600,0,'UFV',0,6500,0,'UFV',0,2600,0,'UFV',0,6200,0,'UFV',0,2000,0,'UFV',0,2100,0,'UFV',0,6000,0,'UFV',0,2000,0,'UFV',0,2000,0,'UFV',0,5900,0,'UFV',0,1800,0,'UFV',0,1800,0,'UFV',0,5900,0,'UFV',0,1900,0,'UFV',0,2000,0,'UFV',0,6600,0,'UFV',0,2900,0,'UFV',0,6900,0,'UFV',0,2800,0,'UFV',0,6700,0,'UFV',0,2800,0,'UFV',0,7000,0,'UFV',0,2900,0,'UFV',0
'2872',100,62100,0,'UFV',0,3100,0,'UFV',0,7900,0,'UFV',0,8700,0,'UFV',0,3100,0,'UFV',0,7000,0,'UFV',0,3200,0,'UFV',0,7100,0,'UFV',0,3000,0,'UFV',0,7200,0,'UFV',0,3100,0,'UFV',0,7400,0,'UFV',0,7300,0,'UFV',0,3500,0,'UFV',0,7500,0,'UFV',0,3500,0,'UFV',0,7400,0,'UFV',0,3300,0,'UFV',0,7400,0,'UFV',0,7400,0,'UFV',0,3200,0,'UFV',0,7300,0,'UFV',0,3200,0,'UFV',0,7000,0,'UFV',0,2900,0,'UFV',0,6800,0,'UFV',0,3000,0,'UFV',0,6900,0,'UFV',0,3000,0,'UFV',0,6700,0,'UFV',0,2600,0,'UFV',0
'2874',100,61800,0,'UFV',0,3900,0,'UFV',0,8100,0,'UFV',0,8100,0,'UFV',0,8600,0,'UFV',0,4700,0,'UFV',0,8600,0,'UFV',0,8800,0,'UFV',0,9000,0,'UFV',0,9100,0,'UFV',0,5100,0,'UFV',0,9000,0,'UFV',0,9000,0,'UFV',0,9000,0,'UFV',0,9000,0,'UFV',0,8700,0,'UFV',0,5000,0,'UFV',0,9900,0,'UFV',0
'2677',200,113400,0,'McMillan',0,18000,0,'McMillan',0,18900,0,'McMillan',0,15400,0,'McMillan',0
'2863',200,63600,0,'McMillan',0,8300,0,'McMillan',0,8200,0,'McMillan',0,4700,0,'McMillan',0,8600,0,'McMillan',0,8600,0,'McMillan',0,8500,0,'McMillan',0,5300,0,'McMillan',0,9100,0,'McMillan',0,9100,0,'McMillan',0,9100,0,'McMillan',0,9100,0,'McMillan',0,9100,0,'McMillan',0,8800,0,'McMillan',0,5000,0,'McMillan',0,8600,0,'McMillan',0,8900,0,'McMillan',0,8200,0,'McMillan',0
'2864',200,55300,0,'McMillan',0,6300,0,'McMillan',0,3100,0,'McMillan',0,7200,0,'McMillan',0,2800,0,'McMillan',0,6200,0,'McMillan',0,2100,0,'McMillan',0,1700,0,'McMillan',0,5800,0,'McMillan',0,2100,0,'McMillan',0,1900,0,'McMillan',0,6000,0,'McMillan',0,2100,0,'McMillan',0,1800,0,'McMillan',0,6500,0,'McMillan',0,2500,0,'McMillan',0,2500,0,'McMillan',0,6500,0,'McMillan',0,2500,0,'McMillan',0,6500,0,'McMillan',0,2500,0,'McMillan',0,6500,0,'McMillan',0,2600,0,'McMillan',0,7300,0,'McMillan',0,2400,0,'McMillan',0,1800,0,'McMillan',0,5800,0,'McMillan',0,1900,0,'McMillan',0,1500,0,'McMillan',0,2000,0,'McMillan',0,5900,0,'McMillan',0,1800,0,'McMillan',0,2000,0,'McMillan',0,5900,0,'McMillan',0,2000,0,'McMillan',0,2000,0,'McMillan',0,5900,0,'McMillan',0,2100,0,'McMillan',0,2300,0,'McMillan',0,7000,0,'McMillan',0,2900,0,'McMillan',0,6800,0,'McMillan',0,2800,0,'McMillan',0,6900,0,'McMillan',0
'2866',200,55300,0,'McMillan',0,6300,0,'McMillan',0,3100,0,'McMillan',0,7200,0,'McMillan',0,2800,0,'McMillan',0,6200,0,'McMillan',0,2100,0,'McMillan',0,1700,0,'McMillan',0,5800,0,'McMillan',0,2100,0,'McMillan',0,1900,0,'McMillan',0,6000,0,'McMillan',0,2100,0,'McMillan',0,1800,0,'McMillan',0,6500,0,'McMillan',0,5000,0,'McMillan',0,6500,0,'McMillan',0,2500,0,'McMillan',0,9000,0,'McMillan',0,6500,0,'McMillan',0,2600,0,'McMillan',0,9700,0,'McMillan',0,1800,0,'McMillan',0,5800,0,'McMillan',0,1900,0,'McMillan',0,1500,0,'McMillan',0,7900,0,'McMillan',0,1800,0,'McMillan',0,2000,0,'McMillan',0,5900,0,'McMillan',0,2000,0,'McMillan',0,2000,0,'McMillan',0,5900,0,'McMillan',0,2100,0,'McMillan',0,2300,0,'McMillan',0,7000,0,'McMillan',0,2900,0,'McMillan',0,6800,0,'McMillan',0,2800,0,'McMillan',0,6900,0,'McMillan',0
'2872',200,61800,0,'McMillan',0,8500,0,'McMillan',0,3600,0,'McMillan',0,7000,0,'McMillan',0,3100,0,'McMillan',0,7000,0,'McMillan',0,3100,0,'McMillan',0,7100,0,'McMillan',0,3000,0,'McMillan',0,7000,0,'McMillan',0,3300,0,'McMillan',0,7400,0,'McMillan',0,3300,0,'McMillan',0,7400,0,'McMillan',0,7500,0,'McMillan',0,3400,0,'McMillan',0,7500,0,'McMillan',0,3400,0,'McMillan',0,7300,0,'McMillan',0,3500,0,'McMillan',0,7100,0,'McMillan',0,3200,0,'McMillan',0,7300,0,'McMillan',0,3100,0,'McMillan',0,7100,0,'McMillan',0,7000,0,'McMillan',0,2800,0,'McMillan',0,3000,0,'McMillan',0,7000,0,'McMillan',0,2600,0,'McMillan',0,7200,0,'McMillan',0
'2874',200,63600,0,'McMillan',0,8300,0,'McMillan',0,8200,0,'McMillan',0,4700,0,'McMillan',0,8600,0,'McMillan',0,8600,0,'McMillan',0,8500,0,'McMillan',0,5300,0,'McMillan',0,9100,0,'McMillan',0,9100,0,'McMillan',0,9100,0,'McMillan',0,9100,0,'McMillan',0,9100,0,'McMillan',0,8800,0,'McMillan',0,5000,0,'McMillan',0,8600,0,'McMillan',0,8900,0,'McMillan',0,8200,0,'McMillan',0
'2875',200,113400,0,'McMillan',0,18000,0,'McMillan',0,18900,0,'McMillan',0,15400,0,'McMillan',0
'2677',601,92600,,'',0,8000,,'',0
'2863',601,62500,,'',0,13100,,'',0,9700,,'',0,15100,,'',0,4600,,'',0,9000,,'',0,10100,,'',0,9000,,'',0,9100,,'',0,9400,,'',0,9300,,'',0,5000,,'',0,9000,,'',0,16000,,'',0,11700,,'',0
'2864',601,62100,,'',0,8900,,'',0,3100,,'',0,7700,,'',0,3500,,'',0,7300,,'',0,8000,,'',0,12200,,'',0,11600,,'',0,11500,,'',0,8700,,'',0,8500,,'',0,8300,,'',0,4000,,'',0,8500,,'',0,7800,,'',0,3800,,'',0,15500,,'',0,9800,,'',0,11500,,'',0,10900,,'',0
'2866',601,62100,,'',0,8900,,'',0,3100,,'',0,7700,,'',0,3500,,'',0,27500,,'',0,11600,,'',0,11500,,'',0,8700,,'',0,8500,,'',0,8300,,'',0,4000,,'',0,8500,,'',0,7800,,'',0,3800,,'',0,15500,,'',0,9800,,'',0,11500,,'',0,10900,,'',0
'2872',601,62900,,'',0,12100,,'',0,10200,,'',0,10000,,'',0,10500,,'',0,14300,,'',0,10700,,'',0,10500,,'',0,10100,,'',0,10800,,'',0,9700,,'',0,10500,,'',0,10400,,'',0,10000,,'',0,8900,,'',0
'2874',601,62500,,'',0,13100,,'',0,9700,,'',0,15100,,'',0,4600,,'',0,9000,,'',0,10100,,'',0,9000,,'',0,9100,,'',0,9400,,'',0,9300,,'',0,5000,,'',0,9000,,'',0,16000,,'',0,11700,,'',0
'2875',601,92600,,'',0,8000,,'',0
'2864',1700,65400,,'',0,7300,,'',0,8900,,'',0,72400,,'',0,7800,,'',0,8500,,'',0,3500,,'',0,7600,,'',0
'2866',1700,65400,,'',0,7300,,'',0,8900,,'',0,72400,,'',0,7800,,'',0,8500,,'',0,3500,,'',0,7600,,'',0
'2677',2100,82800,,'',0
'2863',2100,95700,,'',0,17100,,'',0,12800,,'',0,17000,,'',0,13000,,'',0,16600,,'',0,13200,,'',0
'2864',2100,65900,,'',0,7700,,'',0,9200,,'',0,9700,,'',0,11900,,'',0,11400,,'',0,16000,,'',0,13600,,'',0,7700,,'',0,9400,,'',0,7500,,'',0,5300,,'',0,15500,,'',0,10900,,'',0
'2866',2100,65900,,'',0,7700,,'',0,18900,,'',0,11900,,'',0,11400,,'',0,16000,,'',0,13600,,'',0,7700,,'',0,9400,,'',0,7500,,'',0,5300,,'',0,15500,,'',0,10900,,'',0
'2872',2100,83400,,'',0,20200,,'',0,11900,,'',0,19700,,'',0,15800,,'',0,11400,,'',0,9300,,'',0,9800,,'',0,13100,,'',0
'2874',2100,95700,,'',0,17100,,'',0,12800,,'',0,17000,,'',0,13000,,'',0,16600,,'',0,13200,,'',0
'2875',2100,82800,,'',0
'2677',2201,83600,,'',0
'2864',2201,90600,,'',0,61600,,'',0
'2866',2201,152200,,'',0
'2875',2201,90600,,'',0
