'1653',200,64700,0,'McMillan',0,8300,0,'McMillan',0,8200,0,'McMillan',0,4700,0,'McMillan',0,8600,0,'McMillan',0,8700,0,'McMillan',0,8600,0,'McMillan',0,9300,0,'McMillan',0,9100,0,'McMillan',0,5100,0,'McMillan',0,9100,0,'McMillan',0,9100,0,'McMillan',0,9000,0,'McMillan',0,8800,0,'McMillan',0,9000,0,'McMillan',0,4600,0,'McMillan',0,8900,0,'McMillan',0,8100,0,'McMillan',0,9000,0,'McMillan',0,4500,0,'McMillan',0,8500,0,'McMillan',0,8500,0,'McMillan',0,8500,0,'McMillan',0,4500,0,'McMillan',0,8500,0,'McMillan',0,8500,0,'McMillan',0
'2142',200,60500,0,'McMillan',0,2500,0,'McMillan',0,7100,0,'McMillan',0,3100,0,'McMillan',0,7100,0,'McMillan',0,2100,0,'McMillan',0,2000,0,'McMillan',0,5800,0,'McMillan',0,1900,0,'McMillan',0,1800,0,'McMillan',0,2000,0,'McMillan',0,6000,0,'McMillan',0,1800,0,'McMillan',0,2000,0,'McMillan',0,6400,0,'McMillan',0,2500,0,'McMillan',0,6600,0,'McMillan',0,2400,0,'McMillan',0,6500,0,'McMillan',0,2500,0,'McMillan',0,2600,0,'McMillan',0,6700,0,'McMillan',0,2600,0,'McMillan',0,7000,0,'McMillan',0,2100,0,'McMillan',0,1900,0,'McMillan',0,5900,0,'McMillan',0,1900,0,'McMillan',0,1700,0,'McMillan',0,6000,0,'McMillan',0,1900,0,'McMillan',0,1800,0,'McMillan',0,5900,0,'McMillan',0,2000,0,'McMillan',0,1700,0,'McMillan',0,5900,0,'McMillan',0,2000,0,'McMillan',0,2300,0,'McMillan',0,6300,0,'McMillan',0,3000,0,'McMillan',0,6900,0,'McMillan',0,2800,0,'McMillan',0,6900,0,'McMillan',0,2900,0,'McMillan',0
'2143',200,62900,0,'McMillan',0,8500,0,'McMillan',0,3600,0,'McMillan',0,7100,0,'McMillan',0,3100,0,'McMillan',0,7000,0,'McMillan',0,3100,0,'McMillan',0,7100,0,'McMillan',0,3000,0,'McMillan',0,7100,0,'McMillan',0,3300,0,'McMillan',0,7400,0,'McMillan',0,7300,0,'McMillan',0,3500,0,'McMillan',0,7500,0,'McMillan',0,3300,0,'McMillan',0,7500,0,'McMillan',0,3400,0,'McMillan',0,7300,0,'McMillan',0,7400,0,'McMillan',0,3100,0,'McMillan',0,7200,0,'McMillan',0,3300,0,'McMillan',0,7100,0,'McMillan',0,3100,0,'McMillan',0,7000,0,'McMillan',0,2700,0,'McMillan',0,7000,0,'McMillan',0,3000,0,'McMillan',0,6600,0,'McMillan',0,3200,0,'McMillan',0
'2144',200,64700,0,'McMillan',0,8300,0,'McMillan',0,8200,0,'McMillan',0,4700,0,'McMillan',0,8600,0,'McMillan',0,8700,0,'McMillan',0,8600,0,'McMillan',0,9300,0,'McMillan',0,9100,0,'McMillan',0,5100,0,'McMillan',0,9100,0,'McMillan',0,9100,0,'McMillan',0,9000,0,'McMillan',0,8800,0,'McMillan',0,9000,0,'McMillan',0,4600,0,'McMillan',0,8900,0,'McMillan',0,8100,0,'McMillan',0
'2145',200,62900,0,'McMillan',0,8500,0,'McMillan',0,3600,0,'McMillan',0,7100,0,'McMillan',0,3100,0,'McMillan',0,7000,0,'McMillan',0,3100,0,'McMillan',0,7100,0,'McMillan',0,3000,0,'McMillan',0,7100,0,'McMillan',0,3300,0,'McMillan',0,7400,0,'McMillan',0,7300,0,'McMillan',0,3500,0,'McMillan',0,7500,0,'McMillan',0,3300,0,'McMillan',0,7500,0,'McMillan',0,3400,0,'McMillan',0,7300,0,'McMillan',0,7400,0,'McMillan',0,3100,0,'McMillan',0,7200,0,'McMillan',0,3300,0,'McMillan',0,7100,0,'McMillan',0,3100,0,'McMillan',0,7000,0,'McMillan',0,2700,0,'McMillan',0,7000,0,'McMillan',0,3000,0,'McMillan',0,6600,0,'McMillan',0,3200,0,'McMillan',0
'1653',900,63800,,'',0,17000,,'',0,13000,,'',0,16300,,'',0,13100,,'',0,17000,,'',0,13000,,'',0,17000,,'',0,11900,,'',0,13500,,'',0,15000,,'',0,13100,,'',0,16900,,'',0,13000,,'',0,17300,,'',0
'2142',900,54800,,'',0,10100,,'',0,10000,,'',0,10000,,'',0,9600,,'',0,10000,,'',0,10000,,'',0,10000,,'',0,10100,,'',0,10100,,'',0,10100,,'',0,10500,,'',0,10000,,'',0,10100,,'',0,10000,,'',0,10000,,'',0,10000,,'',0
'2143',900,64800,,'',0,9200,,'',0,9800,,'',0,10100,,'',0,10200,,'',0,10600,,'',0,10500,,'',0,10000,,'',0,10500,,'',0,14700,,'',0,10300,,'',0,10500,,'',0,10400,,'',0,10000,,'',0,10200,,'',0,10000,,'',0
'2144',900,63800,,'',0,17000,,'',0,13000,,'',0,16300,,'',0,13100,,'',0,17000,,'',0,13000,,'',0,17000,,'',0,11900,,'',0,13500,,'',0
'2145',900,64800,,'',0,9200,,'',0,9800,,'',0,10100,,'',0,10200,,'',0,10600,,'',0,10500,,'',0,10000,,'',0,10500,,'',0,14700,,'',0,10300,,'',0,10500,,'',0,10400,,'',0,10000,,'',0,10200,,'',0,10000,,'',0
'2142',2600,142500,0,'Sandy Hl',0
'2142',2601,74000,0,'Sandy Hl',0
