300,'5021',639,,1838,20,,,0,95,,1839,20,,,0,89,,1852,20,,,0,93,,1841,20,,,0,90,,1842,20,,,0,99,,1843,20,,,0,95,,1840,20,,,0,59,,1844,20,,,0,141,,1845,20,,,0,100,,1846,20,,,0,100,,1847,20,,,0,104,,1848,20,,,0,97,,1849,20,,,0,56,,1850,20,,,0,100,,1851,20,,,0
300,'5022',556,,1854,20,,,0,70,,1855,20,,,0,29,,1856,20,,,0,75,,1857,20,,,0,74,,1858,20,,,0,35,,1859,20,,,0,74,,1860,20,,,0,35,,1861,20,,,0,75,,1862,20,,,0,35,,1853,20,,,0,75,,1863,20,,,0,74,,1864,20,,,0,35,,1865,20,,,0,75,,1866,20,,,0,40,,1867,20,,,0,73,,1868,20,,,0,76,,1869,20,,,0,40,,1870,20,,,0,76,,1871,20,,,0,34,,1872,20,,,0,77,,1873,20,,,0,76,,1874,20,,,0,37,,1876,20,,,0,75,,1875,20,,,0,30,,1877,20,,,0,101,,1878,20,,,0,101,,1879,20,,,0,103,,1880,20,,,0
300,'5024',609,,1905,20,,,0,50,,1904,20,,,0,99,,1906,20,,,0,88,,1881,20,,,0,69,,1882,20,,,0,40,,1883,20,,,0,75,,1885,20,,,0,70,,1886,20,,,0,35,,1887,20,,,0,75,,1884,20,,,0,33,,1888,20,,,0,80,,1889,20,,,0,35,,1890,20,,,0,75,,1891,20,,,0,81,,1892,20,,,0,35,,1893,20,,,0,70,,1894,20,,,0,36,,1895,20,,,0,76,,1896,20,,,0,75,,1897,20,,,0,46,,1898,20,,,0,75,,1899,20,,,0,75,,1900,20,,,0,50,,1901,20,,,0,101,,1902,20,,,0,101,,1903,20,,,0
601,'5021',547,,2165,5,,,0,110,,2166,5,,,0,145,,2167,5,,,0,105,,2168,5,,,0,45,,2170,5,,,0,100,,2171,5,,,0,90,,2172,5,,,0,101,,2169,5,,,0,100,,2173,5,,,0,100,,2174,5,,,0,100,,2175,5,,,0,99,,2176,5,,,0,105,,2177,5,,,0,160,,2178,5,,,0,110,,2179,5,,,0
601,'5022',546,,2190,5,,,0,78,,2191,5,,,0,77,,2193,5,,,0,37,,2194,5,,,0,80,,2195,5,,,0,85,,2192,5,,,0,35,,2196,5,,,0,115,,2197,5,,,0,160,,2198,5,,,0,125,,2199,5,,,0,83,,2200,5,,,0,87,,2182,5,,,0,48,,2183,5,,,0,82,,2184,5,,,0,80,,2186,5,,,0,85,,2187,5,,,0,43,,2188,5,,,0,102,,2185,5,,,0,109,,2189,5,,,0,155,,2180,5,,,0,110,,2181,5,,,0
601,'5024',552,,2203,5,,,0,100,,2204,5,,,0,100,,2202,5,,,0,95,,2205,5,,,0,100,,2206,5,,,0,100,,2207,5,,,0,95,,2208,5,,,0,101,,2209,5,,,0,100,,2210,5,,,0,100,,2211,5,,,0,100,,2212,5,,,0,100,,2213,5,,,0,105,,2214,5,,,0,104,,2215,5,,,0,95,,2216,5,,,0,110,,2217,5,,,0,155,,2218,5,,,0,110,,2201,5,,,0
2401,'5022',738,,2405,5,0,15 16 11 12,0
3100,'5021',1010,,2414,5,,,0,109,,2408,5,,,0,109,,2409,5,,,0,110,,2410,5,,,0,115,,2411,5,,,0,156,,2413,5,,,0,110,,2412,5,,,0
3100,'5022',727,,2415,5,,,0,31,,2416,5,,,0,71,,2417,5,,,0,104,,2418,5,,,0,107,,2419,5,,,0,110,,2420,5,,,0,109,,2421,5,,,0,154,,2422,5,,,0,96,,2423,5,,,0,40,,2424,5,,,0,74,,2425,5,,,0,34,,2426,5,,,0,76,,2427,5,,,0,76,,2428,5,,,0
3100,'5024',904,,2432,5,,,0,105,,2436,5,,,0,110,,2430,5,,,0,109,,2429,5,,,0,110,,2431,5,,,0,115,,2433,5,,,0,155,,2435,5,,,0,110,,2434,5,,,0
1003100,'5021',730,,2750,5,,,0,102,,2742,5,,,0,102,,2740,5,,,0,107,,2744,5,,,0,110,,2741,5,,,0,150,,2739,5,,,0,114,,2745,5,,,0,115,,2746,5,,,0,111,,2743,5,,,0,181,,2747,5,,,0,120,,2748,5,,,0,104,,2749,5,,,0
1003100,'5022',640,,2755,5,,,0,69,,2756,5,,,0,30,,2757,5,,,0,68,,2758,5,,,0,50,,2759,5,,,0,146,,2760,5,,,0,109,,2761,5,,,0,109,,2762,5,,,0,115,,2763,5,,,0,109,,2764,5,,,0,81,,2765,5,,,0,74,,2752,5,,,0,36,,2753,5,,,0,79,,2751,5,,,0,32,,2754,5,,,0,80,,2766,5,,,0,85,,2767,5,,,0,122,,2768,5,,,0,104,,2769,5,,,0,109,,2770,5,,,0
1003100,'5024',732,,2784,5,,,0,100,,2773,5,,,0,100,,2772,5,,,0,109,,2771,5,,,0,110,,2779,5,,,0,150,,2783,5,,,0,115,,2776,5,,,0,114,,2780,5,,,0,111,,2777,5,,,0,110,,2778,5,,,0,75,,2774,5,,,0,115,,2775,5,,,0,102,,2782,5,,,0,100,,2781,5,,,0
24003100,'5022',532,,2830,5,,,0,69,,2827,5,,,0,29,,2828,5,,,0,29,,2829,5,,,0
