3101,'5014',621,,4827,2,,,0,85,,4828,2,,,0,30,,4830,2,,,0,71,,4831,2,,,0,32,,4829,2,,,0,87,,4833,2,,,0,105,,4834,2,,,0,110,,4835,2,,,0,110,,4832,2,,,0,155,,4836,2,,,0,114,,4837,2,,,0,81,,4839,2,,,0,36,,4840,2,,,0,76,,4841,2,,,0,34,,4838,2,,,0,71,,4842,2,,,0,18,,4843,2,,,0
3101,'5015',756,,4847,2,,,0,103,,4846,2,,,0,142,,4844,2,,,0,110,,4851,2,,,0,110,,4852,2,,,0,110,,4845,2,,,0,115,,4850,2,,,0,155,,4848,2,,,0,110,,4849,2,,,0,110,,4853,2,,,0
3101,'5221',756,,4860,2,,,0,247,,4857,2,,,0,218,,4854,2,,,0,110,,4858,2,,,0,115,,4856,2,,,0,155,,4859,2,,,0,110,,4855,2,,,0
3201,'5014',551,,4862,2,0,5 49,0,70,,4863,2,0,5 49,0,30,,4864,2,0,5 49,0,70,,4861,2,0,5 49,0,30,,4865,2,0,5 49,0,72,,4866,2,0,5 49,0,33,,4867,2,0,5 49,0,70,,4868,2,0,5 49,0,32,,4869,2,0,5 49,0,73,,4870,2,0,5 49,0,75,,4871,2,0,5 49,0,35,,4872,2,0,5 49,0,75,,4873,2,0,5 49,0,35,,4874,2,0,5 49,0,75,,4875,2,0,5 49,0,80,,4876,2,0,5 49,0,37,,4877,2,0,5 49,0,78,,4878,2,0,5 49,0,80,,4879,2,0,5 49,0,35,,4880,2,0,5 49,0,77,,4881,2,0,5 49,0,33,,4882,2,0,5 49,0,72,,4883,2,0,5 49,0,38,,4884,2,0,5 49,0,87,,4885,2,0,5 49,0,68,,4886,2,0,5 49,0,95,,4887,2,0,5 49,0,105,,4888,2,0,5 49,0
3201,'5015',756,,4900,2,0,5 49,0,70,,4891,2,0,5 49,0,33,,4911,2,0,5 49,0,72,,4889,2,0,5 49,0,70,,4892,2,0,5 49,0,35,,4897,2,0,5 49,0,75,,4890,2,0,5 49,0,35,,4909,2,0,5 49,0,75,,4894,2,0,5 49,0,35,,4893,2,0,5 49,0,75,,4898,2,0,5 49,0,75,,4895,2,0,5 49,0,40,,4910,2,0,5 49,0,75,,4899,2,0,5 49,0,80,,4896,2,0,5 49,0,35,,4905,2,0,5 49,0,75,,4901,2,0,5 49,0,35,,4912,2,0,5 49,0,75,,4902,2,0,5 49,0,35,,4904,2,0,5 49,0,85,,4903,2,0,5 49,0,70,,4907,2,0,5 49,0,30,,4906,2,0,5 49,0,170,,4908,2,0,5 49,0
3201,'5221',756,,4927,2,0,5 49,0,103,,4926,2,0,5 49,0,144,,4921,2,0,5 49,0,33,,4928,2,0,5 49,0,75,,4915,2,0,5 49,0,35,,4914,2,0,5 49,0,75,,4922,2,0,5 49,0,35,,4913,2,0,5 49,0,75,,4923,2,0,5 49,0,75,,4918,2,0,5 49,0,40,,4924,2,0,5 49,0,75,,4919,2,0,5 49,0,80,,4920,2,0,5 49,0,35,,4917,2,0,5 49,0,75,,4925,2,0,5 49,0,35,,4916,2,0,5 49,0,110,,4929,2,0,5 49,0,155,,4930,2,0,5 49,0
3201,'5357',2506,,4931,2,0,5 49,0
3501,'5014',712,,5064,6,,,0,29,,5065,6,,,0,65,,5066,6,,,0,34,,5067,6,,,0,395,,5062,6,,,0,303,,5063,6,,,0,298,,5061,6,,,0,119,,5060,6,,,0
3501,'5015',840,,5069,6,,,0,395,,5072,6,,,0,280,,5068,6,,,0,225,,5070,6,,,0,160,,5071,6,,,0
3501,'5221',842,,5074,6,,,0,395,,5073,6,,,0,280,,5077,6,,,0,225,,5075,6,,,0,160,,5076,6,,,0
3900,'5014',627,,5083,2,,,0,318,,5086,32,0,7 8,0,98,,5080,31,0,7 8,0,159,,5081,32,0,7 8,0,135,,5082,31,0,7 8,0,170,,5084,32,0,7 8,0,150,,5085,32,0,7 8,0,150,,5078,32,0,7 8,0,119,,5079,31,0,7 8,0
3900,'5015',932,,5088,31,0,7 8,0,120,,5089,31,0,7 8,0,106,,5087,31,0,7 8,0,175,,5090,31,0,7 8,0,110,,5092,31,0,7 8,0,170,,5091,31,0,7 8,0,104,,5094,31,0,7 8,0,114,,5093,31,0,7 8,0
3900,'5221',927,,5098,31,0,7 8,0,121,,5101,31,0,7 8,0,105,,5096,31,0,7 8,0,175,,5095,31,0,7 8,0,110,,5099,31,0,7 8,0,170,,5097,31,0,7 8,0,104,,5102,31,0,7 8,0,115,,5100,31,0,7 8,0
1003101,'5014',651,,6169,2,,,0,70,,6170,2,,,0,30,,6171,2,,,0,72,,6172,2,,,0,33,,6173,2,,,0,102,,6174,2,,,0,148,,6175,2,,,0,110,,6176,2,,,0,110,,6177,2,,,0,115,,6178,2,,,0,100,,6179,2,,,0,78,,6180,2,,,0,35,,6181,2,,,0,75,,6182,2,,,0,73,,6183,2,,,0,51,,6184,2,,,0,90,,6185,2,,,0,163,,6186,2,,,0,110,,6187,2,,,0
1003101,'5015',826,,6193,2,,,0,105,,6199,2,,,0,105,,6188,2,,,0,110,,6189,2,,,0,110,,6190,2,,,0,150,,6192,2,,,0,115,,6197,2,,,0,115,,6195,2,,,0,110,,6194,2,,,0,110,,6191,2,,,0,155,,6196,2,,,0,100,,6198,2,,,0
1003101,'5221',859,,6207,2,,,0,252,,6206,2,,,0,35,,6200,2,,,0,110,,6202,2,,,0,150,,6203,2,,,0,115,,6204,2,,,0,115,,6205,2,,,0,110,,6201,2,,,0,110,,6208,2,,,0,155,,6209,2,,,0,100,,6210,2,,,0
