3100,'5014',742,,4798,14,,,0,72,,4799,14,,,0,32,,4800,14,,,0,102,,4801,14,,,0,108,,4802,14,,,0,150,,4803,14,,,0,110,,4804,14,,,0,114,,4805,14,,,0,99,,4806,14,,,0,78,,4807,14,,,0,34,,4808,14,,,0,75,,4809,14,,,0,35,,4810,14,,,0,75,,4811,14,,,0
3100,'5015',919,,4815,14,,,0,105,,4819,14,,,0,110,,4813,14,,,0,110,,4812,14,,,0,110,,4814,14,,,0,155,,4816,14,,,0,115,,4818,14,,,0,110,,4817,14,,,0
3100,'5221',1025,,4826,14,,,0,109,,4820,14,,,0,110,,4821,14,,,0,110,,4822,14,,,0,155,,4823,14,,,0,115,,4825,14,,,0,110,,4824,14,,,0
3101,'5014',627,,4827,6,,,0,85,,4828,6,,,0,30,,4830,6,,,0,71,,4831,6,,,0,33,,4829,6,,,0,87,,4833,6,,,0,106,,4834,6,,,0,110,,4835,6,,,0,110,,4832,6,,,0,155,,4836,6,,,0,115,,4837,6,,,0,81,,4839,6,,,0,36,,4840,6,,,0,76,,4841,6,,,0,32,,4838,6,,,0,71,,4842,6,,,0,18,,4843,6,,,0
3101,'5015',802,,4847,6,,,0,104,,4846,6,,,0,102,,4844,6,,,0,111,,4851,6,,,0,110,,4852,6,,,0,110,,4845,6,,,0,115,,4850,6,,,0,155,,4848,6,,,0,110,,4849,6,,,0,109,,4853,6,,,0
3101,'5221',802,,4860,6,,,0,208,,4857,6,,,0,219,,4854,6,,,0,110,,4858,6,,,0,114,,4856,6,,,0,155,,4859,6,,,0,110,,4855,6,,,0
3900,'5014',858,,5086,4,0,7 8,0,149,,5080,4,0,7 8,0,108,,5081,4,0,7 8,0,185,,5082,4,0,7 8,0,120,,5084,4,0,7 8,0,190,,5085,4,0,7 8,0,110,,5078,4,0,7 8,0,130,,5079,4,0,7 8,0
3900,'5015',855,,5088,4,0,7 8,0,160,,5089,4,0,7 8,0,106,,5087,4,0,7 8,0,135,,5090,4,0,7 8,0,150,,5092,4,0,7 8,0,130,,5091,4,0,7 8,0,104,,5094,4,0,7 8,0,115,,5093,4,0,7 8,0
3900,'5221',852,,5098,4,0,7 8,0,161,,5101,4,0,7 8,0,105,,5096,4,0,7 8,0,135,,5095,4,0,7 8,0,150,,5099,4,0,7 8,0,130,,5097,4,0,7 8,0,104,,5102,4,0,7 8,0,115,,5100,4,0,7 8,0
1003100,'5014',658,,6127,17,,,0,69,,6128,17,,,0,31,,6129,17,,,0,71,,6130,17,,,0,88,,6131,17,,,0,104,,6132,17,,,0,110,,6133,17,,,0,110,,6134,17,,,0,115,,6135,17,,,0,153,,6136,17,,,0,40,,6137,17,,,0,74,,6124,17,,,0,36,,6125,17,,,0,76,,6123,17,,,0,72,,6126,17,,,0,39,,6138,17,,,0,85,,6139,17,,,0,121,,6140,17,,,0,103,,6141,17,,,0,148,,6142,17,,,0
1003100,'5015',748,,6156,17,,,0,101,,6145,17,,,0,100,,6144,17,,,0,110,,6143,17,,,0,150,,6151,17,,,0,110,,6155,17,,,0,115,,6148,17,,,0,115,,6152,17,,,0,110,,6149,17,,,0,150,,6150,17,,,0,35,,6146,17,,,0,115,,6147,17,,,0,141,,6154,17,,,0,59,,6153,17,,,0
1003100,'5221',747,,6168,17,,,0,102,,6160,17,,,0,103,,6158,17,,,0,107,,6162,17,,,0,150,,6159,17,,,0,110,,6157,17,,,0,115,,6163,17,,,0,115,,6164,17,,,0,110,,6161,17,,,0,181,,6165,17,,,0,160,,6166,17,,,0,103,,6167,17,,,0
1003101,'5014',657,,6169,6,,,0,70,,6170,6,,,0,30,,6171,6,,,0,72,,6172,6,,,0,74,,6173,6,,,0,103,,6174,6,,,0,108,,6175,6,,,0,110,,6176,6,,,0,110,,6177,6,,,0,116,,6178,6,,,0,100,,6179,6,,,0,78,,6180,6,,,0,75,,6181,6,,,0,34,,6182,6,,,0,72,,6183,6,,,0,91,,6184,6,,,0,50,,6185,6,,,0,163,,6186,6,,,0,110,,6187,6,,,0
1003101,'5015',833,,6193,6,,,0,105,,6199,6,,,0,105,,6188,6,,,0,111,,6189,6,,,0,150,,6190,6,,,0,110,,6192,6,,,0,115,,6197,6,,,0,115,,6195,6,,,0,109,,6194,6,,,0,150,,6191,6,,,0,115,,6196,6,,,0,100,,6198,6,,,0
1003101,'5221',905,,6207,6,,,0,214,,6206,6,,,0,35,,6200,6,,,0,150,,6202,6,,,0,110,,6203,6,,,0,114,,6204,6,,,0,115,,6205,6,,,0,110,,6201,6,,,0,149,,6208,6,,,0,115,,6209,6,,,0,100,,6210,6,,,0
