201,'5021',614,,1731,17,0,33,0,40,,1732,17,0,33,0,79,,1733,17,0,33,0,80,,1734,17,0,33,0,46,,1735,17,0,33,0,86,,1736,17,0,33,0,79,,1737,17,0,33,0,82,,1738,17,0,33,0,37,,1751,17,0,33,0,80,,1739,17,0,33,0,79,,1740,17,0,33,0,38,,1741,17,0,33,0,80,,1742,17,0,33,0,80,,1743,17,0,33,0,40,,1744,17,0,33,0,80,,1745,17,0,33,0,80,,1746,17,0,33,0,41,,1748,17,0,33,0,79,,1747,17,0,33,0,80,,1749,17,0,33,0,39,,1750,17,0,33,0,85,,1753,17,0,33,0,99,,1752,17,0,33,0
201,'5022',510,,1754,17,0,33,0,35,,1755,17,0,33,0,80,,1756,17,0,33,0,75,,1757,17,0,33,0,17,,1758,17,0,33,0,15,,1759,17,0,33,0,14,,1760,17,0,33,0,56,,1761,17,0,33,0,19,,1762,17,0,33,0,18,,1763,17,0,33,0,17,,1764,17,0,33,0,60,,1765,17,0,33,0,17,,1766,17,0,33,0,20,,1767,17,0,33,0,61,,1768,17,0,33,0,21,,1769,17,0,33,0,23,,1770,17,0,33,0,65,,1771,17,0,33,0,21,,1772,17,0,33,0,62,,1773,17,0,33,0,22,,1774,17,0,33,0,23,,1775,17,0,33,0,62,,1776,17,0,33,0,23,,1777,17,0,33,0,20,,1778,17,0,33,0,63,,1779,17,0,33,0,14,,1780,17,0,33,0,5,,1805,5,0,9 10 19,0,11,,1781,17,0,9 10 19,0,2,,1782,17,0,33,0,56,,1783,17,0,33,0,14,,1784,17,0,33,0,18,,1785,17,0,33,0,14,,1786,17,0,33,0,54,,1788,17,0,33,0,13,,1787,17,0,33,0,14,,1789,17,0,33,0,15,,1790,17,0,33,0,56,,1791,17,0,33,0,16,,1792,17,0,33,0,22,,1793,17,0,33,0,61,,1794,17,0,33,0,25,,1795,17,0,33,0,24,,1803,17,0,33,0,65,,1796,17,0,33,0,25,,1797,17,0,33,0,64,,1798,17,0,33,0,27,,1804,17,0,33,0,24,,1799,17,0,33,0,69,,1800,17,0,33,0,32,,1801,17,0,33,0,74,,1802,17,0,33,0
201,'5024',558,,1807,17,0,33,0,71,,1808,17,0,33,0,28,,1809,17,0,33,0,75,,1810,17,0,33,0,75,,1811,17,0,33,0,34,,1806,17,0,33,0,71,,1812,17,0,33,0,34,,1813,17,0,33,0,77,,1814,17,0,33,0,30,,1815,17,0,33,0,70,,1816,17,0,33,0,29,,1817,17,0,33,0,70,,1819,17,0,33,0,28,,1820,17,0,33,0,69,,1821,17,0,33,0,29,,1818,17,0,33,0,70,,1822,17,0,33,0,30,,1823,17,0,33,0,70,,1824,17,0,33,0,31,,1825,17,0,33,0,70,,1826,17,0,33,0,26,,1827,17,0,33,0,70,,1828,17,0,33,0,30,,1830,17,0,33,0,76,,1831,17,0,33,0,36,,1832,17,0,33,0,76,,1829,17,0,33,0,76,,1833,17,0,33,0,37,,1835,17,0,33,0,75,,1834,17,0,33,0,35,,1836,17,0,33,0,76,,1837,17,0,33,0
500,'5021',644,,2029,15,,,0,103,,2030,15,,,0,96,,2031,15,,,0,92,,2043,15,,,0,97,,2032,15,,,0,90,,2033,15,,,0,104,,2035,15,,,0,96,,2036,15,,,0,101,,2037,15,,,0,102,,2034,15,,,0,100,,2038,15,,,0,96,,2039,15,,,0,103,,2040,15,,,0,95,,2041,15,,,0,93,,2042,15,,,0
500,'5022',618,,2044,15,,,0,84,,2045,15,,,0,39,,2046,15,,,0,76,,2047,15,,,0,34,,2048,15,,,0,74,,2049,15,,,0,75,,2050,15,,,0,36,,2051,15,,,0,75,,2052,15,,,0,36,,2053,15,,,0,76,,2054,15,,,0,78,,2055,15,,,0,35,,2056,15,,,0,77,,2057,15,,,0,36,,2058,15,,,0,83,,2059,15,,,0,71,,2060,15,,,0,36,,2061,15,,,0,82,,2062,15,,,0,33,,2063,15,,,0,72,,2064,15,,,0,28,,2065,15,,,0,74,,2066,15,,,0,73,,2067,15,,,0,35,,2068,15,,,0,68,,2069,15,,,0,99,,2070,15,,,0,99,,2071,15,,,0
500,'5024',620,,2096,15,,,0,95,,2095,15,,,0,92,,2094,15,,,0,102,,2097,15,,,0,92,,2072,15,,,0,34,,2073,15,,,0,81,,2074,15,,,0,37,,2075,15,,,0,71,,2077,15,,,0,35,,2078,15,,,0,75,,2079,15,,,0,75,,2076,15,,,0,40,,2080,15,,,0,77,,2081,15,,,0,75,,2082,15,,,0,40,,2083,15,,,0,75,,2084,15,,,0,28,,2085,15,,,0,74,,2086,15,,,0,33,,2087,15,,,0,73,,2088,15,,,0,83,,2089,15,,,0,34,,2090,15,,,0,75,,2091,15,,,0,88,,2092,15,,,0,99,,2093,15,,,0
900,'5024',715,,2277,57,0,9 10,0,100,,2278,57,0,9 10,0,102,,2279,57,0,9 10,0,101,,2280,57,0,9 10,0,105,,2281,57,0,9 10,0,96,,2282,57,0,9 10,0,106,,2283,57,0,9 10,0,100,,2284,57,0,9 10,0,200,,2286,57,0,9 10,0,103,,2287,66,0,9 10,0,194,,2289,57,0,9 10,0,95,,2290,57,0,9 10,0,99,,2291,57,0,9 10,0
1200,'5022',730,,2301,19,,,0,80,,2302,19,,,0,45,,2303,19,,,0,75,,2296,19,,,0,115,,2297,19,,,0,160,,2298,19,,,0,125,,2299,19,,,0,129,,2300,19,,,0,170,,2294,19,,,0,81,,2295,19,,,0,45,,2293,19,,,0
2401,'5022',816,,2405,42,,,0
2600,'5022',1528,,2406,59,,,0
2601,'5022',813,,2407,70,,,0
