300,'5021',652,,1838,33,,,0,95,,1839,33,,,0,89,,1852,33,,,0,95,,1841,33,,,0,90,,1842,33,,,0,99,,1843,33,,,0,95,,1840,33,,,0,100,,1844,33,,,0,101,,1845,33,,,0,100,,1846,33,,,0,100,,1847,33,,,0,104,,1848,33,,,0,96,,1849,33,,,0,96,,1850,33,,,0,100,,1851,33,,,0
300,'5022',606,,1854,33,,,0,35,,1855,33,,,0,69,,1856,33,,,0,35,,1857,33,,,0,74,,1858,33,,,0,35,,1859,33,,,0,75,,1860,33,,,0,75,,1861,33,,,0,35,,1862,33,,,0,75,,1853,33,,,0,35,,1863,33,,,0,75,,1864,33,,,0,35,,1865,33,,,0,75,,1866,33,,,0,80,,1867,33,,,0,34,,1868,33,,,0,76,,1869,33,,,0,80,,1870,33,,,0,36,,1871,33,,,0,74,,1872,33,,,0,36,,1873,33,,,0,75,,1874,33,,,0,76,,1876,33,,,0,35,,1875,33,,,0,70,,1877,33,,,0,100,,1878,33,,,0,101,,1879,33,,,0,100,,1880,33,,,0
300,'5024',622,,1905,33,,,0,90,,1904,33,,,0,99,,1906,33,,,0,89,,1881,33,,,0,30,,1882,33,,,0,80,,1883,33,,,0,35,,1885,33,,,0,70,,1886,33,,,0,35,,1887,33,,,0,75,,1884,33,,,0,75,,1888,33,,,0,40,,1889,33,,,0,75,,1890,33,,,0,35,,1891,33,,,0,81,,1892,33,,,0,75,,1893,33,,,0,30,,1894,33,,,0,75,,1895,33,,,0,35,,1896,33,,,0,75,,1897,33,,,0,86,,1898,33,,,0,35,,1899,33,,,0,75,,1900,33,,,0,90,,1901,33,,,0,100,,1902,33,,,0,100,,1903,33,,,0
700,'5021',533,,2226,5,0,22 23,0,100,,2220,5,0,22 23,0,200,,2219,5,0,22 23,0,200,,2221,5,0,22 23,0,201,,2222,5,0,22 23,0,200,,2223,5,0,22 23,0,200,,2224,5,0,22 23,0,199,,2225,5,0,22 23,0
700,'5022',618,,2232,5,0,22 23,0,216,,2233,5,0,22 23,0,200,,2234,5,0,22 23,0,200,,2235,5,0,22 23,0,200,,2230,5,0,22 23,0,200,,2231,5,0,22 23,0,200,,2229,5,0,22 23,0,199,,2227,5,0,22 23,0,270,,2228,5,0,22 23,0
700,'5024',533,,2236,13,0,22 23,0,100,,2237,13,0,22 23,0,200,,2238,13,0,22 23,0,200,,2239,13,0,22 23,0,201,,2240,13,0,22 23,0,200,,2241,13,0,22 23,0,200,,2242,13,0,22 23,0,199,,2243,5,0,22 23,0,200,,2244,13,0,22 23,0,270,,2245,5,0,22 23,0
1600,'5022',738,,2328,5,0,24,0,165,,2326,5,0,24,0,641,,2327,5,0,24,0,85,,2325,5,0,24,0
1000700,'5021',733,,2712,5,0,24,0,200,,2711,5,0,24,0,201,,2713,5,0,24,0,200,,2715,5,0,24,0,200,,2714,5,0,24,0,200,,2716,5,0,24,0,199,,2717,5,0,24,0
1000700,'5022',734,,2725,5,0,24,0,14,,2724,5,0,24,0,186,,2726,5,0,24,0,200,,2727,5,0,24,0,200,,2718,5,0,24,0,200,,2721,5,0,24,0,70,,2722,5,0,24,0,130,,2723,5,0,24,0,199,,2719,5,0,24,0,200,,2720,5,0,24,0
1000700,'5024',733,,2728,13,0,24,0,200,,2729,13,0,24,0,201,,2730,13,0,24,0,200,,2731,13,0,24,0,200,,2732,5,0,24,0,200,,2733,13,0,24,0,199,,2734,13,0,24,0,200,,2735,13,0,24,0
