301,'5021',623,,1910,24,,,0,101,,1911,24,,,0,96,,1913,24,,,0,91,,1922,24,,,0,96,,1908,24,,,0,50,,1914,24,,,0,101,,1915,24,,,0,95,,1912,24,,,0,101,,1916,24,,,0,101,,1917,24,,,0,100,,1918,24,,,0,99,,1919,24,,,0,104,,1920,24,,,0,96,,1921,24,,,0,93,,1907,24,,,0
301,'5022',556,,1924,24,,,0,83,,1925,24,,,0,76,,1926,24,,,0,33,,1927,24,,,0,75,,1928,24,,,0,35,,1929,24,,,0,75,,1930,24,,,0,75,,1931,24,,,0,35,,1923,24,,,0,75,,1932,24,,,0,36,,1933,24,,,0,75,,1934,24,,,0,75,,1935,24,,,0,36,,1936,24,,,0,75,,1937,24,,,0,41,,1938,24,,,0,75,,1939,24,,,0,76,,1940,24,,,0,40,,1941,24,,,0,76,,1942,24,,,0,32,,1943,24,,,0,73,,1944,24,,,0,75,,1945,24,,,0,33,,1946,24,,,0,75,,1947,24,,,0,29,,1948,24,,,0,100,,1949,24,,,0,99,,1950,24,,,0
301,'5024',558,,1977,24,,,0,95,,1976,24,,,0,92,,1975,24,,,0,100,,1978,24,,,0,92,,1952,24,,,0,71,,1953,24,,,0,40,,1954,24,,,0,76,,1955,24,,,0,30,,1956,24,,,0,75,,1957,24,,,0,75,,1958,24,,,0,35,,1959,24,,,0,80,,1960,24,,,0,36,,1961,24,,,0,75,,1962,24,,,0,80,,1963,24,,,0,35,,1964,24,,,0,69,,1965,24,,,0,35,,1966,24,,,0,75,,1967,24,,,0,34,,1968,24,,,0,84,,1969,24,,,0,75,,1970,24,,,0,35,,1971,24,,,0,88,,1972,24,,,0,100,,1973,24,,,0
2400,'5022',1512,,2404,21,0,15 16 11 12,0
3101,'5021',817,,2443,15,,,0,208,,2440,15,,,0,220,,2437,15,,,0,110,,2441,15,,,0,154,,2439,15,,,0,115,,2442,15,,,0,109,,2438,15,,,0
3101,'5022',644,,2444,15,,,0,83,,2445,15,,,0,31,,2447,15,,,0,73,,2448,15,,,0,72,,2446,15,,,0,46,,2450,15,,,0,106,,2451,15,,,0,151,,2452,15,,,0,110,,2449,15,,,0,116,,2453,15,,,0,117,,2454,15,,,0,79,,2456,15,,,0,75,,2457,15,,,0,36,,2458,15,,,0,72,,2455,15,,,0,30,,2459,15,,,0,18,,2460,15,,,0
3101,'5024',816,,2464,15,,,0,104,,2463,15,,,0,103,,2461,15,,,0,112,,2468,15,,,0,110,,2469,15,,,0,110,,2462,15,,,0,156,,2467,15,,,0,115,,2465,15,,,0,109,,2466,15,,,0,108,,2470,15,,,0
1003101,'5021',922,,2792,18,,,0,214,,2791,18,,,0,75,,2785,18,,,0,110,,2787,18,,,0,110,,2788,18,,,0,114,,2789,18,,,0,155,,2790,18,,,0,110,,2786,18,,,0,109,,2793,18,,,0,115,,2794,18,,,0,99,,2795,18,,,0
1003101,'5022',714,,2796,18,,,0,31,,2797,18,,,0,73,,2798,18,,,0,32,,2799,18,,,0,72,,2800,18,,,0,101,,2801,18,,,0,110,,2802,18,,,0,110,,2803,18,,,0,110,,2804,18,,,0,158,,2805,18,,,0,100,,2806,18,,,0,38,,2807,18,,,0,74,,2808,18,,,0,34,,2809,18,,,0,70,,2810,18,,,0,91,,2811,18,,,0,90,,2812,18,,,0,121,,2813,18,,,0,109,,2814,18,,,0
1003101,'5024',850,,2820,18,,,0,105,,2826,18,,,0,146,,2815,18,,,0,111,,2816,18,,,0,110,,2817,18,,,0,111,,2819,18,,,0,115,,2824,18,,,0,154,,2822,18,,,0,109,,2821,18,,,0,109,,2818,18,,,0,115,,2823,18,,,0,100,,2825,18,,,0
