300,'5014',555,,4236,19,,,0,72,,4237,19,,,0,30,,4238,19,,,0,74,,4239,19,,,0,73,,4240,19,,,0,35,,4241,19,,,0,74,,4242,19,,,0,35,,4243,19,,,0,74,,4244,19,,,0,35,,4235,19,,,0,75,,4245,19,,,0,74,,4246,19,,,0,35,,4247,19,,,0,75,,4248,19,,,0,40,,4249,19,,,0,75,,4250,19,,,0,75,,4251,19,,,0,40,,4252,19,,,0,76,,4253,19,,,0,34,,4254,19,,,0,76,,4255,19,,,0,77,,4256,19,,,0,36,,4258,19,,,0,75,,4257,19,,,0,30,,4259,19,,,0,100,,4260,19,,,0,103,,4261,19,,,0,101,,4262,19,,,0
300,'5015',608,,4287,19,,,0,50,,4286,19,,,0,99,,4288,19,,,0,89,,4263,19,,,0,68,,4264,19,,,0,40,,4265,19,,,0,75,,4267,19,,,0,30,,4268,19,,,0,75,,4269,19,,,0,75,,4266,19,,,0,33,,4270,19,,,0,80,,4271,19,,,0,35,,4272,19,,,0,75,,4273,19,,,0,81,,4274,19,,,0,35,,4275,19,,,0,70,,4276,19,,,0,36,,4277,19,,,0,76,,4278,19,,,0,75,,4279,19,,,0,46,,4280,19,,,0,75,,4281,19,,,0,76,,4282,19,,,0,50,,4283,19,,,0,101,,4284,19,,,0,100,,4285,19,,,0
300,'5221',638,,4289,19,,,0,95,,4290,19,,,0,89,,4303,19,,,0,94,,4292,19,,,0,90,,4293,19,,,0,98,,4294,19,,,0,55,,4291,19,,,0,99,,4295,19,,,0,101,,4296,19,,,0,100,,4297,19,,,0,100,,4298,19,,,0,144,,4299,19,,,0,98,,4300,19,,,0,56,,4301,19,,,0,100,,4302,19,,,0
601,'5014',547,,4571,4,,,0,77,,4572,4,,,0,78,,4574,4,,,0,35,,4575,4,,,0,80,,4576,4,,,0,85,,4573,4,,,0,35,,4577,4,,,0,115,,4578,4,,,0,160,,4579,4,,,0,125,,4580,4,,,0,85,,4581,4,,,0,86,,4563,4,,,0,48,,4564,4,,,0,82,,4565,4,,,0,80,,4567,4,,,0,84,,4568,4,,,0,43,,4569,4,,,0,102,,4566,4,,,0,110,,4570,4,,,0,155,,4561,4,,,0,110,,4562,4,,,0
601,'5015',552,,4584,4,,,0,100,,4585,4,,,0,100,,4583,4,,,0,95,,4586,4,,,0,100,,4587,4,,,0,100,,4588,4,,,0,95,,4589,4,,,0,100,,4590,4,,,0,100,,4591,4,,,0,100,,4592,4,,,0,100,,4593,4,,,0,100,,4594,4,,,0,105,,4595,4,,,0,105,,4596,4,,,0,95,,4597,4,,,0,110,,4598,4,,,0,155,,4599,4,,,0,110,,4582,4,,,0
601,'5221',547,,4600,4,,,0,110,,4601,4,,,0,145,,4602,4,,,0,105,,4603,4,,,0,45,,4605,4,,,0,100,,4606,4,,,0,90,,4607,4,,,0,100,,4604,4,,,0,100,,4608,4,,,0,100,,4609,4,,,0,100,,4610,4,,,0,100,,4611,4,,,0,105,,4612,4,,,0,160,,4613,4,,,0,110,,4614,4,,,0
3100,'5014',727,,4798,4,,,0,31,,4799,4,,,0,73,,4800,4,,,0,102,,4801,4,,,0,107,,4802,4,,,0,109,,4803,4,,,0,109,,4804,4,,,0,154,,4805,4,,,0,98,,4806,4,,,0,39,,4807,4,,,0,73,,4808,4,,,0,36,,4809,4,,,0,77,,4810,4,,,0,75,,4811,4,,,0
3100,'5015',904,,4815,4,,,0,105,,4819,4,,,0,109,,4813,4,,,0,110,,4812,4,,,0,109,,4814,4,,,0,115,,4816,4,,,0,155,,4818,4,,,0,111,,4817,4,,,0
3100,'5221',1010,,4826,4,,,0,109,,4820,4,,,0,109,,4821,4,,,0,110,,4822,4,,,0,115,,4823,4,,,0,156,,4825,4,,,0,110,,4824,4,,,0
1003100,'5014',639,,6127,4,,,0,69,,6128,4,,,0,31,,6129,4,,,0,71,,6130,4,,,0,49,,6131,4,,,0,144,,6132,4,,,0,110,,6133,4,,,0,108,,6134,4,,,0,115,,6135,4,,,0,112,,6136,4,,,0,80,,6137,4,,,0,73,,6124,4,,,0,36,,6125,4,,,0,77,,6123,4,,,0,34,,6126,4,,,0,79,,6138,4,,,0,86,,6139,4,,,0,121,,6140,4,,,0,104,,6141,4,,,0,108,,6142,4,,,0
1003100,'5015',731,,6156,4,,,0,101,,6145,4,,,0,100,,6144,4,,,0,108,,6143,4,,,0,110,,6151,4,,,0,151,,6155,4,,,0,114,,6148,4,,,0,114,,6152,4,,,0,111,,6149,4,,,0,111,,6150,4,,,0,75,,6146,4,,,0,115,,6147,4,,,0,102,,6154,4,,,0,99,,6153,4,,,0
1003100,'5221',730,,6168,4,,,0,102,,6160,4,,,0,102,,6158,4,,,0,107,,6162,4,,,0,110,,6159,4,,,0,150,,6157,4,,,0,114,,6163,4,,,0,115,,6164,4,,,0,111,,6161,4,,,0,181,,6165,4,,,0,120,,6166,4,,,0,104,,6167,4,,,0
24003100,'5014',531,,6214,4,,,0,69,,6211,4,,,0,30,,6212,4,,,0,29,,6213,4,,,0
