3101,'5021',756,,2443,3,,,0,247,,2440,3,,,0,218,,2437,3,,,0,110,,2441,3,,,0,115,,2439,3,,,0,155,,2442,3,,,0,110,,2438,3,,,0
3101,'5022',621,,2444,3,,,0,85,,2445,3,,,0,30,,2447,3,,,0,71,,2448,3,,,0,32,,2446,3,,,0,87,,2450,3,,,0,105,,2451,3,,,0,110,,2452,3,,,0,110,,2449,3,,,0,155,,2453,3,,,0,115,,2454,3,,,0,80,,2456,3,,,0,36,,2457,3,,,0,76,,2458,3,,,0,34,,2455,3,,,0,71,,2459,3,,,0,18,,2460,3,,,0
3101,'5024',756,,2464,3,,,0,103,,2463,3,,,0,142,,2461,3,,,0,110,,2468,3,,,0,110,,2469,3,,,0,110,,2462,3,,,0,115,,2467,3,,,0,155,,2465,3,,,0,110,,2466,3,,,0,110,,2470,3,,,0
3201,'5021',756,,2485,3,0,5 6,0,103,,2484,3,0,5 6,0,144,,2479,3,0,5 6,0,33,,2486,3,0,5 6,0,75,,2473,3,0,5 6,0,35,,2472,3,0,5 6,0,75,,2480,3,0,5 6,0,35,,2471,3,0,5 6,0,75,,2481,3,0,5 6,0,75,,2476,3,0,5 6,0,40,,2482,3,0,5 6,0,75,,2477,3,0,5 6,0,80,,2478,3,0,5 6,0,35,,2475,3,0,5 6,0,75,,2483,3,0,5 6,0,35,,2474,3,0,5 6,0,110,,2487,3,0,5 6,0,155,,2488,3,0,5 6,0
3201,'5022',551,,2490,3,0,5 6,0,70,,2491,3,0,5 6,0,30,,2492,3,0,5 6,0,70,,2489,3,0,5 6,0,30,,2493,3,0,5 6,0,72,,2494,3,0,5 6,0,33,,2495,3,0,5 6,0,70,,2496,3,0,5 6,0,32,,2497,3,0,5 6,0,73,,2498,3,0,5 6,0,75,,2499,3,0,5 6,0,35,,2500,3,0,5 6,0,75,,2501,3,0,5 6,0,35,,2502,3,0,5 6,0,75,,2503,3,0,5 6,0,80,,2504,3,0,5 6,0,37,,2505,3,0,5 6,0,79,,2506,3,0,5 6,0,80,,2507,3,0,5 6,0,35,,2508,3,0,5 6,0,77,,2509,3,0,5 6,0,32,,2510,3,0,5 6,0,72,,2511,3,0,5 6,0,38,,2512,3,0,5 6,0,87,,2513,3,0,5 6,0,68,,2514,3,0,5 6,0,95,,2515,3,0,5 6,0,105,,2516,3,0,5 6,0
3201,'5024',756,,2528,3,0,5 6,0,70,,2519,3,0,5 6,0,33,,2539,3,0,5 6,0,72,,2517,3,0,5 6,0,70,,2520,3,0,5 6,0,35,,2525,3,0,5 6,0,75,,2518,3,0,5 6,0,35,,2537,3,0,5 6,0,75,,2522,3,0,5 6,0,35,,2521,3,0,5 6,0,75,,2526,3,0,5 6,0,75,,2523,3,0,5 6,0,40,,2538,3,0,5 6,0,75,,2527,3,0,5 6,0,80,,2524,3,0,5 6,0,35,,2533,3,0,5 6,0,75,,2529,3,0,5 6,0,35,,2540,3,0,5 6,0,75,,2530,3,0,5 6,0,35,,2532,3,0,5 6,0,85,,2531,3,0,5 6,0,70,,2535,3,0,5 6,0,30,,2534,3,0,5 6,0,170,,2536,3,0,5 6,0
3501,'5021',842,,2669,7,,,0,395,,2668,7,,,0,280,,2672,7,,,0,225,,2670,7,,,0,160,,2671,7,,,0
3501,'5022',713,,2677,7,,,0,28,,2678,7,,,0,65,,2679,7,,,0,34,,2680,7,,,0,396,,2675,7,,,0,302,,2676,7,,,0,298,,2674,7,,,0,120,,2673,7,,,0
3501,'5024',841,,2682,7,,,0,395,,2685,7,,,0,280,,2681,7,,,0,225,,2683,7,,,0,160,,2684,7,,,0
3900,'5021',928,,2689,32,0,7 8,0,121,,2692,32,0,7 8,0,105,,2687,32,0,7 8,0,175,,2686,32,0,7 8,0,110,,2690,32,0,7 8,0,170,,2688,32,0,7 8,0,104,,2693,32,0,7 8,0,115,,2691,32,0,7 8,0
3900,'5022',627,,2699,3,,,0,319,,2702,33,0,7 8,0,98,,2696,32,0,7 8,0,159,,2697,33,0,7 8,0,135,,2698,32,0,7 8,0,170,,2700,33,0,7 8,0,150,,2701,33,0,7 8,0,150,,2694,33,0,7 8,0,119,,2695,32,0,7 8,0
3900,'5024',933,,2704,32,0,7 8,0,120,,2705,32,0,7 8,0,106,,2703,32,0,7 8,0,175,,2706,32,0,7 8,0,110,,2708,32,0,7 8,0,170,,2707,32,0,7 8,0,104,,2710,32,0,7 8,0,114,,2709,32,0,7 8,0
1003101,'5021',859,,2792,3,,,0,252,,2791,3,,,0,35,,2785,3,,,0,110,,2787,3,,,0,150,,2788,3,,,0,115,,2789,3,,,0,115,,2790,3,,,0,110,,2786,3,,,0,110,,2793,3,,,0,155,,2794,3,,,0,100,,2795,3,,,0
1003101,'5022',651,,2796,3,,,0,70,,2797,3,,,0,30,,2798,3,,,0,72,,2799,3,,,0,33,,2800,3,,,0,102,,2801,3,,,0,148,,2802,3,,,0,110,,2803,3,,,0,110,,2804,3,,,0,115,,2805,3,,,0,100,,2806,3,,,0,78,,2807,3,,,0,35,,2808,3,,,0,75,,2809,3,,,0,73,,2810,3,,,0,51,,2811,3,,,0,90,,2812,3,,,0,163,,2813,3,,,0,110,,2814,3,,,0
1003101,'5024',826,,2820,3,,,0,105,,2826,3,,,0,105,,2815,3,,,0,110,,2816,3,,,0,110,,2817,3,,,0,150,,2819,3,,,0,115,,2824,3,,,0,115,,2822,3,,,0,110,,2821,3,,,0,110,,2818,3,,,0,155,,2823,3,,,0,100,,2825,3,,,0
