300,'5021',641,,1838,23,,,0,95,,1839,23,,,0,89,,1852,23,,,0,94,,1841,23,,,0,90,,1842,23,,,0,98,,1843,23,,,0,95,,1840,23,,,0,99,,1844,23,,,0,101,,1845,23,,,0,100,,1846,23,,,0,100,,1847,23,,,0,104,,1848,23,,,0,98,,1849,23,,,0,96,,1850,23,,,0,100,,1851,23,,,0
300,'5022',558,,1854,23,,,0,71,,1855,23,,,0,29,,1856,23,,,0,74,,1857,23,,,0,74,,1858,23,,,0,35,,1859,23,,,0,75,,1860,23,,,0,35,,1861,23,,,0,75,,1862,23,,,0,75,,1853,23,,,0,35,,1863,23,,,0,74,,1864,23,,,0,35,,1865,23,,,0,75,,1866,23,,,0,80,,1867,23,,,0,33,,1868,23,,,0,76,,1869,23,,,0,40,,1870,23,,,0,76,,1871,23,,,0,34,,1872,23,,,0,77,,1873,23,,,0,76,,1874,23,,,0,36,,1876,23,,,0,75,,1875,23,,,0,30,,1877,23,,,0,101,,1878,23,,,0,102,,1879,23,,,0,103,,1880,23,,,0
300,'5024',611,,1905,23,,,0,90,,1904,23,,,0,99,,1906,23,,,0,49,,1881,23,,,0,68,,1882,23,,,0,40,,1883,23,,,0,75,,1885,23,,,0,70,,1886,23,,,0,35,,1887,23,,,0,75,,1884,23,,,0,34,,1888,23,,,0,80,,1889,23,,,0,75,,1890,23,,,0,35,,1891,23,,,0,81,,1892,23,,,0,35,,1893,23,,,0,70,,1894,23,,,0,35,,1895,23,,,0,76,,1896,23,,,0,75,,1897,23,,,0,46,,1898,23,,,0,75,,1899,23,,,0,76,,1900,23,,,0,50,,1901,23,,,0,101,,1902,23,,,0,100,,1903,23,,,0
3100,'5021',1012,,2414,8,,,0,109,,2408,8,,,0,109,,2409,8,,,0,110,,2410,8,,,0,115,,2411,8,,,0,156,,2413,8,,,0,110,,2412,8,,,0
3100,'5022',729,,2415,8,,,0,71,,2416,8,,,0,31,,2417,8,,,0,104,,2418,8,,,0,107,,2419,8,,,0,110,,2420,8,,,0,149,,2421,8,,,0,114,,2422,8,,,0,97,,2423,8,,,0,39,,2424,8,,,0,74,,2425,8,,,0,34,,2426,8,,,0,76,,2427,8,,,0,76,,2428,8,,,0
3100,'5024',906,,2432,8,,,0,105,,2436,8,,,0,110,,2430,8,,,0,109,,2429,8,,,0,110,,2431,8,,,0,115,,2433,8,,,0,155,,2435,8,,,0,110,,2434,8,,,0
1003100,'5021',732,,2750,8,,,0,102,,2742,8,,,0,102,,2740,8,,,0,107,,2744,8,,,0,110,,2741,8,,,0,150,,2739,8,,,0,114,,2745,8,,,0,115,,2746,8,,,0,111,,2743,8,,,0,181,,2747,8,,,0,120,,2748,8,,,0,104,,2749,8,,,0
1003100,'5022',642,,2755,8,,,0,69,,2756,8,,,0,30,,2757,8,,,0,68,,2758,8,,,0,50,,2759,8,,,0,146,,2760,8,,,0,109,,2761,8,,,0,109,,2762,8,,,0,115,,2763,8,,,0,110,,2764,8,,,0,80,,2765,8,,,0,74,,2752,8,,,0,36,,2753,8,,,0,79,,2751,8,,,0,32,,2754,8,,,0,80,,2766,8,,,0,85,,2767,8,,,0,122,,2768,8,,,0,104,,2769,8,,,0,108,,2770,8,,,0
1003100,'5024',733,,2784,8,,,0,101,,2773,8,,,0,100,,2772,8,,,0,109,,2771,8,,,0,110,,2779,8,,,0,150,,2783,8,,,0,115,,2776,8,,,0,114,,2780,8,,,0,111,,2777,8,,,0,110,,2778,8,,,0,75,,2774,8,,,0,115,,2775,8,,,0,102,,2782,8,,,0,99,,2781,8,,,0
24003100,'5022',533,,2830,8,,,0,69,,2827,8,,,0,30,,2828,8,,,0,69,,2829,8,,,0
