101,'5021',617,,4354,,,0,40,,4355,,,0,85,,4356,,,0,80,,4357,,,0,79,,4358,,,0,36,,4359,,,0,94,,4360,,,0,88,,4361,,,0,84,,4362,,,0,40,,4363,,,0,80,,4364,,,0,79,,4365,,,0,40,,4366,,,0,80,,4367,,,0,80,,4368,,,0,40,,4369,,,0,81,,4370,,,0,81,,4371,,,0,43,,4372,,,0,80,,4373,,,0,81,,4374,,,0,43,,4375,,,0
101,'5022',542,,4377,,,0,65,,4378,,,0,30,,4379,,,0,69,,4380,,,0,22,,4376,,,0,14,,4381,,,0,16,,4382,,,0,62,,4383,,,0,21,,4384,,,0,63,,4385,,,0,20,,4386,,,0,21,,4387,,,0,62,,4388,,,0,22,,4389,,,0,22,,4390,,,0,61,,4391,,,0,22,,4392,,,0,22,,4393,,,0,61,,4394,,,0,23,,4395,,,0,65,,4396,,,0,26,,4397,,,0,19,,4398,,,0,64,,4399,,,0,18,,4400,,,0,16,,4401,,,0,55,,4402,,,0,15,,4403,,,0,15,,4404,,,0,14,,4405,,,0,55,,4406,,,0,15,,4407,,,0,15,,4408,,,0,16,,4409,,,0,56,,4410,,,0,13,,4411,,,0,14,,4412,,,0,12,,4413,,,0,62,,4414,,,0,21,,4415,,,0,20,,4416,,,0,59,,4424,,,0,30,,4417,,,0,65,,4418,,,0,23,,4419,,,0,27,,4425,,,0,65,,4420,,,0,30,,4421,,,0,74,,4422,,,0,34,,4423,,,0
101,'5024',616,,4427,,,0,35,,4426,,,0,70,,4428,,,0,32,,4429,,,0,67,,4430,,,0,35,,4431,,,0,82,,4432,,,0,74,,4433,,,0,32,,4434,,,0,68,,4435,,,0,29,,4436,,,0,67,,4437,,,0,28,,4438,,,0,70,,4439,,,0,30,,4440,,,0,70,,4441,,,0,30,,4442,,,0,70,,4443,,,0,31,,4444,,,0,70,,4445,,,0,30,,4446,,,0,69,,4447,,,0,28,,4448,,,0,70,,4449,,,0,38,,4450,,,0,79,,4451,,,0,38,,4452,,,0,76,,4453,,,0,76,,4454,,,0,35,,4455,,,0,72,,4457,,,0,35,,4456,,,0
200,'5021',629,,4458,,,0,75,,4459,,,0,41,,4460,,,0,86,,4461,,,0,81,,4462,,,0,43,,4463,,,0,82,,4464,,,0,96,,4465,,,0,90,,4466,,,0,86,,4467,,,0,41,,4468,,,0,80,,4469,,,0,80,,4470,,,0,40,,4471,,,0,80,,4472,,,0,80,,4473,,,0,38,,4474,,,0,80,,4475,,,0,79,,4476,,,0,38,,4477,,,0,79,,4478,,,0,80,,4480,,,0,38,,4479,,,0
200,'5022',556,,4481,,,0,76,,4482,,,0,68,,4483,,,0,32,,4484,,,0,18,,4485,,,0,55,,4486,,,0,29,,4487,,,0,12,,4488,,,0,55,,4489,,,0,20,,4490,,,0,21,,4491,,,0,62,,4492,,,0,21,,4493,,,0,23,,4494,,,0,62,,4495,,,0,23,,4496,,,0,22,,4497,,,0,62,,4498,,,0,23,,4499,,,0,62,,4500,,,0,21,,4501,,,0,23,,4502,,,0,66,,4503,,,0,29,,4504,,,0,64,,4505,,,0,22,,4506,,,0,16,,4507,,,0,16,,4508,,,0,56,,4509,,,0,14,,4510,,,0,15,,4511,,,0,14,,4512,,,0,55,,4513,,,0,15,,4514,,,0,15,,4515,,,0,14,,4516,,,0,55,,4517,,,0,21,,4518,,,0,14,,4519,,,0,60,,4520,,,0,19,,4521,,,0,20,,4522,,,0,59,,4528,,,0,28,,4523,,,0,23,,4524,,,0,64,,4525,,,0,24,,4529,,,0,63,,4526,,,0,30,,4527,,,0
200,'5024',630,,4530,,,0,75,,4531,,,0,35,,4532,,,0,72,,4533,,,0,33,,4534,,,0,71,,4535,,,0,37,,4536,,,0,84,,4537,,,0,76,,4538,,,0,33,,4539,,,0,71,,4541,,,0,30,,4542,,,0,68,,4543,,,0,30,,4540,,,0,70,,4544,,,0,30,,4545,,,0,70,,4546,,,0,29,,4547,,,0,70,,4548,,,0,30,,4550,,,0,69,,4551,,,0,29,,4549,,,0,68,,4552,,,0,27,,4553,,,0,68,,4554,,,0,35,,4555,,,0,78,,4556,,,0,35,,4557,,,0,75,,4558,,,0,74,,4559,,,0,33,,4560,,,0
301,'5021',616,,4740,,,0,101,,4741,,,0,95,,4743,,,0,91,,4752,,,0,55,,4738,,,0,90,,4744,,,0,101,,4745,,,0,95,,4742,,,0,101,,4746,,,0,101,,4747,,,0,100,,4748,,,0,99,,4749,,,0,104,,4750,,,0,96,,4751,,,0,93,,4737,,,0,100,,4739,0,17 10 19,0
301,'5022',552,,4754,,,0,80,,4755,,,0,75,,4756,,,0,32,,4757,,,0,75,,4758,,,0,35,,4759,,,0,75,,4760,,,0,35,,4761,,,0,75,,4753,,,0,75,,4762,,,0,36,,4763,,,0,75,,4764,,,0,35,,4765,,,0,76,,4766,,,0,75,,4767,,,0,40,,4768,,,0,75,,4769,,,0,36,,4770,,,0,80,,4771,,,0,76,,4772,,,0,33,,4773,,,0,73,,4774,,,0,35,,4775,,,0,73,,4776,,,0,75,,4777,,,0,30,,4778,,,0,100,,4779,,,0,100,,4780,,,0,98,,4781,0,17 10 19,0
301,'5024',551,,4807,,,0,95,,4806,,,0,91,,4805,,,0,100,,4808,,,0,91,,4782,,,0,31,,4783,,,0,80,,4784,,,0,76,,4785,,,0,30,,4786,,,0,75,,4787,,,0,35,,4788,,,0,75,,4789,,,0,80,,4790,,,0,36,,4791,,,0,75,,4792,,,0,80,,4793,,,0,35,,4794,,,0,69,,4795,,,0,35,,4796,,,0,75,,4797,,,0,34,,4798,,,0,84,,4799,,,0,75,,4800,,,0,35,,4801,,,0,89,,4802,,,0,100,,4803,,,0,99,,4804,0,17 10 19,0
900,'5024',1653,,5117,0,13 14,0
