'4428',200,63300,4,'',0,7500,4,'',0,4200,4,'',0,8600,4,'',0,8100,4,'',0,8300,4,'',0,4200,4,'',0,9600,4,'',0,9000,4,'',0,8700,4,'',0,4100,4,'',0,8000,4,'',0,8000,4,'',0,4000,4,'',0,8000,4,'',0,8000,4,'',0,3800,4,'',0,8000,4,'',0,7900,4,'',0,3700,4,'',0,7900,4,'',0
'4428',201,60500,,'',0,4000,,'',0,7900,,'',0,7900,,'',0,4700,,'',0,8500,,'',0,7900,,'',0,3900,,'',0,7700,,'',0,8000,,'',0,3900,,'',0,7800,,'',0,8000,,'',0,4000,,'',0,8000,,'',0,8000,,'',0,4000,,'',0,8200,,'',0,8100,,'',0,4200,,'',0,8100,,'',0,8000,,'',0
'4430',200,231200,4,'',0,3200,4,'',0,7200,4,'',0,3000,4,'',0,7000,4,'',0,3000,4,'',0,7000,4,'',0,3000,4,'',0,7000,4,'',0
'4430',201,225100,,'',0,6500,,'',0,3000,,'',0,7000,,'',0,3000,,'',0,7000,,'',0,3000,,'',0,7000,,'',0,3000,,'',0
'4540',200,63500,4,'',0,7500,4,'',0,3500,4,'',0,7200,4,'',0,3300,4,'',0,7500,4,'',0,7600,4,'',0,4200,4,'',0,7600,4,'',0,3300,4,'',0,7100,4,'',0,2800,4,'',0,7100,4,'',0,3000,4,'',0,7000,4,'',0,3000,4,'',0,7000,4,'',0,2900,4,'',0,7000,4,'',0,3000,4,'',0,6900,4,'',0,2900,4,'',0,7000,4,'',0,2500,4,'',0,6700,4,'',0,3300,4,'',0,8000,4,'',0,3500,4,'',0,7400,4,'',0,7400,4,'',0,3300,4,'',0
'4540',201,55000,,'',0,7000,,'',0,2800,,'',0,7500,,'',0,3500,,'',0,7300,,'',0,7100,,'',0,3600,,'',0,7400,,'',0,3000,,'',0,7000,,'',0,2800,,'',0,6900,,'',0,2800,,'',0,6900,,'',0,2900,,'',0,7000,,'',0,3000,,'',0,7000,,'',0,3200,,'',0,7000,,'',0,2600,,'',0,7000,,'',0,3000,,'',0,7700,,'',0,3600,,'',0,7700,,'',0,7700,,'',0,3600,,'',0,7500,,'',0,3600,,'',0,7600,,'',0
'4593',200,63500,4,'',0,7500,4,'',0,3500,4,'',0,7200,4,'',0,3300,4,'',0,7500,4,'',0,7600,4,'',0,4200,4,'',0,7600,4,'',0,3300,4,'',0,7100,4,'',0,2800,4,'',0,7100,4,'',0,3000,4,'',0,7000,4,'',0,3000,4,'',0,7000,4,'',0,2900,4,'',0,7000,4,'',0,3000,4,'',0,6900,4,'',0,2900,4,'',0,7000,4,'',0,2500,4,'',0,6700,4,'',0,3300,4,'',0,8000,4,'',0,3500,4,'',0,7400,4,'',0,7400,4,'',0,3300,4,'',0
'4593',201,55000,,'',0,7000,,'',0,2800,,'',0,7500,,'',0,3500,,'',0,7300,,'',0,7100,,'',0,3600,,'',0,7400,,'',0,3000,,'',0,7000,,'',0,2800,,'',0,6900,,'',0,2800,,'',0,6900,,'',0,2900,,'',0,7000,,'',0,3000,,'',0,7000,,'',0,3200,,'',0,7000,,'',0,2600,,'',0,7000,,'',0,3000,,'',0,7700,,'',0,3600,,'',0,7700,,'',0,7700,,'',0,3600,,'',0,7500,,'',0,3600,,'',0,7600,,'',0
'4594',200,60000,4,'',0,3700,4,'',0,6800,4,'',0,3300,4,'',0,6200,4,'',0,1500,4,'',0,2500,4,'',0,1300,4,'',0,5500,4,'',0,1800,4,'',0,2200,4,'',0,6100,4,'',0,2200,4,'',0,2300,4,'',0,6200,4,'',0,2400,4,'',0,6200,4,'',0,2200,4,'',0,2300,4,'',0,6200,4,'',0,2200,4,'',0,2400,4,'',0,6500,4,'',0,3000,4,'',0,6500,4,'',0,2100,4,'',0,1600,4,'',0,5500,4,'',0,1700,4,'',0,1400,4,'',0,1400,4,'',0,5500,4,'',0,1300,4,'',0,1400,4,'',0,1500,4,'',0,5300,4,'',0,1400,4,'',0,1900,4,'',0,2000,4,'',0,6000,4,'',0,1700,4,'',0,2000,4,'',0,7500,4,'',0,7400,4,'',0,3100,4,'',0,7500,4,'',0,3500,4,'',0
'4594',201,50300,,'',0,3300,,'',0,8000,,'',0,3400,,'',0,5700,,'',0,1500,,'',0,1300,,'',0,1400,,'',0,5900,,'',0,1800,,'',0,1800,,'',0,6000,,'',0,1800,,'',0,2000,,'',0,6000,,'',0,2100,,'',0,2300,,'',0,6500,,'',0,2100,,'',0,2200,,'',0,6200,,'',0,2300,,'',0,6200,,'',0,2300,,'',0,2000,,'',0,6200,,'',0,900,,'',0,1800,0,'Bourquin Exch Only',0,400,,'',0,1500,,'',0,5600,,'',0,1800,,'',0,1400,,'',0,1400,,'',0,5400,,'',0,1400,,'',0,1500,,'',0,1600,,'',0,5500,,'',0,2300,,'',0,1700,,'',0,5500,,'',0,1300,,'',0,3300,,'',0,7700,,'',0,7700,,'',0,3600,,'',0,7300,,'',0,3800,,'',0,7500,,'',0
'4601',200,60000,4,'',0,3700,4,'',0,6800,4,'',0,3300,4,'',0,6200,4,'',0,1500,4,'',0,2500,4,'',0,1300,4,'',0,5500,4,'',0,1800,4,'',0,2200,4,'',0,6100,4,'',0,2200,4,'',0,2300,4,'',0,6200,4,'',0,2400,4,'',0,6200,4,'',0,2200,4,'',0,2300,4,'',0,6200,4,'',0,2200,4,'',0,2400,4,'',0,6500,4,'',0,3000,4,'',0,6500,4,'',0,2100,4,'',0,1600,4,'',0,5500,4,'',0,1700,4,'',0,1400,4,'',0,1400,4,'',0,5500,4,'',0,1300,4,'',0,1400,4,'',0,1500,4,'',0,5300,4,'',0,1400,4,'',0,1900,4,'',0,2000,4,'',0,6000,4,'',0,1700,4,'',0,2000,4,'',0,7500,4,'',0,7400,4,'',0,3100,4,'',0,7500,4,'',0,3500,4,'',0
'4601',201,50300,,'',0,3300,,'',0,8000,,'',0,3400,,'',0,5700,,'',0,1500,,'',0,1300,,'',0,1400,,'',0,5900,,'',0,1800,,'',0,1800,,'',0,6000,,'',0,1800,,'',0,2000,,'',0,6000,,'',0,2100,,'',0,2300,,'',0,6500,,'',0,2100,,'',0,2200,,'',0,6200,,'',0,2300,,'',0,6200,,'',0,2300,,'',0,2000,,'',0,6200,,'',0,900,,'',0,1800,0,'Bourquin Exch Only',0,400,,'',0,1500,,'',0,5600,,'',0,1800,,'',0,1400,,'',0,1400,,'',0,5400,,'',0,1400,,'',0,1500,,'',0,1600,,'',0,5500,,'',0,2300,,'',0,1700,,'',0,5500,,'',0,1300,,'',0,3300,,'',0,7700,,'',0,7700,,'',0,3600,,'',0,7300,,'',0,3800,,'',0,7500,,'',0
'4603',200,63500,4,'',0,7500,4,'',0,3500,4,'',0,7200,4,'',0,3300,4,'',0,7500,4,'',0,7600,4,'',0,4200,4,'',0,7600,4,'',0,3300,4,'',0,7100,4,'',0,2800,4,'',0,7100,4,'',0,3000,4,'',0,7000,4,'',0,3000,4,'',0,7000,4,'',0,2900,4,'',0,7000,4,'',0,3000,4,'',0,6900,4,'',0,2900,4,'',0,7000,4,'',0,2500,4,'',0,6700,4,'',0,3300,4,'',0,8000,4,'',0,3500,4,'',0,7400,4,'',0,7400,4,'',0,3300,4,'',0
'4603',201,55000,,'',0,7000,,'',0,2800,,'',0,7500,,'',0,3500,,'',0,7300,,'',0,7100,,'',0,3600,,'',0,7400,,'',0,3000,,'',0,7000,,'',0,2800,,'',0,6900,,'',0,2800,,'',0,6900,,'',0,2900,,'',0,7000,,'',0,3000,,'',0,7000,,'',0,3200,,'',0,7000,,'',0,2600,,'',0,7000,,'',0,3000,,'',0,7700,,'',0,3600,,'',0,7700,,'',0,7700,,'',0,3600,,'',0,7500,,'',0,3600,,'',0,7600,,'',0
