'3277',3100,74600,4,'',0,7100,4,'',0,3500,4,'',0,68300,4,'',0,7800,4,'',0,12000,4,'',0
'3277',3101,62000,,'',0,8500,,'',0,3000,,'',0,7300,,'',0,3400,,'',0,8800,,'',0,10500,,'',0,11000,,'',0,11000,,'',0,15000,,'',0,11500,,'',0,8000,,'',0,3500,,'',0,7500,,'',0,2800,,'',0,7200,,'',0,2000,,'',0,38500,,'',0
'3281',3101,75500,,'',0,10300,,'',0,14400,,'',0,10800,,'',0,11000,,'',0,11000,,'',0,11500,,'',0,15500,,'',0,11000,,'',0,11000,,'',0
'3282',3101,100200,,'',0,21800,,'',0,11000,,'',0,11500,,'',0,15500,,'',0,11000,,'',0
'3277',3200,61400,4,'',0,10200,4,'',0,3000,4,'',0,7100,4,'',0,3600,4,'',0,7200,4,'',0,3200,4,'',0,7000,4,'',0,7600,4,'',0,3500,4,'',0,7600,4,'',0,3500,4,'',0,7500,4,'',0,3500,4,'',0,7500,4,'',0,8200,4,'',0,3800,4,'',0,7700,4,'',0,7500,4,'',0,3800,4,'',0,7100,4,'',0,3500,4,'',0,7300,4,'',0,8400,4,'',0,12200,4,'',0,10400,4,'',0
'3277',3201,55000,,'',0,10000,,'',0,7000,,'',0,3000,,'',0,7500,,'',0,3300,,'',0,7200,,'',0,7000,,'',0,3500,,'',0,7500,,'',0,3500,,'',0,7500,,'',0,3500,,'',0,7500,,'',0,7500,,'',0,4000,,'',0,7500,,'',0,8000,,'',0,3500,,'',0,7500,,'',0,3500,,'',0,7500,,'',0,3500,,'',0,8500,,'',0,7000,,'',0,9500,,'',0,10500,,'',0
'3278',3200,64500,4,'',0
'3278',3201,62000,,'',0
'3281',3200,81900,4,'',0,3100,4,'',0,7500,4,'',0,3200,4,'',0,7000,4,'',0,7600,4,'',0,3500,4,'',0,7700,4,'',0,3500,4,'',0,7500,4,'',0,7500,4,'',0,3600,4,'',0,8000,4,'',0,3500,4,'',0,8000,4,'',0,7500,4,'',0,3200,4,'',0,7500,4,'',0,3400,4,'',0,7400,4,'',0,8500,4,'',0,2900,4,'',0,7000,4,'',0,13000,4,'',0
'3281',3201,75500,,'',0,7000,,'',0,3300,,'',0,7200,,'',0,7000,,'',0,3500,,'',0,7500,,'',0,3500,,'',0,7500,,'',0,3500,,'',0,7500,,'',0,7500,,'',0,4000,,'',0,7500,,'',0,8000,,'',0,3500,,'',0,7500,,'',0,3500,,'',0,7500,,'',0,3500,,'',0,8500,,'',0,7000,,'',0,3000,,'',0,17000,,'',0
'3282',3200,102700,4,'',0,7500,4,'',0,3500,4,'',0,7600,4,'',0,3600,4,'',0,7500,4,'',0,3500,4,'',0,7500,4,'',0,8100,4,'',0,3500,4,'',0,7800,4,'',0,7500,4,'',0,3400,4,'',0
'3282',3201,75500,,'',0,10300,,'',0,14200,,'',0,3500,,'',0,7500,,'',0,3500,,'',0,7500,,'',0,3500,,'',0,7500,,'',0,7500,,'',0,4000,,'',0,7500,,'',0,8000,,'',0,3500,,'',0,7500,,'',0,3500,,'',0,11000,,'',0,15500,,'',0
'3283',3200,64500,4,'',0
'3283',3201,62000,,'',0
'3277',3300,92300,4,'',0,3200,4,'',0,7000,4,'',0,8000,4,'',0,3500,4,'',0,7500,4,'',0,3600,4,'',0,7500,4,'',0,7500,4,'',0,3600,4,'',0,11900,4,'',0,7200,4,'',0,7500,4,'',0,3800,4,'',0,7400,4,'',0,3300,4,'',0,7500,4,'',0,8300,4,'',0,9700,4,'',0
'3281',3300,81800,4,'',0,3000,4,'',0,7300,4,'',0,3300,4,'',0,7100,4,'',0,8000,4,'',0,3600,4,'',0,7500,4,'',0,3500,4,'',0,7500,4,'',0,7500,4,'',0,3600,4,'',0,8000,4,'',0,3500,4,'',0,7500,4,'',0,7400,4,'',0,3500,4,'',0,7500,4,'',0,3500,4,'',0
'3282',3300,84800,4,'',0,10700,4,'',0,15000,4,'',0,3600,4,'',0,7500,4,'',0,3600,4,'',0,7500,4,'',0,7500,4,'',0,3500,4,'',0,8000,4,'',0,3500,4,'',0,7500,4,'',0,7400,4,'',0,3500,4,'',0,10800,4,'',0,16000,4,'',0,10000,4,'',0
'3277',3400,220300,4,'',0
'3277',1003100,70300,4,'',0,3000,4,'',0,7200,4,'',0,3400,4,'',0,67700,4,'',0,13300,4,'',0,7300,4,'',0,8000,4,'',0,25700,4,'',0,14300,4,'',0,10800,4,'',0
'3277',1003101,72000,,'',0,3000,,'',0,7500,,'',0,3300,,'',0,14400,,'',0,10800,,'',0,11000,,'',0,11000,,'',0,11500,,'',0,9400,,'',0,7800,,'',0,3600,,'',0,7200,,'',0,2500,,'',0,10500,,'',0,8500,,'',0,16500,,'',0
'3278',1003101,65000,,'',0
'3281',1003100,200700,4,'',0,10100,4,'',0,9800,4,'',0
'3281',1003101,82500,,'',0,10500,,'',0,10500,,'',0,11000,,'',0,11000,,'',0,15000,,'',0,11500,,'',0,11500,,'',0,11000,,'',0,11000,,'',0,15500,,'',0,10000,,'',0
'3282',1003100,85200,4,'',0,10500,4,'',0,89000,4,'',0,16000,4,'',0,10400,4,'',0
'3282',1003101,85800,,'',0,25200,,'',0,3500,,'',0,11000,,'',0,15000,,'',0,11500,,'',0,11500,,'',0,11000,,'',0,11000,,'',0,15500,,'',0,10000,,'',0
'3283',1003101,65000,,'',0
'3277',24003100,64500,4,'',0,7000,4,'',0
'3278',24003100,61500,4,'',0
'3283',24003100,61500,4,'',0
