200,'5021',629,,1628,38,,,0,75,,1629,38,,,0,41,,1630,38,,,0,86,,1631,38,,,0,81,,1632,38,,,0,43,,1633,38,,,0,82,,1634,38,,,0,96,,1635,38,,,0,90,,1636,38,,,0,86,,1637,38,,,0,41,,1638,38,,,0,80,,1639,38,,,0,80,,1640,38,,,0,40,,1641,38,,,0,80,,1642,38,,,0,80,,1643,38,,,0,38,,1644,38,,,0,80,,1645,38,,,0,79,,1646,38,,,0,38,,1647,38,,,0,79,,1648,38,,,0,80,,1650,38,,,0,38,,1649,38,,,0
200,'5022',556,,1651,38,,,0,76,,1652,38,,,0,68,,1653,38,,,0,32,,1654,38,,,0,19,,1655,38,,,0,55,,1656,38,,,0,28,,1657,38,,,0,12,,1658,38,,,0,55,,1659,38,,,0,20,,1660,38,,,0,21,,1661,38,,,0,62,,1662,38,,,0,21,,1663,38,,,0,23,,1664,38,,,0,62,,1665,38,,,0,23,,1666,38,,,0,22,,1667,38,,,0,62,,1668,38,,,0,23,,1669,38,,,0,62,,1670,38,,,0,21,,1671,38,,,0,23,,1672,38,,,0,66,,1673,38,,,0,30,,1674,38,,,0,64,,1675,38,,,0,22,,1676,38,,,0,16,,1677,38,,,0,15,,1678,38,,,0,56,,1679,38,,,0,14,,1680,38,,,0,15,,1681,38,,,0,14,,1682,38,,,0,55,,1683,38,,,0,15,,1684,38,,,0,15,,1685,38,,,0,14,,1686,38,,,0,55,,1687,38,,,0,21,,1688,38,,,0,14,,1689,38,,,0,60,,1690,38,,,0,19,,1691,38,,,0,20,,1692,38,,,0,59,,1698,38,,,0,28,,1693,38,,,0,23,,1694,38,,,0,64,,1695,38,,,0,24,,1699,38,,,0,63,,1696,38,,,0,30,,1697,38,,,0
200,'5024',630,,1700,38,,,0,75,,1701,38,,,0,35,,1702,38,,,0,72,,1703,38,,,0,33,,1704,38,,,0,71,,1705,38,,,0,37,,1706,38,,,0,84,,1707,38,,,0,76,,1708,38,,,0,33,,1709,38,,,0,71,,1711,38,,,0,30,,1712,38,,,0,68,,1713,38,,,0,30,,1710,38,,,0,70,,1714,38,,,0,30,,1715,38,,,0,70,,1716,38,,,0,29,,1717,38,,,0,70,,1718,38,,,0,30,,1720,38,,,0,69,,1721,38,,,0,29,,1719,38,,,0,68,,1722,38,,,0,27,,1723,38,,,0,68,,1724,38,,,0,35,,1725,38,,,0,78,,1726,38,,,0,35,,1727,38,,,0,75,,1728,38,,,0,74,,1729,38,,,0,33,,1730,38,,,0
401,'5021',735,,1979,47,4,,0,100,,1980,47,4,,0,101,,1981,47,4,,0,100,,1982,47,4,,0,101,,1983,47,4,,0,101,,1984,47,4,,0,100,,1985,47,4,,0,100,,1986,47,4,,0,100,,1987,47,4,,0,100,,1988,47,4,,0,100,,1989,47,4,,0,100,,1990,47,4,,0,99,,1991,47,4,,0
401,'5022',841,,2003,47,4,,0,97,,2004,47,4,,0,100,,2005,47,4,,0,101,,2006,47,4,,0,100,,2007,47,4,,0,100,,2009,47,4,,0,103,,2010,47,4,,0,98,,1998,47,4,,0,102,,1999,47,4,,0,98,,2000,47,4,,0,98,,2001,47,4,,0,100,,1994,47,4,,0,99,,1995,47,4,,0,99,,1996,47,4,,0
401,'5024',628,,2024,47,4,,0,108,,2027,47,4,,0,101,,2028,47,4,,0,100,,2012,47,4,,0,101,,2013,47,4,,0,101,,2025,47,4,,0,100,,2023,47,4,,0,100,,2022,47,4,,0,100,,2021,47,4,,0,100,,2017,47,4,,0,100,,2020,47,4,,0,100,,2019,47,4,,0,99,,2018,47,4,,0,100,,2016,47,4,,0,99,,2015,47,4,,0,99,,2014,47,4,,0
900,'5022',2221,,2260,53,4,,0
900,'5024',2218,,2292,53,4,,0
1501,'5022',650,,2318,47,4,,0,1093,,2316,47,4,,0
1501,'5024',955,,2321,47,4,,0,600,,2323,47,4,,0
1600,'5022',806,,2328,39,4,,0,894,,2325,39,4,,0
2600,'5022',1434,,2406,9,0,13 14 11 12,0
2601,'5022',720,,2407,9,0,13 14 11 12,0
