5200,'5014',720,,5349,18,4,,0,120,,5350,18,4,,0,90,,5351,18,4,,0,112,,5345,18,4,,0,108,,5346,18,4,,0,152,,5347,18,4,,0,100,,5342,18,4,,0,116,,5343,18,4,,0,99,,5344,18,4,,0,100,,5340,18,4,,0,100,,5341,18,4,,0,98,,5338,18,4,,0,303,,5337,18,4,,0,128,,5335,18,4,,0
5200,'5015',1012,,5358,18,4,,0,101,,5364,18,4,,0,103,,5357,18,4,,0,101,,5361,18,4,,0,100,,5356,18,4,,0,100,,5360,18,4,,0,100,,5355,18,4,,0,99,,5362,18,4,,0,96,,5354,18,4,,0,100,,5363,18,4,,0,305,,5352,18,4,,0
5200,'5221',1006,,5374,18,4,,0,103,,5373,18,4,,0,104,,5372,18,4,,0,102,,5371,18,4,,0,100,,5369,18,4,,0,100,,5367,18,4,,0,195,,5368,18,4,,0,99,,5376,18,4,,0,99,,5378,18,4,,0,106,,5379,18,4,,0,101,,5380,18,4,,0
5301,'5014',600,,5426,23,4,,0,42,,5427,23,4,,0,182,,5430,23,4,,0,24,,5431,23,4,,0,100,,5432,23,4,,0,100,,5433,23,4,,0,101,,5434,23,4,,0,100,,5435,23,4,,0,100,,5436,23,4,,0,105,,5437,23,4,,0,75,,5438,23,4,,0,24,,5439,23,4,,0,65,,5440,23,4,,0,30,,5441,23,4,,0,100,,5442,23,4,,0,95,,5443,23,4,,0,94,,5444,23,4,,0,112,,5445,23,4,,0,97,,5446,23,4,,0
5301,'5015',827,,5461,23,4,,0,104,,5447,23,4,,0,106,,5456,23,4,,0,95,,5449,23,4,,0,101,,5457,23,4,,0,100,,5451,23,4,,0,100,,5453,23,4,,0,100,,5454,23,4,,0,100,,5455,23,4,,0,100,,5450,23,4,,0,95,,5458,23,4,,0,100,,5448,23,4,,0,109,,5459,23,4,,0,100,,5452,23,4,,0,109,,5460,23,4,,0
5301,'5221',828,,5473,23,4,,0,104,,5471,23,4,,0,100,,5470,23,4,,0,100,,5462,23,4,,0,101,,5463,23,4,,0,100,,5464,23,4,,0,100,,5465,23,4,,0,100,,5466,23,4,,0,100,,5468,23,4,,0,100,,5469,23,4,,0,100,,5467,23,4,,0,99,,5472,23,4,,0,100,,5474,23,4,,0
5901,'5014',630,,5685,1,,,0,100,,5684,1,,,0
6601,'5014',445,,5777,1,,,0,60,,5778,1,,,0,20,,5779,1,,,0,20,,5780,1,,,0,65,,5783,1,,,0,20,,5784,1,,,0,70,,5785,1,,,0,40,,5786,1,,,0,80,,5782,1,,,0,100,,5781,1,,,0,99,,5789,1,,,0,96,,5790,1,,,0,26,,5809,1,,,0,100,,5811,1,,,0,92,,5806,1,,,0,71,,5792,1,,,0,32,,5794,1,,,0,21,,5795,1,,,0,79,,5797,1,,,0,66,,5798,1,,,0,47,,5800,1,,,0,70,,5801,1,,,0,105,,5791,1,,,0,31,,5803,1,,,0,71,,5804,1,,,0,95,,5805,1,,,0
6601,'5015',545,,5830,1,,,0,100,,5826,1,,,0,66,,5823,1,,,0,30,,5822,1,,,0,79,,5818,1,,,0,34,,5825,1,,,0,74,,5832,1,,,0,79,,5815,1,,,0,40,,5831,1,,,0,71,,5821,1,,,0,82,,5834,1,,,0,36,,5812,1,,,0,88,,5835,1,,,0,84,,5813,1,,,0,45,,5814,1,,,0,90,,5816,1,,,0,69,,5827,1,,,0,31,,5817,1,,,0,66,,5824,1,,,0,31,,5819,1,,,0,182,,5828,1,,,0,95,,5829,1,,,0
6601,'5221',645,,5854,1,,,0,80,,5853,1,,,0,75,,5852,1,,,0,35,,5846,1,,,0,70,,5837,1,,,0,30,,5838,1,,,0,70,,5845,1,,,0,45,,5839,1,,,0,75,,5851,1,,,0,80,,5857,1,,,0,39,,5840,1,,,0,77,,5856,1,,,0,84,,5841,1,,,0,43,,5842,1,,,0,85,,5855,1,,,0,70,,5850,1,,,0,30,,5836,1,,,0,70,,5843,1,,,0,37,,5849,1,,,0,179,,5847,1,,,0,97,,5848,1,,,0
7100,'4623',1935,,5864,1,,,0,195,,5865,1,,,0
7100,'5014',515,,5869,1,0,35 36,0,110,,5868,1,,,0,95,,5866,1,,,0,100,,5870,1,,,0,100,,5867,1,,,0,320,,5871,1,,,0,175,,5874,1,,,0,27,,5872,1,0,35 36,0,78,,5873,1,,,0,100,,5875,1,,,0,110,,5876,1,,,0
7100,'5015',723,,5882,1,0,35 36,0,127,,5878,1,,,0,195,,5879,1,,,0,200,,5880,1,,,0,162,,5877,1,0,35 36,0,127,,5881,1,,,0,201,,5883,1,,,0,265,,5884,1,,,0,155,,5885,1,,,0
7100,'5221',1025,,5886,1,,,0,195,,5887,1,,,0,310,,5888,1,,,0,200,,5889,1,,,0
7101,'4623',2114,,5890,31,4,,0,193,,5891,31,4,,0
7101,'5014',711,,5893,31,4,,0,96,,5895,31,4,,0,103,,5894,31,4,,0,30,,5896,23,4,,0,70,,5897,31,4,,0,100,,5892,31,4,,0,316,,5898,31,4,,0,180,,5899,31,4,,0,100,,5900,31,4,,0,104,,5901,31,4,,0,110,,5902,31,4,,0
7101,'5015',1029,,5904,31,4,,0,115,,5908,23,4,,0,85,,5903,31,4,,0,205,,5905,31,4,,0,280,,5906,31,4,,0,115,,5909,23,4,,0,86,,5907,31,4,,0,224,,5910,31,4,,0,193,,5911,31,4,,0
7101,'5221',1017,,5912,31,4,,0,196,,5913,31,4,,0,305,,5914,31,4,,0,194,,5915,31,4,,0
