101,'5021',622,,1524,18,,,0,80,,1525,18,,,0,45,,1526,18,,,0,80,,1527,18,,,0,79,,1528,18,,,0,37,,1529,18,,,0,94,,1530,18,,,0,88,,1531,18,,,0,85,,1532,18,,,0,40,,1533,18,,,0,80,,1534,18,,,0,79,,1535,18,,,0,40,,1536,18,,,0,80,,1537,18,,,0,80,,1538,18,,,0,40,,1539,18,,,0,81,,1540,18,,,0,81,,1541,18,,,0,42,,1542,18,,,0,80,,1543,18,,,0,81,,1544,18,,,0,43,,1545,18,,,0
101,'5022',547,,1547,18,,,0,66,,1548,18,,,0,30,,1549,18,,,0,69,,1550,18,,,0,23,,1546,18,,,0,14,,1551,18,,,0,56,,1552,18,,,0,22,,1553,18,,,0,21,,1554,18,,,0,63,,1555,18,,,0,20,,1556,18,,,0,21,,1557,18,,,0,62,,1558,18,,,0,22,,1559,18,,,0,22,,1560,18,,,0,62,,1561,18,,,0,22,,1562,18,,,0,62,,1563,18,,,0,21,,1564,18,,,0,23,,1565,18,,,0,65,,1566,18,,,0,26,,1567,18,,,0,19,,1568,18,,,0,64,,1569,18,,,0,18,,1570,18,,,0,16,,1571,18,,,0,56,,1572,18,,,0,15,,1573,18,,,0,15,,1574,18,,,0,14,,1575,18,,,0,55,,1576,18,,,0,15,,1577,18,,,0,15,,1578,18,,,0,16,,1579,18,,,0,55,,1580,18,,,0,13,,1581,18,,,0,14,,1582,18,,,0,12,,1583,18,,,0,62,,1584,18,,,0,20,,1585,18,,,0,20,,1586,18,,,0,59,,1594,18,,,0,30,,1587,18,,,0,65,,1588,18,,,0,23,,1589,18,,,0,27,,1595,18,,,0,64,,1590,18,,,0,30,,1591,18,,,0,74,,1592,18,,,0,33,,1593,18,,,0
101,'5024',622,,1597,18,,,0,35,,1596,18,,,0,70,,1598,18,,,0,32,,1599,18,,,0,68,,1600,18,,,0,75,,1601,18,,,0,42,,1602,18,,,0,74,,1603,18,,,0,32,,1604,18,,,0,69,,1605,18,,,0,29,,1606,18,,,0,67,,1607,18,,,0,28,,1608,18,,,0,70,,1609,18,,,0,30,,1610,18,,,0,70,,1611,18,,,0,30,,1612,18,,,0,70,,1613,18,,,0,31,,1614,18,,,0,70,,1615,18,,,0,30,,1616,18,,,0,69,,1617,18,,,0,28,,1618,18,,,0,69,,1619,18,,,0,38,,1620,18,,,0,79,,1621,18,,,0,78,,1622,18,,,0,35,,1623,18,,,0,76,,1624,18,,,0,35,,1625,18,,,0,72,,1627,18,,,0,35,,1626,18,,,0
201,'5021',615,,1731,19,0,33,0,40,,1732,19,0,33,0,79,,1733,19,0,33,0,80,,1734,19,0,33,0,86,,1735,19,0,33,0,46,,1736,19,0,33,0,79,,1737,19,0,33,0,82,,1738,19,0,33,0,37,,1751,19,0,33,0,80,,1739,19,0,33,0,79,,1740,19,0,33,0,38,,1741,19,0,33,0,80,,1742,19,0,33,0,80,,1743,19,0,33,0,40,,1744,19,0,33,0,80,,1745,19,0,33,0,80,,1746,19,0,33,0,41,,1748,19,0,33,0,79,,1747,19,0,33,0,80,,1749,19,0,33,0,39,,1750,19,0,33,0,85,,1753,19,0,33,0,99,,1752,19,0,33,0
201,'5022',511,,1754,19,0,33,0,35,,1755,19,0,33,0,80,,1756,19,0,33,0,75,,1757,19,0,33,0,17,,1758,19,0,33,0,15,,1759,19,0,33,0,15,,1760,19,0,33,0,56,,1761,19,0,33,0,18,,1762,19,0,33,0,18,,1763,19,0,33,0,17,,1764,19,0,33,0,60,,1765,19,0,33,0,17,,1766,19,0,33,0,20,,1767,19,0,33,0,61,,1768,19,0,33,0,21,,1769,19,0,33,0,23,,1770,19,0,33,0,66,,1771,19,0,33,0,21,,1772,19,0,33,0,62,,1773,19,0,33,0,22,,1774,19,0,33,0,23,,1775,19,0,33,0,62,,1776,19,0,33,0,23,,1777,19,0,33,0,20,,1778,19,0,33,0,63,,1779,19,0,33,0,14,,1780,19,0,33,0,5,,1805,7,0,9 10 19,0,11,,1781,19,0,9 10 19,0,2,,1782,19,0,33,0,56,,1783,19,0,33,0,14,,1784,19,0,33,0,18,,1785,19,0,33,0,14,,1786,19,0,33,0,54,,1788,19,0,33,0,13,,1787,19,0,33,0,14,,1789,19,0,33,0,15,,1790,19,0,33,0,55,,1791,19,0,33,0,16,,1792,19,0,33,0,22,,1793,19,0,33,0,61,,1794,19,0,33,0,25,,1795,19,0,33,0,24,,1803,19,0,33,0,65,,1796,19,0,33,0,25,,1797,19,0,33,0,64,,1798,19,0,33,0,27,,1804,19,0,33,0,24,,1799,19,0,33,0,69,,1800,19,0,33,0,72,,1801,19,0,33,0,34,,1802,19,0,33,0
201,'5024',559,,1807,19,0,33,0,71,,1808,19,0,33,0,28,,1809,19,0,33,0,75,,1810,19,0,33,0,75,,1811,19,0,33,0,34,,1806,19,0,33,0,71,,1812,19,0,33,0,34,,1813,19,0,33,0,77,,1814,19,0,33,0,30,,1815,19,0,33,0,70,,1816,19,0,33,0,29,,1817,19,0,33,0,70,,1819,19,0,33,0,28,,1820,19,0,33,0,69,,1821,19,0,33,0,29,,1818,19,0,33,0,70,,1822,19,0,33,0,30,,1823,19,0,33,0,70,,1824,19,0,33,0,31,,1825,19,0,33,0,70,,1826,19,0,33,0,26,,1827,19,0,33,0,70,,1828,19,0,33,0,30,,1830,19,0,33,0,76,,1831,19,0,33,0,36,,1832,19,0,33,0,76,,1829,19,0,33,0,76,,1833,19,0,33,0,37,,1835,19,0,33,0,75,,1834,19,0,33,0,35,,1836,19,0,33,0,76,,1837,19,0,33,0
500,'5021',645,,2029,17,,,0,103,,2030,17,,,0,96,,2031,17,,,0,92,,2043,17,,,0,97,,2032,17,,,0,90,,2033,17,,,0,104,,2035,17,,,0,96,,2036,17,,,0,101,,2037,17,,,0,102,,2034,17,,,0,100,,2038,17,,,0,96,,2039,17,,,0,103,,2040,17,,,0,95,,2041,17,,,0,93,,2042,17,,,0
500,'5022',619,,2044,17,,,0,84,,2045,17,,,0,39,,2046,17,,,0,76,,2047,17,,,0,34,,2048,17,,,0,74,,2049,17,,,0,75,,2050,17,,,0,36,,2051,17,,,0,75,,2052,17,,,0,36,,2053,17,,,0,76,,2054,17,,,0,78,,2055,17,,,0,36,,2056,17,,,0,77,,2057,17,,,0,36,,2058,17,,,0,83,,2059,17,,,0,71,,2060,17,,,0,35,,2061,17,,,0,82,,2062,17,,,0,33,,2063,17,,,0,72,,2064,17,,,0,28,,2065,17,,,0,74,,2066,17,,,0,73,,2067,17,,,0,35,,2068,17,,,0,68,,2069,17,,,0,99,,2070,17,,,0,99,,2071,17,,,0
500,'5024',621,,2096,17,,,0,95,,2095,17,,,0,92,,2094,17,,,0,102,,2097,17,,,0,92,,2072,17,,,0,34,,2073,17,,,0,81,,2074,17,,,0,37,,2075,17,,,0,71,,2077,17,,,0,75,,2078,17,,,0,35,,2079,17,,,0,75,,2076,17,,,0,40,,2080,17,,,0,77,,2081,17,,,0,75,,2082,17,,,0,40,,2083,17,,,0,75,,2084,17,,,0,28,,2085,17,,,0,74,,2086,17,,,0,33,,2087,17,,,0,73,,2088,17,,,0,83,,2089,17,,,0,34,,2090,17,,,0,75,,2091,17,,,0,88,,2092,17,,,0,99,,2093,17,,,0
900,'5024',716,,2277,59,0,9 10,0,100,,2278,59,0,9 10,0,102,,2279,59,0,9 10,0,101,,2280,59,0,9 10,0,105,,2281,59,0,9 10,0,96,,2282,59,0,9 10,0,106,,2283,59,0,9 10,0,100,,2284,59,0,9 10,0,200,,2286,59,0,9 10,0,103,,2287,68,0,9 10,0,194,,2289,59,0,9 10,0,95,,2290,59,0,9 10,0,99,,2291,59,0,9 10,0
1200,'5022',731,,2301,21,,,0,80,,2302,21,,,0,45,,2303,21,,,0,75,,2296,21,,,0,115,,2297,21,,,0,160,,2298,21,,,0,125,,2299,21,,,0,170,,2300,21,,,0,130,,2294,21,,,0,80,,2295,21,,,0,45,,2293,21,,,0
2401,'5022',818,,2405,44,,,0
2600,'5022',1529,,2406,61,,,0
2601,'5022',815,,2407,72,,,0
1000700,'5021',2006,,2717,55,0,9 10,0
1000700,'5024',1006,,2729,63,0,9 10,0,605,,2732,55,0,9 10,0,592,,2735,63,0,9 10,0
