301,'5021',624,,1910,25,,,0,101,,1911,25,,,0,95,,1913,25,,,0,91,,1922,25,,,0,96,,1908,25,,,0,50,,1914,25,,,0,101,,1915,25,,,0,96,,1912,25,,,0,101,,1916,25,,,0,101,,1917,25,,,0,100,,1918,25,,,0,98,,1919,25,,,0,104,,1920,25,,,0,96,,1921,25,,,0,93,,1907,25,,,0
301,'5022',557,,1924,25,,,0,83,,1925,25,,,0,76,,1926,25,,,0,32,,1927,25,,,0,75,,1928,25,,,0,35,,1929,25,,,0,75,,1930,25,,,0,75,,1931,25,,,0,35,,1923,25,,,0,76,,1932,25,,,0,36,,1933,25,,,0,75,,1934,25,,,0,75,,1935,25,,,0,36,,1936,25,,,0,75,,1937,25,,,0,41,,1938,25,,,0,75,,1939,25,,,0,76,,1940,25,,,0,40,,1941,25,,,0,76,,1942,25,,,0,32,,1943,25,,,0,72,,1944,25,,,0,75,,1945,25,,,0,33,,1946,25,,,0,75,,1947,25,,,0,30,,1948,25,,,0,100,,1949,25,,,0,99,,1950,25,,,0
301,'5024',559,,1977,25,,,0,95,,1976,25,,,0,91,,1975,25,,,0,100,,1978,25,,,0,92,,1952,25,,,0,71,,1953,25,,,0,40,,1954,25,,,0,77,,1955,25,,,0,30,,1956,25,,,0,75,,1957,25,,,0,75,,1958,25,,,0,35,,1959,25,,,0,80,,1960,25,,,0,36,,1961,25,,,0,75,,1962,25,,,0,80,,1963,25,,,0,35,,1964,25,,,0,69,,1965,25,,,0,35,,1966,25,,,0,74,,1967,25,,,0,34,,1968,25,,,0,84,,1969,25,,,0,75,,1970,25,,,0,35,,1971,25,,,0,89,,1972,25,,,0,100,,1973,25,,,0
2400,'5022',1513,,2404,22,0,15 16 11 12,0
3101,'5021',817,,2443,16,,,0,209,,2440,16,,,0,220,,2437,16,,,0,110,,2441,16,,,0,154,,2439,16,,,0,115,,2442,16,,,0,109,,2438,16,,,0
3101,'5022',644,,2444,16,,,0,83,,2445,16,,,0,32,,2447,16,,,0,73,,2448,16,,,0,72,,2446,16,,,0,46,,2450,16,,,0,106,,2451,16,,,0,151,,2452,16,,,0,110,,2449,16,,,0,116,,2453,16,,,0,117,,2454,16,,,0,79,,2456,16,,,0,75,,2457,16,,,0,36,,2458,16,,,0,72,,2455,16,,,0,30,,2459,16,,,0,58,,2460,16,,,0
3101,'5024',817,,2464,16,,,0,104,,2463,16,,,0,103,,2461,16,,,0,112,,2468,16,,,0,110,,2469,16,,,0,110,,2462,16,,,0,156,,2467,16,,,0,115,,2465,16,,,0,109,,2466,16,,,0,108,,2470,16,,,0
1003101,'5021',922,,2792,19,,,0,215,,2791,19,,,0,75,,2785,19,,,0,110,,2787,19,,,0,110,,2788,19,,,0,114,,2789,19,,,0,155,,2790,19,,,0,110,,2786,19,,,0,109,,2793,19,,,0,115,,2794,19,,,0,98,,2795,19,,,0
1003101,'5022',714,,2796,19,,,0,32,,2797,19,,,0,73,,2798,19,,,0,32,,2799,19,,,0,72,,2800,19,,,0,101,,2801,19,,,0,110,,2802,19,,,0,110,,2803,19,,,0,110,,2804,19,,,0,158,,2805,19,,,0,100,,2806,19,,,0,38,,2807,19,,,0,74,,2808,19,,,0,34,,2809,19,,,0,70,,2810,19,,,0,91,,2811,19,,,0,90,,2812,19,,,0,121,,2813,19,,,0,108,,2814,19,,,0
1003101,'5024',851,,2820,19,,,0,105,,2826,19,,,0,146,,2815,19,,,0,111,,2816,19,,,0,110,,2817,19,,,0,111,,2819,19,,,0,115,,2824,19,,,0,154,,2822,19,,,0,109,,2821,19,,,0,109,,2818,19,,,0,115,,2823,19,,,0,100,,2825,19,,,0
