401,'5021',625,,1992,45,,,0,108,,1979,45,,,0,100,,1980,45,,,0,101,,1981,45,,,0,100,,1982,45,,,0,100,,1983,45,,,0,101,,1984,45,,,0,100,,1985,45,,,0,100,,1986,45,,,0,100,,1987,45,,,0,100,,1988,45,,,0,100,,1989,45,,,0,100,,1990,45,,,0,100,,1991,45,,,0
401,'5022',625,,2011,45,,,0,110,,2008,45,,,0,17,,2002,45,,,0,86,,2003,45,,,0,97,,2004,45,,,0,100,,2005,45,,,0,101,,2006,45,,,0,100,,2007,45,,,0,100,,2009,45,,,0,103,,2010,45,,,0,63,,1997,45,,,0,35,,1998,45,,,0,102,,1999,45,,,0,99,,2000,45,,,0,98,,2001,45,,,0,100,,1994,45,,,0,99,,1995,45,,,0,99,,1996,45,,,0,121,,1993,45,,,0
401,'5024',626,,2024,45,,,0,108,,2027,45,,,0,100,,2028,45,,,0,100,,2012,45,,,0,101,,2013,45,,,0,101,,2025,45,,,0,100,,2023,45,,,0,100,,2022,45,,,0,100,,2021,45,,,0,100,,2017,45,,,0,100,,2020,45,,,0,100,,2019,45,,,0,99,,2018,45,,,0,100,,2016,45,,,0,100,,2015,45,,,0,99,,2014,45,,,0,122,,2026,45,,,0
1501,'5022',648,,2318,45,,,0,83,,2320,45,,,0,124,,2317,45,,,0,680,,2319,45,,,0,206,,2316,45,,,0,88,,2315,45,,,0
1501,'5024',953,,2321,45,,,0,171,,2322,45,,,0,429,,2323,45,,,0,171,,2324,45,,,0
3101,'5021',814,,2443,10,,,0,208,,2440,10,,,0,220,,2437,10,,,0,110,,2441,10,,,0,154,,2439,10,,,0,115,,2442,10,,,0,109,,2438,10,,,0
3101,'5022',641,,2444,10,,,0,83,,2445,10,,,0,31,,2447,10,,,0,72,,2448,10,,,0,32,,2446,10,,,0,87,,2450,10,,,0,106,,2451,10,,,0,150,,2452,10,,,0,110,,2449,10,,,0,116,,2453,10,,,0,117,,2454,10,,,0,79,,2456,10,,,0,35,,2457,10,,,0,76,,2458,10,,,0,72,,2455,10,,,0,31,,2459,10,,,0,18,,2460,10,,,0
3101,'5024',813,,2464,10,,,0,104,,2463,10,,,0,103,,2461,10,,,0,112,,2468,10,,,0,110,,2469,10,,,0,110,,2462,10,,,0,155,,2467,10,,,0,115,,2465,10,,,0,110,,2466,10,,,0,108,,2470,10,,,0
1003101,'5021',919,,2792,13,,,0,214,,2791,13,,,0,75,,2785,13,,,0,110,,2787,13,,,0,110,,2788,13,,,0,114,,2789,13,,,0,115,,2790,13,,,0,150,,2786,13,,,0,109,,2793,13,,,0,115,,2794,13,,,0,99,,2795,13,,,0
1003101,'5022',711,,2796,13,,,0,31,,2797,13,,,0,72,,2798,13,,,0,32,,2799,13,,,0,72,,2800,13,,,0,102,,2801,13,,,0,109,,2802,13,,,0,110,,2803,13,,,0,110,,2804,13,,,0,158,,2805,13,,,0,100,,2806,13,,,0,38,,2807,13,,,0,74,,2808,13,,,0,34,,2809,13,,,0,71,,2810,13,,,0,91,,2811,13,,,0,90,,2812,13,,,0,121,,2813,13,,,0,109,,2814,13,,,0
1003101,'5024',847,,2820,13,,,0,105,,2826,13,,,0,106,,2815,13,,,0,151,,2816,13,,,0,110,,2817,13,,,0,110,,2819,13,,,0,115,,2824,13,,,0,115,,2822,13,,,0,149,,2821,13,,,0,109,,2818,13,,,0,115,,2823,13,,,0,100,,2825,13,,,0
