200,'5021',625,,4458,,,0,75,,4459,,,0,41,,4460,,,0,86,,4461,,,0,81,,4462,,,0,43,,4463,,,0,82,,4464,,,0,96,,4465,,,0,89,,4466,,,0,86,,4467,,,0,41,,4468,,,0,80,,4469,,,0,80,,4470,,,0,40,,4471,,,0,80,,4472,,,0,80,,4473,,,0,38,,4474,,,0,80,,4475,,,0,79,,4476,,,0,39,,4477,,,0,79,,4478,,,0,80,,4480,,,0,38,,4479,,,0
200,'5022',552,,4481,,,0,76,,4482,,,0,27,,4483,,,0,72,,4484,,,0,19,,4485,,,0,55,,4486,,,0,28,,4487,,,0,12,,4488,,,0,15,,4489,,,0,60,,4490,,,0,21,,4491,,,0,22,,4492,,,0,61,,4493,,,0,23,,4494,,,0,62,,4495,,,0,23,,4496,,,0,22,,4497,,,0,62,,4498,,,0,23,,4499,,,0,22,,4500,,,0,61,,4501,,,0,23,,4502,,,0,66,,4503,,,0,29,,4504,,,0,65,,4505,,,0,22,,4506,,,0,16,,4507,,,0,15,,4508,,,0,56,,4509,,,0,14,,4510,,,0,15,,4511,,,0,14,,4512,,,0,55,,4513,,,0,15,,4514,,,0,15,,4515,,,0,14,,4516,,,0,55,,4517,,,0,21,,4518,,,0,14,,4519,,,0,60,,4520,,,0,19,,4521,,,0,20,,4522,,,0,59,,4528,,,0,28,,4523,,,0,24,,4524,,,0,64,,4525,,,0,24,,4529,,,0,63,,4526,,,0,30,,4527,,,0
200,'5024',626,,4530,,,0,75,,4531,,,0,35,,4532,,,0,72,,4533,,,0,33,,4534,,,0,71,,4535,,,0,37,,4536,,,0,84,,4537,,,0,76,,4538,,,0,33,,4539,,,0,70,,4541,,,0,30,,4542,,,0,68,,4543,,,0,30,,4540,,,0,70,,4544,,,0,30,,4545,,,0,70,,4546,,,0,29,,4547,,,0,70,,4548,,,0,30,,4550,,,0,69,,4551,,,0,29,,4549,,,0,68,,4552,,,0,27,,4553,,,0,69,,4554,,,0,35,,4555,,,0,78,,4556,,,0,35,,4557,,,0,75,,4558,,,0,34,,4559,,,0,73,,4560,,,0
501,'5021',619,,4929,,,0,95,,4928,,,0,87,,4942,,,0,52,,4930,,,0,90,,4931,,,0,96,,4932,,,0,94,,4933,,,0,99,,4934,,,0,100,,4936,,,0,100,,4937,,,0,100,,4938,,,0,104,,4935,,,0,100,,4939,,,0,97,,4940,,,0,100,,4941,,,0
501,'5022',605,,4943,,,0,26,,4944,,,0,74,,4945,,,0,32,,4946,,,0,73,,4947,,,0,35,,4949,,,0,77,,4948,,,0,34,,4950,,,0,75,,4951,,,0,73,,4952,,,0,34,,4953,,,0,75,,4954,,,0,35,,4955,,,0,79,,4956,,,0,30,,4957,,,0,73,,4958,,,0,84,,4959,,,0,37,,4960,,,0,73,,4961,,,0,79,,4962,,,0,39,,4963,,,0,77,,4964,,,0,36,,4965,,,0,71,,4966,,,0,102,,4967,,,0,102,,4968,,,0,106,,4969,,,0
501,'5024',640,,4993,,,0,98,,4994,,,0,86,,4972,,,0,27,,4973,,,0,80,,4970,,,0,74,,4971,,,0,29,,4974,,,0,75,,4975,,,0,35,,4976,,,0,73,,4977,,,0,38,,4978,,,0,75,,4979,,,0,75,,4980,,,0,41,,4981,,,0,75,,4982,,,0,31,,4983,,,0,76,,4984,,,0,76,,4985,,,0,36,,4986,,,0,86,,4987,,,0,76,,4988,,,0,36,,4990,,,0,91,,4991,,,0,102,,4992,,,0,101,,4989,,,0
900,'5024',1649,,5117,0,13 14,0
1201,'5022',704,,5142,,,0,39,,5143,,,0,86,,5144,,,0,77,,5139,,,0,115,,5140,,,0,119,,5141,,,0,164,,5134,,,0,126,,5136,,,0,171,,5137,,,0,42,,5138,,,0,85,,5135,,,0
2400,'5022',1432,,5234,0,15 16 11 12,0
2600,'5022',1428,,5236,0,13 14 11 12,0
2601,'5022',716,,5237,0,13 14 11 12,0
