100,120099,1,0
100,107107,2,0
100,107108,3,0
100,107109,4,0
100,107110,5,0
100,107111,6,0
100,107112,7,0
100,107113,8,0
100,120047,9,0
100,107115,10,0
100,107116,11,0
100,107117,12,0
100,107118,13,0
100,107119,14,0
100,107120,15,0
100,107012,16,0
100,107013,17,0
100,107014,18,0
100,107015,19,0
100,107016,20,0
100,107017,21,0
100,107018,22,0
100,107019,23,0
100,108262,24,0
100,107021,25,0
100,107022,26,0
100,107199,27,0
100,107192,28,0
100,107193,29,0
100,107194,30,0
100,107079,31,0
100,120087,32,0
100,107130,33,0
100,107131,34,0
100,107132,35,0
100,107185,36,0
100,107186,37,0
100,107187,38,0
100,107188,39,0
100,107189,40,0
100,107190,41,1
101,107190,1,0
101,107195,2,0
101,107196,3,0
101,107197,4,0
101,120024,5,0
101,107198,6,0
101,107154,7,0
101,107155,8,0
101,107156,9,0
101,107157,10,0
101,120072,11,0
101,120085,12,0
101,107200,13,0
101,107201,14,0
101,107202,15,0
101,107203,16,0
101,107191,17,0
101,107085,18,0
101,107499,19,0
101,107087,20,0
101,107088,21,0
101,107089,22,0
101,107090,23,0
101,107091,24,0
101,107092,25,0
101,107093,26,0
101,107167,27,0
101,107168,28,0
101,107169,29,0
101,107170,30,0
101,107171,31,0
101,107172,32,0
101,120048,33,0
101,120099,34,1
200,120099,1,0
200,107107,2,0
200,107110,3,0
200,107111,4,0
200,105721,5,0
200,105731,6,0
200,120049,7,0
200,120042,8,0
200,120045,9,0
200,120038,10,0
200,120039,11,0
200,120040,12,0
200,107005,13,0
200,107006,14,0
200,107007,15,0
200,107008,16,0
200,107009,17,0
200,107010,18,0
200,107011,19,0
200,120023,20,0
200,107012,21,0
200,107013,22,0
200,107014,23,0
200,107015,24,0
200,107016,25,0
200,107017,26,0
200,107018,27,0
200,107019,28,0
200,108262,29,0
200,107021,30,0
200,107022,31,0
200,107023,32,0
200,107024,33,0
200,107025,34,0
200,107026,35,0
200,107027,36,0
200,120072,37,0
200,120083,38,0
200,107030,39,0
200,107031,40,0
200,107032,41,0
200,107033,42,0
200,107034,43,0
200,107035,44,0
200,120043,45,1
201,120043,1,0
201,107350,2,0
201,107070,3,0
201,107071,4,0
201,107072,5,0
201,107073,6,0
201,107074,7,0
201,107075,8,0
201,120091,9,0
201,107077,10,0
201,107078,11,0
201,107079,12,0
201,120089,13,0
201,107257,14,0
201,107081,15,0
201,107082,16,0
201,107083,17,0
201,107084,18,0
201,107085,19,0
201,107500,20,0
201,107087,21,0
201,107088,22,0
201,107089,23,0
201,107090,24,0
201,107091,25,0
201,107092,26,0
201,107093,27,0
201,107094,28,0
201,107095,29,0
201,107096,30,0
201,107097,31,0
201,107098,32,0
201,120041,33,0
201,107099,34,0
201,107100,35,0
201,107101,36,0
201,107102,37,0
201,120037,38,0
201,107001,39,0
201,120044,40,0
201,105722,41,0
201,120033,42,0
201,107113,43,0
201,120099,44,1
300,107214,1,0
300,107175,2,0
300,107176,3,0
300,107177,4,0
300,107211,5,0
300,107094,6,0
300,107178,7,0
300,107179,8,0
300,107180,9,0
300,107181,10,0
300,107182,11,0
300,107183,12,0
300,107184,13,0
300,107165,14,0
300,107166,15,0
300,108262,16,0
300,107122,17,0
300,107123,18,0
300,107124,19,0
300,107125,20,0
300,107126,21,0
300,107127,22,0
300,107128,23,0
300,107129,24,0
300,107079,25,0
300,120088,26,0
300,107130,27,0
300,107131,28,0
300,107132,29,0
300,107133,30,0
300,107134,31,0
300,107135,32,0
300,107136,33,0
300,107137,34,0
300,107138,35,0
300,107139,36,0
300,107146,37,0
300,107142,38,0
300,107143,39,1
301,107143,1,0
301,107144,2,0
301,107145,3,0
301,107141,4,0
301,107140,5,0
301,107147,6,0
301,107148,7,0
301,107149,8,0
301,107150,9,0
301,107151,10,0
301,120075,11,0
301,107153,12,0
301,107154,13,0
301,107155,14,0
301,107156,15,0
301,107157,16,0
301,120072,17,0
301,120084,18,0
301,107158,19,0
301,107159,20,0
301,107160,21,0
301,107161,22,0
301,107162,23,0
301,107163,24,0
301,107164,25,0
301,107165,26,0
301,107166,27,0
301,107500,28,0
301,107122,29,0
301,107123,30,0
301,107204,31,0
301,107205,32,0
301,107206,33,0
301,107207,34,0
301,107208,35,0
301,120078,36,0
301,107210,37,0
301,107011,38,0
301,120023,39,0
301,107121,40,0
301,107213,41,0
301,107214,42,1
401,120086,1,0
401,107158,2,0
401,107215,3,0
401,107216,4,0
401,107217,5,0
401,107218,6,0
401,107219,7,0
401,107220,8,0
401,107221,9,0
401,107222,10,0
401,107223,11,0
401,107224,12,0
401,107225,13,0
401,107226,14,0
401,107227,15,0
401,107228,16,0
401,107229,17,0
401,107230,18,0
401,107231,19,0
401,107232,20,0
401,120071,21,0
401,107234,22,0
401,107235,23,0
401,107236,24,0
401,107481,25,0
401,120074,26,0
401,107483,27,0
401,107237,28,0
401,107238,29,0
401,107239,30,0
401,107240,31,0
401,107241,32,0
401,107242,33,0
401,107243,34,0
401,107244,35,0
401,107245,36,0
401,107246,37,0
401,107247,38,0
401,107248,39,0
401,107249,40,0
401,107250,41,0
401,107251,42,0
401,107252,43,0
401,107253,44,0
401,107254,45,0
401,107079,46,0
401,120089,47,1
401,120083,48,1
500,107214,1,0
500,107175,2,0
500,107176,3,0
500,107177,4,0
500,107121,5,0
500,107279,6,0
500,107280,7,0
500,120068,8,0
500,107282,9,0
500,107283,10,0
500,107284,11,0
500,107285,12,0
500,107286,13,0
500,107287,14,0
500,107083,15,0
500,107084,16,0
500,107085,17,0
500,107499,18,1
501,108262,1,0
501,107021,2,0
501,107022,3,0
501,107023,4,0
501,107024,5,0
501,107258,6,0
501,107259,7,0
501,107260,8,0
501,120097,9,0
501,107262,10,0
501,107263,11,0
501,107264,12,0
501,107265,13,0
501,120069,14,0
501,107267,15,0
501,107268,16,0
501,107270,17,0
501,107271,18,0
501,107272,19,0
501,107213,20,0
501,107214,21,1
601,107500,1,0
601,107122,2,0
601,107123,3,0
601,107124,4,0
601,107125,5,0
601,107126,6,0
601,107288,7,0
601,107289,8,0
601,107290,9,0
601,107291,10,0
601,107292,11,0
601,107293,12,0
601,107294,13,0
601,107295,14,0
601,107296,15,0
601,107297,16,0
601,107298,17,0
601,107299,18,0
601,107300,19,0
601,107301,20,0
601,107302,21,0
601,107303,22,0
601,107304,23,0
601,107305,24,0
601,107306,25,0
601,107307,26,0
601,107308,27,0
601,107309,28,0
601,107208,29,0
601,107209,30,0
601,107210,31,0
601,107011,32,0
601,120023,33,0
601,107273,34,0
601,107274,35,0
601,107277,36,0
601,107278,37,0
601,107310,38,0
601,107311,39,0
601,107312,40,0
601,107313,41,0
601,107314,42,0
601,107315,43,0
601,107316,44,0
601,107317,45,0
601,107018,46,0
601,107019,47,0
601,107020,48,1
700,108262,1,0
700,107021,2,0
700,107022,3,0
700,107199,4,0
700,107192,5,0
700,107193,6,0
700,107194,7,0
700,107079,8,0
700,120090,9,0
700,107318,10,0
700,107319,11,0
700,107320,12,0
700,107136,13,0
700,107137,14,0
700,107321,15,0
700,107322,16,0
700,120070,17,0
700,107324,18,0
700,107325,19,0
700,107326,20,0
700,107327,21,0
700,107328,22,0
700,107329,23,0
700,107330,24,0
700,107331,25,0
700,107332,26,0
700,107333,27,0
700,107334,28,0
700,107335,29,0
700,107336,30,0
700,107337,31,0
700,107338,32,0
700,107339,33,0
700,107340,34,0
700,107341,35,0
700,107342,36,0
700,107343,37,0
700,107344,38,0
700,107345,39,0
700,107346,40,0
700,107347,41,0
700,120081,42,0
700,107353,43,0
700,107354,44,0
700,107355,45,0
700,107356,46,0
700,107357,47,0
700,107149,48,0
700,107150,49,0
700,120022,50,0
700,107393,51,0
700,107392,52,0
700,120085,53,1
900,108262,1,0
900,107021,2,0
900,107022,3,0
900,107023,4,0
900,107024,5,0
900,107025,6,0
900,107026,7,0
900,107027,8,0
900,120072,9,0
900,120086,10,0
900,107030,11,0
900,107031,12,0
900,107032,13,0
900,107033,14,0
900,107034,15,0
900,107035,16,0
900,107036,17,0
900,107037,18,0
900,107038,19,0
900,107039,20,0
900,107040,21,0
900,107041,22,0
900,107042,23,0
900,107043,24,0
900,107044,25,0
900,107045,26,0
900,107046,27,0
900,107047,28,0
900,107048,29,0
900,107049,30,0
900,107050,31,0
900,107051,32,0
900,107052,33,0
900,107053,34,0
900,107054,35,0
900,107055,36,0
900,107056,37,0
900,107057,38,0
900,107058,39,0
900,107059,40,0
900,107060,41,0
900,107061,42,0
900,107063,43,0
900,107064,44,0
900,107065,45,0
900,107066,46,0
900,107067,47,0
900,120101,48,0
900,120102,49,0
900,107068,50,0
900,107069,51,0
900,107070,52,0
900,107071,53,0
900,107072,54,0
900,107073,55,0
900,107074,56,0
900,107075,57,0
900,120091,58,0
900,107077,59,0
900,107078,60,0
900,107079,61,0
900,120089,62,0
900,107257,63,0
900,107081,64,0
900,107082,65,0
900,107083,66,0
900,107084,67,0
900,107085,68,0
900,107499,69,1
900,120083,70,1
1200,107190,1,0
1200,107195,2,0
1200,107196,3,0
1200,107197,4,0
1200,107364,5,0
1200,107365,6,0
1200,107366,7,0
1200,107367,8,0
1200,107368,9,0
1200,107369,10,0
1200,107370,11,0
1200,120024,12,0
1200,107198,13,0
1200,107371,14,0
1200,107372,15,0
1200,107373,16,0
1200,107286,17,0
1200,107287,18,0
1200,107083,19,0
1200,107084,20,0
1200,107085,21,0
1200,107499,22,1
1201,108262,1,0
1201,107021,2,0
1201,107022,3,0
1201,107023,4,0
1201,107024,5,0
1201,107258,6,0
1201,107259,7,0
1201,107358,8,0
1201,107359,9,0
1201,107360,10,0
1201,107361,11,0
1201,107363,12,0
1201,107186,13,0
1201,107187,14,0
1201,107188,15,0
1201,107189,16,0
1201,107190,17,1
1501,120086,1,0
1501,107158,2,0
1501,107215,3,0
1501,107216,4,0
1501,107217,5,0
1501,107218,6,0
1501,107219,7,0
1501,107220,8,0
1501,107221,9,0
1501,107374,10,0
1501,120103,11,0
1501,105727,12,0
1501,107061,13,0
1501,107045,14,0
1501,107046,15,0
1501,107047,16,0
1501,107378,17,0
1501,107379,18,0
1501,120027,19,0
1501,120026,20,0
1501,107380,21,0
1501,107381,22,0
1501,107382,23,0
1501,107383,24,0
1501,107384,25,0
1501,107385,26,0
1501,107386,27,0
1501,107387,28,0
1501,107388,29,0
1501,120028,30,0
1501,107389,31,0
1501,107377,32,0
1501,107390,33,0
1501,107062,34,0
1501,107056,35,0
1501,107057,36,0
1501,120016,37,0
1501,107375,38,0
1501,107391,39,0
1501,107249,40,0
1501,107250,41,0
1501,107251,42,0
1501,107252,43,0
1501,107253,44,0
1501,107254,45,0
1501,107079,46,0
1501,120090,47,1
1501,120083,48,1
1600,120090,1,0
1600,107318,2,0
1600,107319,3,0
1600,107320,4,0
1600,107136,5,0
1600,107137,6,0
1600,107321,7,0
1600,107394,8,0
1600,107395,9,0
1600,107396,10,0
1600,107397,11,0
1600,107398,12,0
1600,107399,13,0
1600,107331,14,0
1600,107332,15,0
1600,107333,16,0
1600,107334,17,0
1600,107335,18,0
1600,107400,19,0
1600,107401,20,0
1600,107402,21,0
1600,107403,22,0
1600,107404,23,0
1600,107348,24,0
1600,107349,25,0
1600,107350,26,0
1600,107351,27,0
1600,107352,28,0
1600,107353,29,0
1600,107354,30,0
1600,107355,31,0
1600,107356,32,0
1600,107405,33,0
1600,107406,34,0
1600,107407,35,0
1600,120011,36,0
1600,107078,37,0
1600,107079,38,0
1600,120083,39,1
1701,107501,1,0
1701,107087,2,0
1701,107088,3,0
1701,107089,4,0
1701,107090,5,0
1701,107091,6,0
1701,107408,7,0
1701,107273,8,0
1701,107274,9,0
1701,107275,10,0
1701,107409,11,0
1701,107410,12,0
1701,107411,13,0
1701,107416,14,0
1701,107417,15,0
1701,107418,16,0
1701,107419,17,0
1701,107420,18,0
1701,107421,19,0
1701,107422,20,0
1701,107423,21,0
1701,107424,22,0
1701,107412,23,0
1701,107413,24,0
1701,107414,25,0
1701,107415,26,0
1701,107425,27,0
1701,107426,28,0
1701,107276,29,0
1701,107175,30,0
1701,107176,31,0
1701,107177,32,0
1701,107012,33,0
1701,107013,34,0
1701,107014,35,0
1701,107015,36,0
1701,107016,37,0
1701,107017,38,0
1701,107018,39,0
1701,107019,40,0
1701,107020,41,1
2100,107745,1,0
2100,107747,2,0
2100,107740,3,0
2100,107438,4,0
2100,107440,5,0
2100,107441,6,0
2100,107442,7,0
2100,107443,8,0
2100,107444,9,0
2100,107445,10,0
2100,107446,11,0
2100,107447,12,0
2100,107448,13,0
2100,107449,14,0
2100,107450,15,0
2100,107414,16,0
2100,107415,17,0
2100,107425,18,0
2100,107426,19,0
2100,107276,20,0
2100,107175,21,0
2100,107176,22,0
2100,107177,23,0
2100,107012,24,0
2100,107013,25,0
2100,107014,26,0
2100,107015,27,0
2100,107016,28,0
2100,107017,29,0
2100,107018,30,0
2100,107019,31,0
2100,107020,32,1
2101,107499,1,0
2101,107087,2,0
2101,107088,3,0
2101,107089,4,0
2101,107090,5,0
2101,107091,6,0
2101,107408,7,0
2101,107273,8,0
2101,107274,9,0
2101,107275,10,0
2101,107409,11,0
2101,107410,12,0
2101,107427,13,0
2101,107498,14,0
2101,107428,15,0
2101,107429,16,0
2101,107430,17,0
2101,107431,18,0
2101,107432,19,0
2101,107433,20,0
2101,107434,21,0
2101,107435,22,0
2101,107436,23,0
2101,107437,24,0
2101,107740,25,0
2101,107742,26,0
2101,107744,27,0
2101,107745,28,1
2201,107501,1,0
2201,107087,2,0
2201,107088,3,0
2201,107089,4,0
2201,107090,5,0
2201,105733,6,0
2201,105738,7,0
2201,105725,8,0
2201,107097,9,0
2201,105724,10,0
2201,105723,11,0
2201,105730,12,0
2201,105731,13,0
2201,120049,14,0
2201,120012,15,0
2201,120098,16,0
2201,107116,17,0
2201,107117,18,0
2201,107118,19,0
2201,107119,20,0
2201,107094,21,0
2201,107095,22,0
2201,107096,23,0
2201,107308,24,0
2201,107309,25,0
2201,105734,26,0
2201,105735,27,0
2201,107015,28,0
2201,107016,29,0
2201,107017,30,0
2201,107018,31,0
2201,107019,32,0
2201,107020,33,1
2400,107500,1,0
2400,107021,2,0
2400,107022,3,0
2400,107023,4,0
2400,107024,5,0
2400,120018,6,0
2400,107213,7,0
2400,107214,8,0
2400,107175,9,0
2400,107176,10,0
2400,107177,11,0
2400,107012,12,0
2400,107013,13,0
2400,107014,14,0
2400,105733,15,0
2400,105738,16,0
2400,105737,17,0
2400,105739,18,0
2400,105729,19,0
2400,107162,20,0
2400,107163,21,0
2400,107164,22,0
2400,107165,23,0
2400,107166,24,0
2400,107499,25,1
2401,107500,1,0
2401,107122,2,0
2401,107123,3,0
2401,107124,4,0
2401,107125,5,0
2401,107126,6,0
2401,107288,7,0
2401,107289,8,0
2401,107290,9,0
2401,107291,10,0
2401,107292,11,0
2401,107293,12,0
2401,107294,13,0
2401,107295,14,0
2401,107296,15,0
2401,107297,16,0
2401,107298,17,0
2401,107299,18,0
2401,107300,19,0
2401,107301,20,0
2401,107302,21,0
2401,107303,22,0
2401,107304,23,0
2401,107305,24,0
2401,107306,25,0
2401,107307,26,0
2401,107308,27,0
2401,107309,28,0
2401,105734,29,0
2401,105735,30,0
2401,107091,31,0
2401,107408,32,0
2401,107273,33,0
2401,107274,34,0
2401,107277,35,0
2401,107278,36,0
2401,107310,37,0
2401,107311,38,0
2401,107312,39,0
2401,105732,40,0
2401,120032,41,0
2401,107083,42,0
2401,107084,43,0
2401,107085,44,0
2401,107499,45,1
2600,108262,1,0
2600,107021,2,0
2600,107022,3,0
2600,107023,4,0
2600,107024,5,0
2600,107025,6,0
2600,107026,7,0
2600,107027,8,0
2600,120083,9,0
2600,107030,10,0
2600,107031,11,0
2600,107032,12,0
2600,107033,13,0
2600,107034,14,0
2600,107035,15,0
2600,107036,16,0
2600,107037,17,0
2600,107038,18,0
2600,107039,19,0
2600,120016,20,0
2600,107375,21,0
2600,107391,22,0
2600,107222,23,0
2600,107223,24,0
2600,107228,25,0
2600,105726,26,0
2600,107481,27,0
2600,120074,28,0
2600,107247,29,0
2600,107248,30,0
2600,107374,31,0
2600,120103,32,0
2600,105727,33,0
2600,120017,34,0
2600,107390,35,0
2600,107063,36,0
2600,107064,37,0
2600,107065,38,0
2600,107066,39,0
2600,107067,40,0
2600,120101,41,0
2600,120102,42,0
2600,107068,43,0
2600,107069,44,0
2600,107070,45,0
2600,107071,46,0
2600,107072,47,0
2600,107073,48,0
2600,107074,49,0
2600,107075,50,0
2600,120091,51,0
2600,107077,52,0
2600,107078,53,0
2600,107079,54,0
2600,120089,55,0
2600,107257,56,0
2600,107081,57,0
2600,107082,58,0
2600,107083,59,0
2600,107084,60,0
2600,107085,61,0
2600,107499,62,1
2601,108262,1,0
2601,107021,2,0
2601,107022,3,0
2601,107023,4,0
2601,107024,5,0
2601,107025,6,0
2601,107026,7,0
2601,107027,8,0
2601,120083,9,0
2601,107030,10,0
2601,107031,11,0
2601,107032,12,0
2601,107033,13,0
2601,107034,14,0
2601,107035,15,0
2601,107036,16,0
2601,107037,17,0
2601,107038,18,0
2601,107039,19,0
2601,107040,20,0
2601,107041,21,0
2601,107042,22,0
2601,107043,23,0
2601,107044,24,0
2601,107045,25,0
2601,107046,26,0
2601,107047,27,0
2601,107048,28,0
2601,107049,29,0
2601,107050,30,0
2601,107051,31,0
2601,107052,32,0
2601,107053,33,0
2601,107054,34,0
2601,107055,35,0
2601,107056,36,0
2601,107057,37,0
2601,120016,38,0
2601,107375,39,0
2601,107391,40,0
2601,107222,41,0
2601,107223,42,0
2601,107228,43,0
2601,105726,44,0
2601,107481,45,0
2601,120074,46,0
2601,107247,47,0
2601,107248,48,0
2601,107374,49,0
2601,120103,50,0
2601,120100,51,0
2601,120101,52,0
2601,120102,53,0
2601,107068,54,0
2601,107069,55,0
2601,107070,56,0
2601,107071,57,0
2601,107072,58,0
2601,107073,59,0
2601,107074,60,0
2601,107075,61,0
2601,120091,62,0
2601,107077,63,0
2601,107078,64,0
2601,107079,65,0
2601,120089,66,0
2601,107257,67,0
2601,107081,68,0
2601,107082,69,0
2601,107083,70,0
2601,107084,71,0
2601,107085,72,0
2601,107499,73,1
3100,107501,1,0
3100,107122,2,0
3100,107123,3,0
3100,107124,4,0
3100,107125,5,0
3100,107126,6,0
3100,107127,7,0
3100,107128,8,0
3100,107129,9,0
3100,107215,10,0
3100,107485,11,0
3100,107486,12,0
3100,120013,13,0
3100,107754,14,0
3100,107755,15,0
3100,120092,16,1
3101,107756,1,0
3101,107751,2,0
3101,120095,3,0
3101,107752,4,0
3101,120007,5,0
3101,107754,6,0
3101,120014,7,0
3101,107256,8,0
3101,107255,9,0
3101,107254,10,0
3101,107159,11,0
3101,107160,12,0
3101,107161,13,0
3101,107162,14,0
3101,107163,15,0
3101,107164,16,0
3101,107165,17,0
3101,107166,18,0
3101,107020,19,1
3201,107756,1,0
3201,107751,2,0
3201,120095,3,0
3201,107752,4,0
3201,120007,5,0
3201,107758,6,0
3201,107759,7,0
3201,107880,8,0
3201,107761,9,0
3201,107762,10,0
3201,107763,11,0
3201,107764,12,0
3201,107765,13,0
3201,107766,14,0
3201,107767,15,0
3201,107768,16,0
3201,107769,17,0
3201,107770,18,0
3201,107771,19,0
3201,107772,20,0
3201,107773,21,0
3201,107774,22,0
3201,107775,23,0
3201,107776,24,0
3201,107777,25,0
3201,107778,26,0
3201,107779,27,0
3201,107870,28,0
3201,107871,29,0
3201,107755,30,0
3201,120092,31,1
3301,120092,1,0
3301,107819,2,0
3301,107786,3,0
3301,107787,4,0
3301,107883,5,0
3301,107788,6,0
3301,107789,7,0
3301,107790,8,0
3301,107791,9,0
3301,107792,10,0
3301,107793,11,0
3301,107794,12,0
3301,107795,13,0
3301,107796,14,0
3301,107797,15,0
3301,107798,16,0
3301,120050,17,0
3301,107800,18,0
3301,107801,19,0
3301,107802,20,0
3301,107803,21,0
3301,107804,22,0
3301,107805,23,0
3301,107806,24,0
3301,107807,25,0
3301,120077,26,0
3301,107755,27,0
3401,120092,1,0
3401,107819,2,0
3401,107820,3,0
3401,107884,4,0
3401,107822,5,0
3401,107823,6,0
3401,107824,7,0
3401,107825,8,0
3401,120055,9,0
3401,107826,10,0
3401,107827,11,0
3401,107828,12,0
3401,107829,13,0
3401,107794,14,0
3401,107830,15,0
3401,107831,16,0
3401,107832,17,0
3401,107833,18,0
3401,120079,19,0
3401,107835,20,0
3401,107836,21,0
3401,120058,22,0
3401,107838,23,0
3401,107839,24,0
3401,107840,25,0
3401,107841,26,0
3401,107842,27,0
3401,107843,28,0
3401,107844,29,0
3401,107845,30,0
3401,107846,31,0
3401,107787,32,0
3401,107883,33,0
3401,107847,34,0
3501,120092,1,0
3501,120059,2,0
3501,107855,3,0
3501,107856,4,0
3501,107857,5,0
3501,107751,6,0
3501,120095,7,0
3900,120092,1,0
3900,120031,2,0
3900,120062,3,0
3900,107754,4,0
3900,107783,5,0
3900,120007,6,0
3900,107751,7,0
3900,120095,8,0
3900,107752,9,0
3900,120094,10,0
3900,120067,11,0
3900,107870,12,0
3900,107871,13,0
3900,120056,14,0
3900,107781,15,0
3900,107759,16,0
3900,107880,17,0
3900,107761,18,0
3900,107762,19,0
3900,107763,20,0
3900,107764,21,0
3900,107765,22,0
3900,107766,23,0
3900,107850,24,0
3900,107851,25,0
3900,120080,26,0
3900,107849,27,0
3900,107788,28,0
3900,107789,29,0
3900,120082,30,0
3900,120057,31,0
3900,107817,32,0
3900,107877,33,0
3900,107861,34,0
3900,107755,35,0
1000700,108262,1,0
1000700,107021,2,0
1000700,107022,3,0
1000700,107199,4,0
1000700,107192,5,0
1000700,107193,6,0
1000700,107194,7,0
1000700,107079,8,0
1000700,120090,9,0
1000700,107318,10,0
1000700,107319,11,0
1000700,107320,12,0
1000700,107136,13,0
1000700,107137,14,0
1000700,107321,15,0
1000700,107322,16,0
1000700,120070,17,0
1000700,107324,18,0
1000700,107325,19,0
1000700,107326,20,0
1000700,107327,21,0
1000700,107328,22,0
1000700,107329,23,0
1000700,107330,24,0
1000700,107331,25,0
1000700,107332,26,0
1000700,107333,27,0
1000700,107334,28,0
1000700,107335,29,0
1000700,107336,30,0
1000700,107337,31,0
1000700,107338,32,0
1000700,107339,33,0
1000700,107340,34,0
1000700,107341,35,0
1000700,107342,36,0
1000700,107343,37,0
1000700,107344,38,0
1000700,107345,39,0
1000700,107346,40,0
1000700,107347,41,0
1000700,107348,42,0
1000700,107349,43,0
1000700,107350,44,0
1000700,107351,45,0
1000700,107352,46,0
1000700,107353,47,0
1000700,107354,48,0
1000700,107355,49,0
1000700,107356,50,0
1000700,107357,51,0
1000700,107149,52,0
1000700,107150,53,0
1000700,120022,54,0
1000700,107393,55,0
1000700,107392,56,0
1000700,120085,57,0
1000700,107200,58,0
1000700,107201,59,0
1000700,107202,60,0
1000700,107203,61,0
1000700,107191,62,0
1000700,107085,63,0
1000700,107499,64,1
1002100,107745,1,0
1002100,107747,2,0
1002100,107740,3,0
1002100,107438,4,0
1002100,107440,5,0
1002100,107441,6,0
1002100,107442,7,0
1002100,107443,8,0
1002100,107444,9,0
1002100,107445,10,0
1002100,107446,11,0
1002100,107447,12,0
1002100,107448,13,0
1002100,107449,14,0
1002100,107451,15,0
1002100,107452,16,0
1002100,107453,17,0
1002100,107454,18,0
1002100,107455,19,0
1002100,107456,20,0
1002100,107414,21,0
1002100,107415,22,0
1002100,107425,23,0
1002100,107426,24,0
1002100,107276,25,0
1002100,107175,26,0
1002100,107176,27,0
1002100,107177,28,0
1002100,107012,29,0
1002100,107013,30,0
1002100,107014,31,0
1002100,107015,32,0
1002100,107016,33,0
1002100,107017,34,0
1002100,107018,35,0
1002100,107019,36,0
1002100,107020,37,1
1002101,107499,1,0
1002101,107087,2,0
1002101,107088,3,0
1002101,107089,4,0
1002101,107090,5,0
1002101,107091,6,0
1002101,107408,7,0
1002101,107273,8,0
1002101,107274,9,0
1002101,107275,10,0
1002101,107409,11,0
1002101,107410,12,0
1002101,107427,13,0
1002101,107498,14,0
1002101,107457,15,0
1002101,107458,16,0
1002101,107451,17,0
1002101,107452,18,0
1002101,107453,19,0
1002101,107454,20,0
1002101,107429,21,0
1002101,107430,22,0
1002101,107431,23,0
1002101,107432,24,0
1002101,107433,25,0
1002101,107434,26,0
1002101,107435,27,0
1002101,107436,28,0
1002101,107437,29,0
1002101,107740,30,0
1002101,107742,31,0
1002101,107744,32,0
1002101,107745,33,1
1003100,107501,1,0
1003100,107122,2,0
1003100,107123,3,0
1003100,107124,4,0
1003100,107125,5,0
1003100,107126,6,0
1003100,107127,7,0
1003100,107128,8,0
1003100,107129,9,0
1003100,107215,10,0
1003100,107485,11,0
1003100,107486,12,0
1003100,107490,13,0
1003100,107491,14,0
1003100,120096,15,0
1003100,107492,16,0
1003100,107754,17,0
1003100,107755,18,0
1003100,120092,19,1
1003101,107756,1,0
1003101,107751,2,0
1003101,120095,3,0
1003101,107752,4,0
1003101,120007,5,0
1003101,107754,6,0
1003101,107487,7,0
1003101,107488,8,0
1003101,107489,9,0
1003101,120014,10,0
1003101,107256,11,0
1003101,107255,12,0
1003101,107254,13,0
1003101,107159,14,0
1003101,107160,15,0
1003101,107161,16,0
1003101,107162,17,0
1003101,107163,18,0
1003101,107164,19,0
1003101,107165,20,0
1003101,107166,21,0
1003101,107020,22,1
24003100,107501,1,0
24003100,107122,2,0
24003100,107123,3,0
24003100,107124,4,0
24003100,107125,5,0
24003100,107126,6,0
24003100,107127,7,0
24003100,107128,8,0
24003100,107129,9,0
24003100,107215,10,0
24003100,107485,11,0
24003100,107486,12,0
24003100,120013,13,0
24003100,107755,14,0
24003100,120092,15,1
