100,'5014',532,,3815,25,,,0,72,,3816,25,,,0,30,,3814,25,,,0,20,,3818,25,,,0,61,,3819,25,,,0,20,,3817,25,,,0,17,,3820,25,,,0,60,,3821,25,,,0,16,,3822,25,,,0,18,,3823,25,,,0,55,,3824,25,,,0,16,,3826,25,,,0,18,,3825,25,,,0,17,,3827,25,,,0,59,,3828,25,,,0,19,,3829,25,,,0,21,,3830,25,,,0,62,,3831,25,,,0,22,,3832,25,,,0,66,,3833,25,,,0,24,,3835,25,,,0,22,,3834,25,,,0,62,,3836,25,,,0,24,,3837,25,,,0,23,,3839,25,,,0,61,,3838,25,,,0,23,,3840,25,,,0,62,,3841,25,,,0,26,,3842,25,,,0,16,,3843,25,,,0,15,,3844,25,,,0,55,,3845,25,,,0,15,,3846,25,,,0,15,,3847,25,,,0,15,,3848,25,,,0,55,,3849,25,,,0,12,,3850,25,,,0,14,,3851,25,,,0,14,,3852,25,,,0,55,,3853,25,,,0,15,,3854,25,,,0,20,,3855,25,,,0,60,,3856,25,,,0,24,,3857,25,,,0,22,,3864,25,,,0,64,,3858,25,,,0,25,,3859,25,,,0,63,,3860,25,,,0,25,,3865,25,,,0,25,,3861,25,,,0,66,,3862,25,,,0,29,,3863,25,,,0
100,'5015',616,,3866,25,,,0,32,,3867,25,,,0,70,,3868,25,,,0,30,,3869,25,,,0,75,,3870,25,,,0,36,,3871,25,,,0,77,,3872,25,,,0,72,,3874,25,,,0,38,,3875,25,,,0,77,,3873,25,,,0,31,,3876,25,,,0,70,,3877,25,,,0,30,,3878,25,,,0,71,,3879,25,,,0,30,,3880,25,,,0,70,,3881,25,,,0,30,,3882,25,,,0,70,,3883,25,,,0,30,,3884,25,,,0,70,,3885,25,,,0,30,,3886,25,,,0,69,,3887,25,,,0,24,,3888,25,,,0,69,,3889,25,,,0,29,,3890,25,,,0,75,,3891,25,,,0,34,,3892,25,,,0,74,,3893,25,,,0,75,,3894,25,,,0,34,,3895,25,,,0,75,,3896,25,,,0,34,,3897,25,,,0
100,'5221',621,,3898,25,,,0,81,,3899,25,,,0,40,,3900,25,,,0,81,,3901,25,,,0,80,,3902,25,,,0,50,,3903,25,,,0,88,,3904,25,,,0,80,,3905,25,,,0,85,,3906,25,,,0,38,,3919,25,,,0,80,,3907,25,,,0,80,,3908,25,,,0,41,,3909,25,,,0,80,,3910,25,,,0,80,,3911,25,,,0,40,,3912,25,,,0,79,,3913,25,,,0,79,,3914,25,,,0,40,,3915,25,,,0,77,,3916,25,,,0,38,,3917,25,,,0,76,,3918,25,,,0,85,,3920,25,,,0,94,,3921,25,,,0
200,'5014',552,,4026,30,,,0,74,,4027,30,,,0,29,,4028,30,,,0,71,,4029,30,,,0,17,,4030,30,,,0,15,,4031,30,,,0,63,,4032,30,,,0,16,,4033,30,,,0,18,,4034,30,,,0,61,,4035,30,,,0,21,,4036,30,,,0,63,,4037,30,,,0,21,,4038,30,,,0,21,,4039,30,,,0,62,,4040,30,,,0,23,,4041,30,,,0,23,,4042,30,,,0,62,,4043,30,,,0,23,,4044,30,,,0,22,,4045,30,,,0,61,,4046,30,,,0,23,,4047,30,,,0,66,,4048,30,,,0,26,,4049,30,,,0,20,,4050,30,,,0,66,,4051,30,,,0,18,,4052,30,,,0,15,,4053,30,,,0,56,,4054,30,,,0,15,,4055,30,,,0,14,,4056,30,,,0,15,,4057,30,,,0,55,,4058,30,,,0,14,,4059,30,,,0,15,,4060,30,,,0,14,,4061,30,,,0,55,,4062,30,,,0,18,,4063,30,,,0,19,,4064,30,,,0,60,,4065,30,,,0,20,,4066,30,,,0,19,,4067,30,,,0,60,,4073,30,,,0,29,,4068,30,,,0,24,,4069,30,,,0,65,,4070,30,,,0,23,,4074,30,,,0,62,,4071,30,,,0,29,,4072,30,,,0
200,'5015',625,,4075,30,,,0,75,,4076,30,,,0,35,,4077,30,,,0,72,,4078,30,,,0,33,,4079,30,,,0,71,,4080,30,,,0,37,,4081,30,,,0,84,,4082,30,,,0,76,,4083,30,,,0,33,,4084,30,,,0,70,,4086,30,,,0,30,,4087,30,,,0,68,,4088,30,,,0,30,,4085,30,,,0,70,,4089,30,,,0,30,,4090,30,,,0,70,,4091,30,,,0,29,,4092,30,,,0,70,,4093,30,,,0,30,,4095,30,,,0,69,,4096,30,,,0,29,,4094,30,,,0,68,,4097,30,,,0,27,,4098,30,,,0,69,,4099,30,,,0,35,,4100,30,,,0,78,,4101,30,,,0,35,,4102,30,,,0,75,,4103,30,,,0,34,,4104,30,,,0,73,,4105,30,,,0
200,'5221',624,,4106,30,,,0,35,,4107,30,,,0,81,,4108,30,,,0,86,,4109,30,,,0,81,,4110,30,,,0,43,,4111,30,,,0,82,,4112,30,,,0,96,,4113,30,,,0,89,,4114,30,,,0,86,,4115,30,,,0,41,,4116,30,,,0,80,,4117,30,,,0,80,,4118,30,,,0,40,,4119,30,,,0,80,,4120,30,,,0,80,,4121,30,,,0,38,,4122,30,,,0,80,,4123,30,,,0,79,,4124,30,,,0,39,,4125,30,,,0,79,,4126,30,,,0,40,,4128,30,,,0,78,,4127,30,,,0
200,'5357',2441,,4129,30,,,0
501,'5014',603,,4494,2,,,0,29,,4495,2,,,0,74,,4496,2,,,0,31,,4497,2,,,0,75,,4498,2,,,0,34,,4500,2,,,0,75,,4499,2,,,0,34,,4501,2,,,0,74,,4502,2,,,0,74,,4503,2,,,0,33,,4504,2,,,0,75,,4505,2,,,0,33,,4506,2,,,0,80,,4507,2,,,0,35,,4508,2,,,0,74,,4509,2,,,0,80,,4510,2,,,0,36,,4511,2,,,0,74,,4512,2,,,0,80,,4513,2,,,0,38,,4514,2,,,0,76,,4515,2,,,0,36,,4516,2,,,0,71,,4517,2,,,0,101,,4518,2,,,0,104,,4519,2,,,0,104,,4520,2,,,0
501,'5015',639,,4544,2,,,0,98,,4545,2,,,0,86,,4523,2,,,0,27,,4524,2,,,0,80,,4521,2,,,0,74,,4522,2,,,0,29,,4525,2,,,0,75,,4526,2,,,0,35,,4527,2,,,0,73,,4528,2,,,0,38,,4529,2,,,0,75,,4530,2,,,0,75,,4531,2,,,0,41,,4532,2,,,0,75,,4533,2,,,0,31,,4534,2,,,0,76,,4535,2,,,0,76,,4536,2,,,0,36,,4537,2,,,0,86,,4538,2,,,0,76,,4539,2,,,0,36,,4541,2,,,0,91,,4542,2,,,0,102,,4543,2,,,0,101,,4540,2,,,0
501,'5221',618,,4547,2,,,0,95,,4546,2,,,0,87,,4560,2,,,0,52,,4548,2,,,0,90,,4549,2,,,0,96,,4550,2,,,0,94,,4551,2,,,0,99,,4552,2,,,0,100,,4554,2,,,0,100,,4555,2,,,0,100,,4556,2,,,0,104,,4553,2,,,0,100,,4557,2,,,0,97,,4558,2,,,0,100,,4559,2,,,0
700,'5015',525,,4624,2,0,22 23,0,100,,4625,2,0,22 23,0,199,,4626,2,0,22 23,0,200,,4627,2,0,22 23,0,200,,4628,2,0,22 23,0,199,,4629,2,0,22 23,0,200,,4630,2,0,22 23,0,401,,4632,2,0,22 23,0
900,'5015',1648,,4669,2,0,34 2 13 14,0
1201,'5014',703,,4708,2,,,0,40,,4709,2,,,0,86,,4710,2,,,0,76,,4705,2,,,0,115,,4706,2,,,0,119,,4707,2,,,0,163,,4700,2,,,0,128,,4702,2,,,0,170,,4703,2,,,0,42,,4704,2,,,0,85,,4701,2,,,0
1000700,'5015',724,,6105,2,0,24,0,199,,6106,2,0,24,0,200,,6107,2,0,24,0,200,,6108,2,0,24,0,400,,6110,2,0,24,0,200,,6111,2,0,24,0,201,,6112,2,0,24,0
