101,'5021',625,,1524,21,,,0,80,,1525,21,,,0,45,,1526,21,,,0,80,,1527,21,,,0,79,,1528,21,,,0,38,,1529,21,,,0,94,,1530,21,,,0,88,,1531,21,,,0,85,,1532,21,,,0,40,,1533,21,,,0,80,,1534,21,,,0,79,,1535,21,,,0,40,,1536,21,,,0,80,,1537,21,,,0,80,,1538,21,,,0,40,,1539,21,,,0,81,,1540,21,,,0,81,,1541,21,,,0,41,,1542,21,,,0,80,,1543,21,,,0,81,,1544,21,,,0,83,,1545,21,,,0
101,'5022',550,,1547,21,,,0,66,,1548,21,,,0,30,,1549,21,,,0,69,,1550,21,,,0,23,,1546,21,,,0,14,,1551,21,,,0,56,,1552,21,,,0,22,,1553,21,,,0,21,,1554,21,,,0,63,,1555,21,,,0,21,,1556,21,,,0,21,,1557,21,,,0,62,,1558,21,,,0,22,,1559,21,,,0,62,,1560,21,,,0,22,,1561,21,,,0,22,,1562,21,,,0,62,,1563,21,,,0,21,,1564,21,,,0,23,,1565,21,,,0,65,,1566,21,,,0,26,,1567,21,,,0,60,,1568,21,,,0,24,,1569,21,,,0,18,,1570,21,,,0,56,,1571,21,,,0,16,,1572,21,,,0,15,,1573,21,,,0,15,,1574,21,,,0,54,,1575,21,,,0,15,,1576,21,,,0,15,,1577,21,,,0,15,,1578,21,,,0,55,,1579,21,,,0,15,,1580,21,,,0,13,,1581,21,,,0,14,,1582,21,,,0,12,,1583,21,,,0,62,,1584,21,,,0,20,,1585,21,,,0,20,,1586,21,,,0,59,,1594,21,,,0,29,,1587,21,,,0,65,,1588,21,,,0,23,,1589,21,,,0,67,,1595,21,,,0,24,,1590,21,,,0,30,,1591,21,,,0,74,,1592,21,,,0,73,,1593,21,,,0
101,'5024',625,,1597,21,,,0,75,,1596,21,,,0,30,,1598,21,,,0,72,,1599,21,,,0,28,,1600,21,,,0,75,,1601,21,,,0,43,,1602,21,,,0,74,,1603,21,,,0,32,,1604,21,,,0,69,,1605,21,,,0,29,,1606,21,,,0,67,,1607,21,,,0,29,,1608,21,,,0,70,,1609,21,,,0,30,,1610,21,,,0,70,,1611,21,,,0,30,,1612,21,,,0,70,,1613,21,,,0,30,,1614,21,,,0,70,,1615,21,,,0,30,,1616,21,,,0,69,,1617,21,,,0,28,,1618,21,,,0,69,,1619,21,,,0,38,,1620,21,,,0,79,,1621,21,,,0,77,,1622,21,,,0,35,,1623,21,,,0,76,,1624,21,,,0,35,,1625,21,,,0,72,,1627,21,,,0,75,,1626,21,,,0
201,'5021',618,,1731,22,0,33,0,40,,1732,22,0,33,0,79,,1733,22,0,33,0,80,,1734,22,0,33,0,86,,1735,22,0,33,0,46,,1736,22,0,33,0,79,,1737,22,0,33,0,83,,1738,22,0,33,0,37,,1751,22,0,33,0,80,,1739,22,0,33,0,79,,1740,22,0,33,0,38,,1741,22,0,33,0,80,,1742,22,0,33,0,80,,1743,22,0,33,0,40,,1744,22,0,33,0,80,,1745,22,0,33,0,80,,1746,22,0,33,0,41,,1748,22,0,33,0,79,,1747,22,0,33,0,80,,1749,22,0,33,0,39,,1750,22,0,33,0,85,,1753,22,0,33,0,98,,1752,22,0,33,0
201,'5022',514,,1754,22,0,33,0,35,,1755,22,0,33,0,80,,1756,22,0,33,0,75,,1757,22,0,33,0,17,,1758,22,0,33,0,15,,1759,22,0,33,0,15,,1760,22,0,33,0,56,,1761,22,0,33,0,18,,1762,22,0,33,0,18,,1763,22,0,33,0,57,,1764,22,0,33,0,20,,1765,22,0,33,0,17,,1766,22,0,33,0,20,,1767,22,0,33,0,61,,1768,22,0,33,0,22,,1769,22,0,33,0,63,,1770,22,0,33,0,26,,1771,22,0,33,0,21,,1772,22,0,33,0,62,,1773,22,0,33,0,22,,1774,22,0,33,0,23,,1775,22,0,33,0,62,,1776,22,0,33,0,23,,1777,22,0,33,0,60,,1778,22,0,33,0,23,,1779,22,0,33,0,15,,1780,22,0,33,0,17,,1782,22,0,33,0,56,,1783,22,0,33,0,14,,1784,22,0,33,0,18,,1785,22,0,33,0,14,,1786,22,0,33,0,54,,1788,22,0,33,0,13,,1787,22,0,33,0,14,,1789,22,0,33,0,15,,1790,22,0,33,0,55,,1791,22,0,33,0,16,,1792,22,0,33,0,22,,1793,22,0,33,0,61,,1794,22,0,33,0,25,,1795,22,0,33,0,24,,1803,22,0,33,0,65,,1796,22,0,33,0,24,,1797,22,0,33,0,64,,1798,22,0,33,0,27,,1804,22,0,33,0,64,,1799,22,0,33,0,29,,1800,22,0,33,0,72,,1801,22,0,33,0,34,,1802,22,0,33,0
201,'5024',602,,1807,22,0,33,0,31,,1808,22,0,33,0,68,,1809,22,0,33,0,35,,1810,22,0,33,0,75,,1811,22,0,33,0,34,,1806,22,0,33,0,71,,1812,22,0,33,0,34,,1813,22,0,33,0,78,,1814,22,0,33,0,30,,1815,22,0,33,0,70,,1816,22,0,33,0,29,,1817,22,0,33,0,70,,1819,22,0,33,0,28,,1820,22,0,33,0,69,,1821,22,0,33,0,29,,1818,22,0,33,0,70,,1822,22,0,33,0,30,,1823,22,0,33,0,70,,1824,22,0,33,0,31,,1825,22,0,33,0,70,,1826,22,0,33,0,26,,1827,22,0,33,0,70,,1828,22,0,33,0,30,,1830,22,0,33,0,76,,1831,22,0,33,0,76,,1832,22,0,33,0,36,,1829,22,0,33,0,75,,1833,22,0,33,0,37,,1835,22,0,33,0,75,,1834,22,0,33,0,75,,1836,22,0,33,0,36,,1837,22,0,33,0
1701,'5022',627,,2334,3,0,29 23,0,75,,2335,3,0,29 23,0,50,,2336,3,0,29 23,0,766,,2330,3,0,29 23,0,85,,2331,3,0,29 23,0,45,,2332,3,0,29 23,0,85,,2333,3,0,29 23,0,85,,2329,3,0,29 23,0
2101,'5021',802,,2377,3,,,0,99,,2369,3,,,0,133,,2370,3,,,0,169,,2371,3,,,0,129,,2372,3,,,0,177,,2373,3,,,0,129,,2374,3,,,0,172,,2375,3,,,0,130,,2376,3,,,0
2101,'5022',600,,2389,3,,,0,44,,2390,3,,,0,167,,2388,3,,,0,91,,2387,3,,,0,37,,2391,3,,,0,95,,2386,3,,,0,124,,2379,3,,,0,167,,2384,3,,,0,103,,2380,3,,,0,74,,2381,3,,,0,107,,2385,3,,,0,49,,2383,3,,,0,149,,2378,3,,,0,122,,2382,3,,,0
2101,'5024',725,,2400,3,,,0,129,,2401,3,,,0,179,,2399,3,,,0,124,,2395,3,,,0,167,,2393,3,,,0,106,,2394,3,,,0,101,,2396,3,,,0,101,,2397,3,,,0,169,,2398,3,,,0,131,,2392,3,,,0
2201,'5022',742,,2402,3,,,0,686,,2403,3,,,0
1002101,'5022',719,,2738,3,,,0
