3101,'5014',624,,4827,5,,,0,85,,4828,5,,,0,30,,4830,5,,,0,71,,4831,5,,,0,32,,4829,5,,,0,87,,4833,5,,,0,106,,4834,5,,,0,110,,4835,5,,,0,110,,4832,5,,,0,155,,4836,5,,,0,114,,4837,5,,,0,81,,4839,5,,,0,36,,4840,5,,,0,76,,4841,5,,,0,33,,4838,5,,,0,71,,4842,5,,,0,18,,4843,5,,,0
3101,'5015',759,,4847,5,,,0,143,,4846,5,,,0,102,,4844,5,,,0,111,,4851,5,,,0,110,,4852,5,,,0,110,,4845,5,,,0,115,,4850,5,,,0,155,,4848,5,,,0,110,,4849,5,,,0,109,,4853,5,,,0
3101,'5221',759,,4860,5,,,0,247,,4857,5,,,0,219,,4854,5,,,0,110,,4858,5,,,0,114,,4856,5,,,0,155,,4859,5,,,0,110,,4855,5,,,0
3201,'5014',553,,4862,5,0,5 49,0,70,,4863,5,0,5 49,0,30,,4864,5,0,5 49,0,71,,4861,5,0,5 49,0,30,,4865,5,0,5 49,0,72,,4866,5,0,5 49,0,33,,4867,5,0,5 49,0,70,,4868,5,0,5 49,0,72,,4869,5,0,5 49,0,33,,4870,5,0,5 49,0,76,,4871,5,0,5 49,0,35,,4872,5,0,5 49,0,75,,4873,5,0,5 49,0,35,,4874,5,0,5 49,0,75,,4875,5,0,5 49,0,80,,4876,5,0,5 49,0,37,,4877,5,0,5 49,0,78,,4878,5,0,5 49,0,80,,4879,5,0,5 49,0,35,,4880,5,0,5 49,0,78,,4881,5,0,5 49,0,31,,4882,5,0,5 49,0,72,,4883,5,0,5 49,0,38,,4884,5,0,5 49,0,87,,4885,5,0,5 49,0,68,,4886,5,0,5 49,0,95,,4887,5,0,5 49,0,105,,4888,5,0,5 49,0
3201,'5015',759,,4900,5,0,5 49,0,70,,4891,5,0,5 49,0,73,,4911,5,0,5 49,0,32,,4889,5,0,5 49,0,70,,4892,5,0,5 49,0,35,,4897,5,0,5 49,0,75,,4890,5,0,5 49,0,36,,4909,5,0,5 49,0,75,,4894,5,0,5 49,0,75,,4893,5,0,5 49,0,35,,4898,5,0,5 49,0,75,,4895,5,0,5 49,0,40,,4910,5,0,5 49,0,75,,4899,5,0,5 49,0,80,,4896,5,0,5 49,0,35,,4905,5,0,5 49,0,74,,4901,5,0,5 49,0,35,,4912,5,0,5 49,0,75,,4902,5,0,5 49,0,35,,4904,5,0,5 49,0,85,,4903,5,0,5 49,0,70,,4907,5,0,5 49,0,30,,4906,5,0,5 49,0,170,,4908,5,0,5 49,0
3201,'5221',758,,4927,5,0,5 49,0,144,,4926,5,0,5 49,0,104,,4921,5,0,5 49,0,33,,4928,5,0,5 49,0,75,,4915,5,0,5 49,0,35,,4914,5,0,5 49,0,75,,4922,5,0,5 49,0,35,,4913,5,0,5 49,0,75,,4923,5,0,5 49,0,75,,4918,5,0,5 49,0,41,,4924,5,0,5 49,0,75,,4919,5,0,5 49,0,79,,4920,5,0,5 49,0,35,,4917,5,0,5 49,0,75,,4925,5,0,5 49,0,35,,4916,5,0,5 49,0,110,,4929,5,0,5 49,0,155,,4930,5,0,5 49,0
3201,'5357',2508,,4931,5,0,5 49,0
3900,'5014',629,,5083,5,,,0,277,,5086,6,0,7 8,0,109,,5080,6,0,7 8,0,108,,5081,6,0,7 8,0,185,,5082,6,0,7 8,0,120,,5084,6,0,7 8,0,190,,5085,6,0,7 8,0,110,,5078,6,0,7 8,0,130,,5079,6,0,7 8,0
3900,'5015',901,,5088,6,0,7 8,0,120,,5089,6,0,7 8,0,106,,5087,6,0,7 8,0,175,,5090,6,0,7 8,0,110,,5092,6,0,7 8,0,130,,5091,6,0,7 8,0,104,,5094,6,0,7 8,0,155,,5093,6,0,7 8,0
3900,'5221',858,,5098,6,0,7 8,0,161,,5101,6,0,7 8,0,105,,5096,6,0,7 8,0,135,,5095,6,0,7 8,0,150,,5099,6,0,7 8,0,130,,5097,6,0,7 8,0,104,,5102,6,0,7 8,0,115,,5100,6,0,7 8,0
1003101,'5014',653,,6169,5,,,0,70,,6170,5,,,0,30,,6171,5,,,0,72,,6172,5,,,0,34,,6173,5,,,0,142,,6174,5,,,0,108,,6175,5,,,0,110,,6176,5,,,0,110,,6177,5,,,0,115,,6178,5,,,0,100,,6179,5,,,0,78,,6180,5,,,0,35,,6181,5,,,0,75,,6182,5,,,0,73,,6183,5,,,0,51,,6184,5,,,0,90,,6185,5,,,0,163,,6186,5,,,0,110,,6187,5,,,0
1003101,'5015',829,,6193,5,,,0,105,,6199,5,,,0,105,,6188,5,,,0,110,,6189,5,,,0,110,,6190,5,,,0,150,,6192,5,,,0,115,,6197,5,,,0,115,,6195,5,,,0,110,,6194,5,,,0,110,,6191,5,,,0,155,,6196,5,,,0,100,,6198,5,,,0
1003101,'5221',901,,6207,5,,,0,213,,6206,5,,,0,35,,6200,5,,,0,110,,6202,5,,,0,150,,6203,5,,,0,115,,6204,5,,,0,115,,6205,5,,,0,110,,6201,5,,,0,109,,6208,5,,,0,155,,6209,5,,,0,100,,6210,5,,,0
