300,'5014',557,,4236,22,,,0,72,,4237,22,,,0,30,,4238,22,,,0,74,,4239,22,,,0,73,,4240,22,,,0,35,,4241,22,,,0,75,,4242,22,,,0,35,,4243,22,,,0,74,,4244,22,,,0,75,,4235,22,,,0,35,,4245,22,,,0,74,,4246,22,,,0,35,,4247,22,,,0,75,,4248,22,,,0,40,,4249,22,,,0,75,,4250,22,,,0,75,,4251,22,,,0,40,,4252,22,,,0,76,,4253,22,,,0,34,,4254,22,,,0,76,,4255,22,,,0,76,,4256,22,,,0,36,,4258,22,,,0,75,,4257,22,,,0,30,,4259,22,,,0,100,,4260,22,,,0,103,,4261,22,,,0,101,,4262,22,,,0
300,'5015',610,,4287,22,,,0,90,,4286,22,,,0,59,,4288,22,,,0,89,,4263,22,,,0,68,,4264,22,,,0,40,,4265,22,,,0,75,,4267,22,,,0,70,,4268,22,,,0,35,,4269,22,,,0,75,,4266,22,,,0,34,,4270,22,,,0,80,,4271,22,,,0,75,,4272,22,,,0,35,,4273,22,,,0,81,,4274,22,,,0,35,,4275,22,,,0,70,,4276,22,,,0,35,,4277,22,,,0,76,,4278,22,,,0,75,,4279,22,,,0,46,,4280,22,,,0,75,,4281,22,,,0,76,,4282,22,,,0,50,,4283,22,,,0,101,,4284,22,,,0,100,,4285,22,,,0
300,'5221',640,,4289,22,,,0,95,,4290,22,,,0,89,,4303,22,,,0,94,,4292,22,,,0,90,,4293,22,,,0,98,,4294,22,,,0,95,,4291,22,,,0,99,,4295,22,,,0,101,,4296,22,,,0,100,,4297,22,,,0,100,,4298,22,,,0,104,,4299,22,,,0,98,,4300,22,,,0,56,,4301,22,,,0,100,,4302,22,,,0
3100,'5014',729,,4798,7,,,0,30,,4799,7,,,0,73,,4800,7,,,0,102,,4801,7,,,0,107,,4802,7,,,0,110,,4803,7,,,0,149,,4804,7,,,0,114,,4805,7,,,0,98,,4806,7,,,0,39,,4807,7,,,0,73,,4808,7,,,0,76,,4809,7,,,0,36,,4810,7,,,0,75,,4811,7,,,0
3100,'5015',905,,4815,7,,,0,105,,4819,7,,,0,110,,4813,7,,,0,109,,4812,7,,,0,110,,4814,7,,,0,115,,4816,7,,,0,155,,4818,7,,,0,110,,4817,7,,,0
3100,'5221',1011,,4826,7,,,0,109,,4820,7,,,0,109,,4821,7,,,0,110,,4822,7,,,0,115,,4823,7,,,0,156,,4825,7,,,0,110,,4824,7,,,0
1003100,'5014',641,,6127,7,,,0,69,,6128,7,,,0,30,,6129,7,,,0,71,,6130,7,,,0,89,,6131,7,,,0,104,,6132,7,,,0,110,,6133,7,,,0,109,,6134,7,,,0,115,,6135,7,,,0,112,,6136,7,,,0,80,,6137,7,,,0,73,,6124,7,,,0,36,,6125,7,,,0,77,,6123,7,,,0,33,,6126,7,,,0,79,,6138,7,,,0,86,,6139,7,,,0,121,,6140,7,,,0,104,,6141,7,,,0,109,,6142,7,,,0
1003100,'5015',733,,6156,7,,,0,100,,6145,7,,,0,100,,6144,7,,,0,109,,6143,7,,,0,110,,6151,7,,,0,150,,6155,7,,,0,115,,6148,7,,,0,114,,6152,7,,,0,111,,6149,7,,,0,110,,6150,7,,,0,75,,6146,7,,,0,115,,6147,7,,,0,102,,6154,7,,,0,100,,6153,7,,,0
1003100,'5221',731,,6168,7,,,0,102,,6160,7,,,0,102,,6158,7,,,0,107,,6162,7,,,0,110,,6159,7,,,0,150,,6157,7,,,0,114,,6163,7,,,0,115,,6164,7,,,0,111,,6161,7,,,0,181,,6165,7,,,0,120,,6166,7,,,0,104,,6167,7,,,0
24003100,'5014',533,,6214,7,,,0,69,,6211,7,,,0,30,,6212,7,,,0,69,,6213,7,,,0
