300,'5021',639,,1838,21,,,0,95,,1839,21,,,0,89,,1852,21,,,0,94,,1841,21,,,0,90,,1842,21,,,0,98,,1843,21,,,0,95,,1840,21,,,0,59,,1844,21,,,0,141,,1845,21,,,0,100,,1846,21,,,0,100,,1847,21,,,0,104,,1848,21,,,0,98,,1849,21,,,0,56,,1850,21,,,0,100,,1851,21,,,0
300,'5022',556,,1854,21,,,0,71,,1855,21,,,0,29,,1856,21,,,0,74,,1857,21,,,0,74,,1858,21,,,0,35,,1859,21,,,0,75,,1860,21,,,0,35,,1861,21,,,0,75,,1862,21,,,0,35,,1853,21,,,0,75,,1863,21,,,0,74,,1864,21,,,0,35,,1865,21,,,0,75,,1866,21,,,0,40,,1867,21,,,0,72,,1868,21,,,0,76,,1869,21,,,0,40,,1870,21,,,0,76,,1871,21,,,0,34,,1872,21,,,0,78,,1873,21,,,0,76,,1874,21,,,0,36,,1876,21,,,0,75,,1875,21,,,0,30,,1877,21,,,0,101,,1878,21,,,0,102,,1879,21,,,0,103,,1880,21,,,0
300,'5024',609,,1905,21,,,0,50,,1904,21,,,0,99,,1906,21,,,0,89,,1881,21,,,0,68,,1882,21,,,0,40,,1883,21,,,0,75,,1885,21,,,0,70,,1886,21,,,0,35,,1887,21,,,0,75,,1884,21,,,0,34,,1888,21,,,0,80,,1889,21,,,0,35,,1890,21,,,0,75,,1891,21,,,0,81,,1892,21,,,0,35,,1893,21,,,0,70,,1894,21,,,0,35,,1895,21,,,0,76,,1896,21,,,0,75,,1897,21,,,0,46,,1898,21,,,0,75,,1899,21,,,0,76,,1900,21,,,0,50,,1901,21,,,0,101,,1902,21,,,0,100,,1903,21,,,0
601,'5021',547,,2165,6,,,0,110,,2166,6,,,0,146,,2167,6,,,0,105,,2168,6,,,0,45,,2170,6,,,0,100,,2171,6,,,0,90,,2172,6,,,0,100,,2169,6,,,0,100,,2173,6,,,0,100,,2174,6,,,0,100,,2175,6,,,0,100,,2176,6,,,0,105,,2177,6,,,0,160,,2178,6,,,0,110,,2179,6,,,0
601,'5022',547,,2190,6,,,0,78,,2191,6,,,0,77,,2193,6,,,0,37,,2194,6,,,0,80,,2195,6,,,0,84,,2192,6,,,0,35,,2196,6,,,0,115,,2197,6,,,0,160,,2198,6,,,0,126,,2199,6,,,0,83,,2200,6,,,0,87,,2182,6,,,0,48,,2183,6,,,0,82,,2184,6,,,0,79,,2186,6,,,0,85,,2187,6,,,0,43,,2188,6,,,0,102,,2185,6,,,0,110,,2189,6,,,0,154,,2180,6,,,0,110,,2181,6,,,0
601,'5024',552,,2203,6,,,0,100,,2204,6,,,0,100,,2202,6,,,0,96,,2205,6,,,0,100,,2206,6,,,0,100,,2207,6,,,0,95,,2208,6,,,0,100,,2209,6,,,0,100,,2210,6,,,0,100,,2211,6,,,0,100,,2212,6,,,0,100,,2213,6,,,0,105,,2214,6,,,0,105,,2215,6,,,0,95,,2216,6,,,0,110,,2217,6,,,0,155,,2218,6,,,0,110,,2201,6,,,0
2401,'5022',739,,2405,6,,,0
3100,'5021',1011,,2414,6,,,0,109,,2408,6,,,0,109,,2409,6,,,0,110,,2410,6,,,0,115,,2411,6,,,0,156,,2413,6,,,0,110,,2412,6,,,0
3100,'5022',728,,2415,6,,,0,31,,2416,6,,,0,70,,2417,6,,,0,105,,2418,6,,,0,107,,2419,6,,,0,109,,2420,6,,,0,109,,2421,6,,,0,154,,2422,6,,,0,97,,2423,6,,,0,39,,2424,6,,,0,74,,2425,6,,,0,34,,2426,6,,,0,77,,2427,6,,,0,76,,2428,6,,,0
3100,'5024',905,,2432,6,,,0,105,,2436,6,,,0,109,,2430,6,,,0,110,,2429,6,,,0,109,,2431,6,,,0,115,,2433,6,,,0,155,,2435,6,,,0,111,,2434,6,,,0
1003100,'5021',731,,2750,6,,,0,102,,2742,6,,,0,102,,2740,6,,,0,107,,2744,6,,,0,110,,2741,6,,,0,150,,2739,6,,,0,114,,2745,6,,,0,115,,2746,6,,,0,111,,2743,6,,,0,181,,2747,6,,,0,120,,2748,6,,,0,104,,2749,6,,,0
1003100,'5022',641,,2755,6,,,0,69,,2756,6,,,0,30,,2757,6,,,0,68,,2758,6,,,0,50,,2759,6,,,0,146,,2760,6,,,0,109,,2761,6,,,0,108,,2762,6,,,0,115,,2763,6,,,0,110,,2764,6,,,0,80,,2765,6,,,0,74,,2752,6,,,0,36,,2753,6,,,0,79,,2751,6,,,0,33,,2754,6,,,0,80,,2766,6,,,0,85,,2767,6,,,0,122,,2768,6,,,0,104,,2769,6,,,0,108,,2770,6,,,0
1003100,'5024',732,,2784,6,,,0,101,,2773,6,,,0,100,,2772,6,,,0,108,,2771,6,,,0,110,,2779,6,,,0,151,,2783,6,,,0,114,,2776,6,,,0,114,,2780,6,,,0,111,,2777,6,,,0,111,,2778,6,,,0,75,,2774,6,,,0,115,,2775,6,,,0,102,,2782,6,,,0,99,,2781,6,,,0
24003100,'5022',532,,2830,6,,,0,69,,2827,6,,,0,30,,2828,6,,,0,69,,2829,6,,,0
