5100,'5014',528,,5104,25,0,37,0,81,,5105,25,0,37,0,25,,5106,25,0,37,0,67,,5107,25,0,37,0,14,,5108,25,0,37,0,12,,5109,25,0,37,0,21,,5110,25,0,37,0,56,,5111,25,0,37,0,18,,5112,25,0,37,0,15,,5113,25,0,37,0,15,,5114,25,0,37,0,55,,5115,25,0,37,0,15,,5103,25,0,37,0,22,,5116,25,0,37,0,61,,5117,25,0,37,0,26,,5118,25,0,37,0,26,,5119,25,0,37,0,66,,5120,25,0,37,0,27,,5121,25,0,37,0,65,,5122,25,0,37,0,25,,5123,25,0,37,0,17,,5124,25,0,37,0,60,,5125,25,0,37,0,20,,5126,25,0,37,0,20,,5127,25,0,37,0,58,,5128,25,0,37,0,20,,5129,25,0,37,0,20,,5130,25,0,37,0,58,,5131,25,0,37,0,23,,5132,25,0,37,0,18,,5133,25,0,37,0,56,,5134,25,0,37,0,15,,5135,25,0,37,0,16,,5136,25,0,37,0,16,,5137,25,0,37,0,54,,5138,25,0,37,0,16,,5139,25,0,37,0,14,,5140,25,0,37,0,15,,5141,25,0,37,0,54,,5142,25,0,37,0,14,,5143,25,0,37,0,20,,5144,25,0,37,0,59,,5145,25,0,37,0,20,,5146,25,0,37,0,25,,5147,25,0,37,0,65,,5148,25,0,37,0,27,,5155,25,0,37,0,70,,5149,25,0,37,0,30,,5150,25,0,37,0,65,,5151,25,0,37,0,30,,5152,25,0,37,0,69,,5154,25,0,37,0,28,,5153,25,0,37,0
5100,'5015',755,,5191,25,0,37,0,104,,5187,25,0,37,0,70,,5188,25,0,37,0,73,,5156,25,0,37,0,30,,5157,25,0,37,0,70,,5159,25,0,37,0,21,,5160,25,0,37,0,25,,5158,25,0,37,0,66,,5189,25,0,37,0,21,,5161,25,0,37,0,18,,5162,25,0,37,0,58,,5163,25,0,37,0,19,,5164,25,0,37,0,18,,5165,25,0,37,0,59,,5166,25,0,37,0,17,,5167,25,0,37,0,18,,5168,25,0,37,0,58,,5169,25,0,37,0,18,,5170,25,0,37,0,18,,5171,25,0,37,0,18,,5172,25,0,37,0,57,,5173,25,0,37,0,18,,5190,25,0,37,0,19,,5174,25,0,37,0,65,,5175,25,0,37,0,25,,5176,25,0,37,0,18,,5177,25,0,37,0,65,,5178,25,0,37,0,24,,5179,25,0,37,0,58,,5180,25,0,37,0,25,,5185,25,0,37,0,25,,5195,25,0,37,0,59,,5184,25,0,37,0,20,,5186,25,0,37,0,70,,5194,25,0,37,0,30,,5183,25,0,37,0,80,,5193,25,0,37,0,24,,5182,25,0,37,0,70,,5192,25,0,37,0,29,,5181,25,0,37,0
5100,'5221',755,,5220,25,0,37,0,101,,5205,25,0,37,0,70,,5219,25,0,37,0,31,,5196,25,0,37,0,75,,5209,25,0,37,0,72,,5197,25,0,37,0,37,,5210,25,0,37,0,77,,5198,25,0,37,0,36,,5211,25,0,37,0,75,,5199,25,0,37,0,80,,5212,25,0,37,0,34,,5200,25,0,37,0,80,,5202,25,0,37,0,35,,5203,25,0,37,0,75,,5213,25,0,37,0,75,,5204,25,0,37,0,35,,5214,25,0,37,0,74,,5201,25,0,37,0,33,,5215,25,0,37,0,73,,5208,25,0,37,0,29,,5216,25,0,37,0,75,,5207,25,0,37,0,30,,5218,25,0,37,0,73,,5206,25,0,37,0,99,,5217,25,0,37,0
5301,'5014',546,,5426,3,0,39 40,0,80,,5427,3,0,39 40,0,75,,5428,3,0,39 40,0,30,,5429,3,0,39 40,0,75,,5430,3,0,39 40,0,25,,5431,3,0,39 40,0,100,,5432,3,0,39 40,0,100,,5433,3,0,39 40,0,101,,5434,3,0,39 40,0,100,,5435,3,0,39 40,0,100,,5436,3,0,39 40,0,105,,5437,3,0,39 40,0,75,,5438,3,0,39 40,0,25,,5439,3,0,39 40,0,65,,5440,3,0,39 40,0,30,,5441,3,0,39 40,0,100,,5442,3,0,39 40,0,95,,5443,3,0,39 40,0,94,,5444,3,0,39 40,0,112,,5445,3,0,39 40,0,98,,5446,3,0,39 40,0
5301,'5015',812,,5461,3,0,39 40,0,104,,5447,3,0,39 40,0,106,,5456,3,0,39 40,0,95,,5449,3,0,39 40,0,100,,5457,3,0,39 40,0,100,,5451,3,0,39 40,0,100,,5453,3,0,39 40,0,100,,5454,3,0,39 40,0,100,,5455,3,0,39 40,0,100,,5450,3,0,39 40,0,95,,5458,3,0,39 40,0,100,,5448,3,0,39 40,0,109,,5459,3,0,39 40,0,100,,5452,3,0,39 40,0,110,,5460,3,0,39 40,0
5301,'5221',812,,5473,3,0,39 40,0,104,,5471,3,0,39 40,0,100,,5470,3,0,39 40,0,100,,5462,3,0,39 40,0,101,,5463,3,0,39 40,0,100,,5464,3,0,39 40,0,100,,5465,3,0,39 40,0,100,,5466,3,0,39 40,0,100,,5468,3,0,39 40,0,100,,5469,3,0,39 40,0,100,,5467,3,0,39 40,0,99,,5472,3,0,39 40,0,100,,5474,3,0,39 40,0
7100,'4623',1937,,5864,3,,,0,195,,5865,3,,,0
7100,'5014',517,,5869,3,0,35 36,0,110,,5868,3,,,0,95,,5866,3,,,0,100,,5870,3,,,0,100,,5867,3,,,0,320,,5871,3,,,0,175,,5874,3,,,0,27,,5872,3,0,35 36,0,78,,5873,3,,,0,100,,5875,3,,,0,110,,5876,3,,,0
7100,'5015',725,,5882,3,0,35 36,0,127,,5878,3,,,0,195,,5879,3,,,0,200,,5880,3,,,0,162,,5877,3,0,35 36,0,127,,5881,3,,,0,201,,5883,3,,,0,265,,5884,3,,,0,155,,5885,3,,,0
7100,'5221',1027,,5886,3,,,0,195,,5887,3,,,0,310,,5888,3,,,0,200,,5889,3,,,0
