101,'5021',624,,1524,20,,,0,80,,1525,20,,,0,45,,1526,20,,,0,80,,1527,20,,,0,80,,1528,20,,,0,37,,1529,20,,,0,94,,1530,20,,,0,88,,1531,20,,,0,85,,1532,20,,,0,40,,1533,20,,,0,80,,1534,20,,,0,79,,1535,20,,,0,40,,1536,20,,,0,80,,1537,20,,,0,80,,1538,20,,,0,40,,1539,20,,,0,81,,1540,20,,,0,81,,1541,20,,,0,42,,1542,20,,,0,80,,1543,20,,,0,81,,1544,20,,,0,42,,1545,20,,,0
101,'5022',549,,1547,20,,,0,66,,1548,20,,,0,31,,1549,20,,,0,69,,1550,20,,,0,23,,1546,20,,,0,14,,1551,20,,,0,56,,1552,20,,,0,22,,1553,20,,,0,21,,1554,20,,,0,63,,1555,20,,,0,20,,1556,20,,,0,21,,1557,20,,,0,62,,1558,20,,,0,22,,1559,20,,,0,62,,1560,20,,,0,22,,1561,20,,,0,22,,1562,20,,,0,62,,1563,20,,,0,21,,1564,20,,,0,23,,1565,20,,,0,65,,1566,20,,,0,26,,1567,20,,,0,59,,1568,20,,,0,24,,1569,20,,,0,18,,1570,20,,,0,16,,1571,20,,,0,56,,1572,20,,,0,15,,1573,20,,,0,15,,1574,20,,,0,14,,1575,20,,,0,55,,1576,20,,,0,15,,1577,20,,,0,15,,1578,20,,,0,56,,1579,20,,,0,15,,1580,20,,,0,13,,1581,20,,,0,14,,1582,20,,,0,12,,1583,20,,,0,62,,1584,20,,,0,20,,1585,20,,,0,20,,1586,20,,,0,59,,1594,20,,,0,30,,1587,20,,,0,65,,1588,20,,,0,23,,1589,20,,,0,67,,1595,20,,,0,23,,1590,20,,,0,30,,1591,20,,,0,74,,1592,20,,,0,73,,1593,20,,,0
101,'5024',624,,1597,20,,,0,35,,1596,20,,,0,70,,1598,20,,,0,72,,1599,20,,,0,29,,1600,20,,,0,75,,1601,20,,,0,42,,1602,20,,,0,74,,1603,20,,,0,32,,1604,20,,,0,69,,1605,20,,,0,29,,1606,20,,,0,67,,1607,20,,,0,28,,1608,20,,,0,70,,1609,20,,,0,30,,1610,20,,,0,70,,1611,20,,,0,30,,1612,20,,,0,70,,1613,20,,,0,31,,1614,20,,,0,70,,1615,20,,,0,30,,1616,20,,,0,69,,1617,20,,,0,28,,1618,20,,,0,69,,1619,20,,,0,38,,1620,20,,,0,79,,1621,20,,,0,78,,1622,20,,,0,35,,1623,20,,,0,75,,1624,20,,,0,35,,1625,20,,,0,72,,1627,20,,,0,75,,1626,20,,,0
201,'5021',617,,1731,21,,,0,40,,1732,21,,,0,79,,1733,21,,,0,80,,1734,21,,,0,87,,1735,21,,,0,46,,1736,21,,,0,79,,1737,21,,,0,82,,1738,21,,,0,37,,1751,21,,,0,80,,1739,21,,,0,79,,1740,21,,,0,38,,1741,21,,,0,80,,1742,21,,,0,80,,1743,21,,,0,40,,1744,21,,,0,80,,1745,21,,,0,80,,1746,21,,,0,41,,1748,21,,,0,79,,1747,21,,,0,80,,1749,21,,,0,39,,1750,21,,,0,85,,1753,21,,,0,99,,1752,21,,,0
201,'5022',513,,1754,21,,,0,35,,1755,21,,,0,80,,1756,21,,,0,75,,1757,21,,,0,17,,1758,21,,,0,15,,1759,21,,,0,15,,1760,21,,,0,57,,1761,21,,,0,18,,1762,21,,,0,18,,1763,21,,,0,57,,1764,21,,,0,20,,1765,21,,,0,17,,1766,21,,,0,20,,1767,21,,,0,61,,1768,21,,,0,21,,1769,21,,,0,63,,1770,21,,,0,26,,1771,21,,,0,21,,1772,21,,,0,62,,1773,21,,,0,22,,1774,21,,,0,23,,1775,21,,,0,62,,1776,21,,,0,23,,1777,21,,,0,60,,1778,21,,,0,23,,1779,21,,,0,15,,1780,21,,,0,17,,1782,21,,,0,56,,1783,21,,,0,14,,1784,21,,,0,18,,1785,21,,,0,14,,1786,21,,,0,54,,1788,21,,,0,13,,1787,21,,,0,14,,1789,21,,,0,15,,1790,21,,,0,55,,1791,21,,,0,16,,1792,21,,,0,22,,1793,21,,,0,61,,1794,21,,,0,25,,1795,21,,,0,24,,1803,21,,,0,65,,1796,21,,,0,25,,1797,21,,,0,64,,1798,21,,,0,27,,1804,21,,,0,64,,1799,21,,,0,29,,1800,21,,,0,71,,1801,21,,,0,34,,1802,21,,,0
201,'5024',601,,1807,21,,,0,31,,1808,21,,,0,68,,1809,21,,,0,35,,1810,21,,,0,75,,1811,21,,,0,35,,1806,21,,,0,71,,1812,21,,,0,34,,1813,21,,,0,77,,1814,21,,,0,30,,1815,21,,,0,70,,1816,21,,,0,29,,1817,21,,,0,70,,1819,21,,,0,28,,1820,21,,,0,69,,1821,21,,,0,29,,1818,21,,,0,70,,1822,21,,,0,30,,1823,21,,,0,70,,1824,21,,,0,31,,1825,21,,,0,70,,1826,21,,,0,26,,1827,21,,,0,70,,1828,21,,,0,30,,1830,21,,,0,76,,1831,21,,,0,76,,1832,21,,,0,36,,1829,21,,,0,76,,1833,21,,,0,37,,1835,21,,,0,75,,1834,21,,,0,75,,1836,21,,,0,36,,1837,21,,,0
1701,'5022',626,,2334,2,0,29 23,0,75,,2335,2,0,29 23,0,50,,2336,2,0,29 23,0,766,,2330,2,0,29 23,0,85,,2331,2,0,29 23,0,45,,2332,2,0,29 23,0,85,,2333,2,0,29 23,0,85,,2329,2,0,29 23,0
2101,'5021',802,,2377,2,,,0,99,,2369,2,,,0,133,,2370,2,,,0,168,,2371,2,,,0,129,,2372,2,,,0,177,,2373,2,,,0,129,,2374,2,,,0,172,,2375,2,,,0,131,,2376,2,,,0
2101,'5022',600,,2389,2,,,0,44,,2390,2,,,0,166,,2388,2,,,0,92,,2387,2,,,0,37,,2391,2,,,0,94,,2386,2,,,0,124,,2379,2,,,0,167,,2384,2,,,0,103,,2380,2,,,0,74,,2381,2,,,0,107,,2385,2,,,0,49,,2383,2,,,0,149,,2378,2,,,0,122,,2382,2,,,0
2101,'5024',725,,2400,2,,,0,129,,2401,2,,,0,178,,2399,2,,,0,124,,2395,2,,,0,167,,2393,2,,,0,106,,2394,2,,,0,101,,2396,2,,,0,101,,2397,2,,,0,169,,2398,2,,,0,131,,2392,2,,,0
2201,'5022',741,,2402,2,,,0,686,,2403,2,,,0
1002101,'5022',719,,2738,2,,,0
