100,'5021',617,,4246,,,0,41,,4247,,,0,80,,4248,,,0,81,,4249,,,0,40,,4250,,,0,90,,4251,,,0,87,,4252,,,0,80,,4253,,,0,84,,4254,,,0,38,,4267,,,0,80,,4255,,,0,40,,4256,,,0,81,,4257,,,0,80,,4258,,,0,40,,4259,,,0,80,,4260,,,0,79,,4261,,,0,40,,4262,,,0,80,,4263,,,0,77,,4264,,,0,39,,4265,,,0,76,,4266,,,0,85,,4268,,,0,94,,4269,,,0
100,'5022',527,,4271,,,0,30,,4272,,,0,73,,4270,,,0,20,,4274,,,0,62,,4275,,,0,21,,4273,,,0,15,,4276,,,0,60,,4277,,,0,17,,4278,,,0,15,,4279,,,0,15,,4280,,,0,57,,4282,,,0,18,,4281,,,0,15,,4283,,,0,60,,4284,,,0,19,,4285,,,0,20,,4286,,,0,62,,4287,,,0,22,,4288,,,0,23,,4289,,,0,67,,4291,,,0,22,,4290,,,0,62,,4292,,,0,24,,4293,,,0,23,,4295,,,0,63,,4294,,,0,23,,4296,,,0,23,,4297,,,0,63,,4298,,,0,16,,4299,,,0,14,,4300,,,0,57,,4301,,,0,14,,4302,,,0,17,,4303,,,0,14,,4304,,,0,54,,4305,,,0,14,,4306,,,0,13,,4307,,,0,14,,4308,,,0,54,,4309,,,0,17,,4310,,,0,19,,4311,,,0,20,,4312,,,0,63,,4313,,,0,23,,4320,,,0,64,,4314,,,0,24,,4315,,,0,24,,4316,,,0,65,,4321,,,0,24,,4317,,,0,68,,4318,,,0,30,,4319,,,0
100,'5024',612,,4322,,,0,32,,4323,,,0,70,,4324,,,0,30,,4325,,,0,75,,4326,,,0,35,,4327,,,0,77,,4328,,,0,72,,4330,,,0,36,,4331,,,0,77,,4329,,,0,31,,4332,,,0,70,,4333,,,0,30,,4334,,,0,71,,4335,,,0,30,,4336,,,0,70,,4337,,,0,30,,4338,,,0,70,,4339,,,0,30,,4340,,,0,70,,4341,,,0,30,,4342,,,0,69,,4343,,,0,24,,4344,,,0,70,,4345,,,0,30,,4346,,,0,75,,4347,,,0,34,,4348,,,0,74,,4349,,,0,35,,4350,,,0,75,,4351,,,0,75,,4352,,,0,34,,4353,,,0
200,'5021',620,,4458,,,0,35,,4459,,,0,81,,4460,,,0,86,,4461,,,0,81,,4462,,,0,42,,4463,,,0,82,,4464,,,0,95,,4465,,,0,89,,4466,,,0,46,,4467,,,0,81,,4468,,,0,80,,4469,,,0,40,,4470,,,0,80,,4471,,,0,80,,4472,,,0,40,,4473,,,0,79,,4474,,,0,80,,4475,,,0,39,,4476,,,0,79,,4477,,,0,80,,4478,,,0,40,,4480,,,0,78,,4479,,,0
200,'5022',547,,4481,,,0,76,,4482,,,0,27,,4483,,,0,72,,4484,,,0,17,,4485,,,0,15,,4486,,,0,69,,4487,,,0,12,,4488,,,0,15,,4489,,,0,60,,4490,,,0,20,,4491,,,0,22,,4492,,,0,61,,4493,,,0,22,,4494,,,0,22,,4495,,,0,63,,4496,,,0,22,,4497,,,0,62,,4498,,,0,23,,4499,,,0,22,,4500,,,0,61,,4501,,,0,23,,4502,,,0,26,,4503,,,0,68,,4504,,,0,25,,4505,,,0,62,,4506,,,0,16,,4507,,,0,16,,4508,,,0,56,,4509,,,0,14,,4510,,,0,15,,4511,,,0,14,,4512,,,0,55,,4513,,,0,15,,4514,,,0,15,,4515,,,0,15,,4516,,,0,55,,4517,,,0,21,,4518,,,0,15,,4519,,,0,20,,4520,,,0,59,,4521,,,0,20,,4522,,,0,19,,4528,,,0,69,,4523,,,0,24,,4524,,,0,64,,4525,,,0,24,,4529,,,0,23,,4526,,,0,70,,4527,,,0
200,'5024',621,,4530,,,0,35,,4531,,,0,75,,4532,,,0,72,,4533,,,0,33,,4534,,,0,71,,4535,,,0,36,,4536,,,0,84,,4537,,,0,75,,4538,,,0,33,,4539,,,0,70,,4541,,,0,30,,4542,,,0,68,,4543,,,0,30,,4540,,,0,70,,4544,,,0,30,,4545,,,0,70,,4546,,,0,29,,4547,,,0,70,,4548,,,0,30,,4550,,,0,69,,4551,,,0,30,,4549,,,0,28,,4552,,,0,67,,4553,,,0,29,,4554,,,0,76,,4555,,,0,78,,4556,,,0,35,,4557,,,0,75,,4558,,,0,34,,4559,,,0,73,,4560,,,0
1701,'5022',649,,5164,,,0,76,,5165,,,0,96,,5166,,,0,726,,5160,,,0,85,,5161,,,0,85,,5162,,,0,41,,5163,,,0,83,,5159,,,0
2100,'5021',856,,5174,,,0,100,,5175,,,0,173,,5167,,,0,171,,5169,,,0,130,,5168,,,0,177,,5170,,,0,128,,5171,,,0,168,,5172,,,0,130,,5173,,,0
2100,'5022',653,,5187,,,0,88,,5183,,,0,84,,5184,,,0,91,,5185,,,0,85,,5186,,,0,38,,5188,,,0,95,,5182,,,0,168,,5180,,,0,129,,5181,,,0,286,,5179,,,0,84,,5177,,,0,103,,5178,,,0,120,,5176,,,0
2100,'5024',818,,5196,,,0,132,,5198,,,0,180,,5197,,,0,182,,5192,,,0,117,,5193,,,0,104,,5194,,,0,99,,5195,,,0,100,,5190,,,0,173,,5191,,,0,133,,5189,,,0
2400,'5022',1447,,5234,0,15 16 11 12,0
1002100,'5022',1544,,5566,,,0,75,,5567,,,0
