300,'5014',558,,4236,24,,,0,72,,4237,24,,,0,70,,4238,24,,,0,34,,4239,24,,,0,74,,4240,24,,,0,35,,4241,24,,,0,75,,4242,24,,,0,35,,4243,24,,,0,74,,4244,24,,,0,75,,4235,24,,,0,35,,4245,24,,,0,74,,4246,24,,,0,35,,4247,24,,,0,75,,4248,24,,,0,80,,4249,24,,,0,35,,4250,24,,,0,75,,4251,24,,,0,40,,4252,24,,,0,76,,4253,24,,,0,74,,4254,24,,,0,36,,4255,24,,,0,76,,4256,24,,,0,36,,4258,24,,,0,75,,4257,24,,,0,30,,4259,24,,,0,100,,4260,24,,,0,102,,4261,24,,,0,101,,4262,24,,,0
300,'5015',611,,4287,24,,,0,90,,4286,24,,,0,99,,4288,24,,,0,49,,4263,24,,,0,69,,4264,24,,,0,40,,4265,24,,,0,75,,4267,24,,,0,70,,4268,24,,,0,35,,4269,24,,,0,75,,4266,24,,,0,34,,4270,24,,,0,80,,4271,24,,,0,75,,4272,24,,,0,35,,4273,24,,,0,81,,4274,24,,,0,35,,4275,24,,,0,70,,4276,24,,,0,35,,4277,24,,,0,76,,4278,24,,,0,75,,4279,24,,,0,46,,4280,24,,,0,75,,4281,24,,,0,75,,4282,24,,,0,50,,4283,24,,,0,101,,4284,24,,,0,100,,4285,24,,,0
300,'5221',641,,4289,24,,,0,95,,4290,24,,,0,89,,4303,24,,,0,94,,4292,24,,,0,90,,4293,24,,,0,99,,4294,24,,,0,95,,4291,24,,,0,99,,4295,24,,,0,101,,4296,24,,,0,100,,4297,24,,,0,100,,4298,24,,,0,104,,4299,24,,,0,97,,4300,24,,,0,96,,4301,24,,,0,100,,4302,24,,,0
3100,'5014',730,,4798,9,,,0,71,,4799,9,,,0,33,,4800,9,,,0,102,,4801,9,,,0,107,,4802,9,,,0,109,,4803,9,,,0,149,,4804,9,,,0,114,,4805,9,,,0,98,,4806,9,,,0,39,,4807,9,,,0,73,,4808,9,,,0,76,,4809,9,,,0,37,,4810,9,,,0,75,,4811,9,,,0
3100,'5015',907,,4815,9,,,0,105,,4819,9,,,0,109,,4813,9,,,0,110,,4812,9,,,0,109,,4814,9,,,0,115,,4816,9,,,0,155,,4818,9,,,0,111,,4817,9,,,0
3100,'5221',1013,,4826,9,,,0,109,,4820,9,,,0,109,,4821,9,,,0,110,,4822,9,,,0,115,,4823,9,,,0,156,,4825,9,,,0,110,,4824,9,,,0
1003100,'5014',642,,6127,9,,,0,69,,6128,9,,,0,31,,6129,9,,,0,71,,6130,9,,,0,89,,6131,9,,,0,104,,6132,9,,,0,110,,6133,9,,,0,108,,6134,9,,,0,115,,6135,9,,,0,112,,6136,9,,,0,80,,6137,9,,,0,73,,6124,9,,,0,36,,6125,9,,,0,77,,6123,9,,,0,34,,6126,9,,,0,79,,6138,9,,,0,86,,6139,9,,,0,121,,6140,9,,,0,104,,6141,9,,,0,108,,6142,9,,,0
1003100,'5015',734,,6156,9,,,0,101,,6145,9,,,0,100,,6144,9,,,0,108,,6143,9,,,0,110,,6151,9,,,0,151,,6155,9,,,0,114,,6148,9,,,0,114,,6152,9,,,0,111,,6149,9,,,0,111,,6150,9,,,0,75,,6146,9,,,0,115,,6147,9,,,0,102,,6154,9,,,0,99,,6153,9,,,0
1003100,'5221',733,,6168,9,,,0,102,,6160,9,,,0,102,,6158,9,,,0,107,,6162,9,,,0,110,,6159,9,,,0,150,,6157,9,,,0,114,,6163,9,,,0,115,,6164,9,,,0,111,,6161,9,,,0,181,,6165,9,,,0,120,,6166,9,,,0,104,,6167,9,,,0
24003100,'5014',534,,6214,9,,,0,69,,6211,9,,,0,30,,6212,9,,,0,69,,6213,9,,,0
