301,'5021',622,,1910,23,,,0,101,,1911,23,,,0,96,,1913,23,,,0,91,,1922,23,,,0,96,,1908,23,,,0,50,,1914,23,,,0,101,,1915,23,,,0,95,,1912,23,,,0,101,,1916,23,,,0,101,,1917,23,,,0,100,,1918,23,,,0,99,,1919,23,,,0,104,,1920,23,,,0,96,,1921,23,,,0,93,,1907,23,,,0
301,'5022',555,,1924,23,,,0,83,,1925,23,,,0,76,,1926,23,,,0,33,,1927,23,,,0,75,,1928,23,,,0,35,,1929,23,,,0,75,,1930,23,,,0,75,,1931,23,,,0,35,,1923,23,,,0,75,,1932,23,,,0,36,,1933,23,,,0,75,,1934,23,,,0,75,,1935,23,,,0,36,,1936,23,,,0,75,,1937,23,,,0,41,,1938,23,,,0,75,,1939,23,,,0,76,,1940,23,,,0,40,,1941,23,,,0,76,,1942,23,,,0,32,,1943,23,,,0,73,,1944,23,,,0,75,,1945,23,,,0,33,,1946,23,,,0,75,,1947,23,,,0,29,,1948,23,,,0,100,,1949,23,,,0,99,,1950,23,,,0
301,'5024',557,,1977,23,,,0,95,,1976,23,,,0,92,,1975,23,,,0,100,,1978,23,,,0,92,,1952,23,,,0,71,,1953,23,,,0,40,,1954,23,,,0,76,,1955,23,,,0,30,,1956,23,,,0,75,,1957,23,,,0,75,,1958,23,,,0,35,,1959,23,,,0,80,,1960,23,,,0,36,,1961,23,,,0,75,,1962,23,,,0,80,,1963,23,,,0,35,,1964,23,,,0,69,,1965,23,,,0,35,,1966,23,,,0,75,,1967,23,,,0,34,,1968,23,,,0,84,,1969,23,,,0,75,,1970,23,,,0,35,,1971,23,,,0,88,,1972,23,,,0,100,,1973,23,,,0
2400,'5022',1511,,2404,20,0,15 16 11 12,0
3101,'5021',816,,2443,14,,,0,208,,2440,14,,,0,220,,2437,14,,,0,110,,2441,14,,,0,154,,2439,14,,,0,115,,2442,14,,,0,109,,2438,14,,,0
3101,'5022',643,,2444,14,,,0,83,,2445,14,,,0,31,,2447,14,,,0,73,,2448,14,,,0,72,,2446,14,,,0,46,,2450,14,,,0,106,,2451,14,,,0,151,,2452,14,,,0,110,,2449,14,,,0,116,,2453,14,,,0,117,,2454,14,,,0,79,,2456,14,,,0,75,,2457,14,,,0,36,,2458,14,,,0,72,,2455,14,,,0,30,,2459,14,,,0,18,,2460,14,,,0
3101,'5024',815,,2464,14,,,0,104,,2463,14,,,0,103,,2461,14,,,0,112,,2468,14,,,0,110,,2469,14,,,0,110,,2462,14,,,0,156,,2467,14,,,0,115,,2465,14,,,0,109,,2466,14,,,0,108,,2470,14,,,0
1003101,'5021',921,,2792,17,,,0,214,,2791,17,,,0,75,,2785,17,,,0,110,,2787,17,,,0,110,,2788,17,,,0,114,,2789,17,,,0,115,,2790,17,,,0,150,,2786,17,,,0,109,,2793,17,,,0,115,,2794,17,,,0,99,,2795,17,,,0
1003101,'5022',713,,2796,17,,,0,31,,2797,17,,,0,73,,2798,17,,,0,32,,2799,17,,,0,72,,2800,17,,,0,101,,2801,17,,,0,110,,2802,17,,,0,110,,2803,17,,,0,110,,2804,17,,,0,158,,2805,17,,,0,100,,2806,17,,,0,38,,2807,17,,,0,74,,2808,17,,,0,34,,2809,17,,,0,70,,2810,17,,,0,91,,2811,17,,,0,90,,2812,17,,,0,121,,2813,17,,,0,109,,2814,17,,,0
1003101,'5024',849,,2820,17,,,0,105,,2826,17,,,0,146,,2815,17,,,0,111,,2816,17,,,0,110,,2817,17,,,0,111,,2819,17,,,0,115,,2824,17,,,0,154,,2822,17,,,0,109,,2821,17,,,0,109,,2818,17,,,0,115,,2823,17,,,0,100,,2825,17,,,0
