5201,'5014',707,,5387,16,,,0,96,,5388,16,,,0,114,,5389,16,,,0,103,,5390,16,,,0,110,,5391,16,,,0,100,,5392,16,,,0,110,,5393,16,,,0,100,,5394,16,,,0,105,,5395,16,,,0,100,,5396,16,,,0,106,,5382,16,,,0,95,,5383,16,,,0,111,,5384,16,,,0,100,,5385,16,,,0,170,,5386,16,,,0,132,,5381,16,,,0
5201,'5015',747,,5411,16,,,0,100,,5404,16,,,0,100,,5410,16,,,0,99,,5403,16,,,0,99,,5407,16,,,0,100,,5401,16,,,0,100,,5408,16,,,0,100,,5400,16,,,0,101,,5409,16,,,0,100,,5399,16,,,0,100,,5406,16,,,0,101,,5398,16,,,0,100,,5405,16,,,0,110,,5402,16,,,0,169,,5397,16,,,0,174,,5412,16,,,0
5201,'5221',847,,5423,16,,,0,100,,5421,16,,,0,100,,5414,16,,,0,100,,5413,16,,,0,100,,5416,16,,,0,100,,5417,16,,,0,100,,5415,16,,,0,100,,5418,16,,,0,100,,5419,16,,,0,100,,5420,16,,,0,110,,5422,16,,,0,99,,5424,16,,,0,90,,5425,16,,,0
5401,'5014',601,,5475,46,,,0,100,,5477,75,,,0,117,,5478,75,,,0,91,,5479,75,,,0,112,,5480,75,,,0,106,,5481,75,,,0,112,,5482,75,,,0,100,,5476,75,,,0,113,,5483,75,,,0,104,,5484,75,,,0,100,,5485,75,,,0,97,,5486,75,,,0,103,,5487,75,,,0,94,,5488,75,,,0,109,,5489,75,,,0,99,,5490,75,,,0,169,,5491,75,,,0
5401,'5015',749,,5508,46,,,0,99,,5507,75,,,0,103,,5499,75,,,0,101,,5505,75,,,0,102,,5498,75,,,0,100,,5504,75,,,0,100,,5496,75,,,0,100,,5503,75,,,0,100,,5495,75,,,0,99,,5502,75,,,0,98,,5494,75,,,0,100,,5501,75,,,0,99,,5493,75,,,0,99,,5500,75,,,0,109,,5492,75,,,0,172,,5497,75,,,0
5401,'5221',848,,5518,46,,,0,98,,5519,75,,,0,103,,5517,75,,,0,103,,5510,75,,,0,101,,5511,75,,,0,100,,5512,75,,,0,100,,5513,75,,,0,97,,5515,75,,,0,99,,5509,75,,,0,100,,5514,75,,,0,99,,5516,75,,,0,108,,5520,75,,,0,100,,5521,75,,,0
5801,'5014',557,,5654,18,,,0,94,,5650,29,,,0,174,,5651,29,,,0,123,,5652,29,,,0,101,,5653,29,,,0,101,,5643,29,,,0,101,,5644,29,,,0,101,,5645,29,,,0,104,,5646,29,,,0,99,,5647,29,,,0,97,,5648,29,,,0,98,,5649,29,,,0,98,,5641,29,,,0,159,,5642,29,,,0,129,,5640,29,,,0
5801,'5015',816,,5667,29,,,0,120,,5663,29,,,0,100,,5662,29,,,0,100,,5666,29,,,0,100,,5658,29,,,0,100,,5657,29,,,0,100,,5661,29,,,0,100,,5665,29,,,0,100,,5664,29,,,0,100,,5660,29,,,0,100,,5656,29,,,0,170,,5655,29,,,0,130,,5659,29,,,0,100,,5668,29,,,0
5801,'5221',816,,5679,29,,,0,120,,5675,29,,,0,100,,5669,29,,,0,100,,5677,29,,,0,100,,5670,29,,,0,100,,5671,29,,,0,100,,5672,29,,,0,100,,5678,29,,,0,100,,5673,29,,,0,100,,5674,29,,,0,100,,5676,29,,,0,95,,5680,29,,,0,100,,5681,29,,,0
5900,'5014',1626,,5682,13,,,0,95,,5683,13,,,0
5901,'5014',653,,5685,20,,,0,100,,5684,20,,,0
