300,'5021',628,,1838,2,,,0,95,,1839,2,,,0,88,,1852,2,,,0,92,,1841,2,,,0,50,,1842,2,,,0,97,,1843,2,,,0,94,,1840,2,,,0,99,,1844,2,,,0,101,,1845,2,,,0,100,,1846,2,,,0,100,,1847,2,,,0,104,,1848,2,,,0,100,,1849,2,,,0,96,,1850,2,,,0,100,,1851,2,,,0
300,'5022',544,,1854,2,,,0,70,,1855,2,,,0,28,,1856,2,,,0,74,,1857,2,,,0,33,,1858,2,,,0,74,,1859,2,,,0,34,,1860,2,,,0,76,,1861,2,,,0,74,,1862,2,,,0,35,,1853,2,,,0,74,,1863,2,,,0,34,,1864,2,,,0,75,,1865,2,,,0,75,,1866,2,,,0,40,,1867,2,,,0,71,,1868,2,,,0,36,,1869,2,,,0,81,,1870,2,,,0,76,,1871,2,,,0,33,,1872,2,,,0,79,,1873,2,,,0,38,,1874,2,,,0,77,,1876,2,,,0,76,,1875,2,,,0,30,,1877,2,,,0,102,,1878,2,,,0,102,,1879,2,,,0,104,,1880,2,,,0
300,'5024',559,,1905,2,,,0,90,,1904,2,,,0,98,,1906,2,,,0,87,,1881,2,,,0,67,,1882,2,,,0,40,,1883,2,,,0,75,,1885,2,,,0,29,,1886,2,,,0,75,,1887,2,,,0,35,,1884,2,,,0,73,,1888,2,,,0,79,,1889,2,,,0,35,,1890,2,,,0,75,,1891,2,,,0,41,,1892,2,,,0,75,,1893,2,,,0,71,,1894,2,,,0,36,,1895,2,,,0,76,,1896,2,,,0,36,,1897,2,,,0,86,,1898,2,,,0,75,,1899,2,,,0,36,,1900,2,,,0,90,,1901,2,,,0,102,,1902,2,,,0,101,,1903,2,,,0
500,'5021',636,,2029,2,,,0,102,,2030,2,,,0,96,,2031,2,,,0,92,,2043,2,,,0,96,,2032,2,,,0,90,,2033,2,,,0,102,,2035,2,,,0,96,,2036,2,,,0,101,,2037,2,,,0,102,,2034,2,,,0,100,,2038,2,,,0,97,,2039,2,,,0,104,,2040,2,,,0,95,,2041,2,,,0,93,,2042,2,,,0
500,'5022',609,,2044,2,,,0,43,,2045,2,,,0,77,,2046,2,,,0,75,,2047,2,,,0,35,,2048,2,,,0,75,,2049,2,,,0,35,,2050,2,,,0,75,,2051,2,,,0,35,,2052,2,,,0,76,,2053,2,,,0,76,,2054,2,,,0,37,,2055,2,,,0,75,,2056,2,,,0,36,,2057,2,,,0,76,,2058,2,,,0,83,,2059,2,,,0,32,,2060,2,,,0,76,,2061,2,,,0,81,,2062,2,,,0,35,,2063,2,,,0,72,,2064,2,,,0,30,,2065,2,,,0,74,,2066,2,,,0,33,,2067,2,,,0,75,,2068,2,,,0,29,,2069,2,,,0,99,,2070,2,,,0,99,,2071,2,,,0
500,'5024',612,,2096,2,,,0,95,,2095,2,,,0,52,,2094,2,,,0,141,,2097,2,,,0,52,,2072,2,,,0,73,,2073,2,,,0,80,,2074,2,,,0,37,,2075,2,,,0,70,,2077,2,,,0,35,,2078,2,,,0,75,,2079,2,,,0,35,,2076,2,,,0,80,,2080,2,,,0,77,,2081,2,,,0,35,,2082,2,,,0,80,,2083,2,,,0,75,,2084,2,,,0,28,,2085,2,,,0,75,,2086,2,,,0,34,,2087,2,,,0,73,,2088,2,,,0,43,,2089,2,,,0,75,,2090,2,,,0,75,,2091,2,,,0,48,,2092,2,,,0,99,,2093,2,,,0
1701,'5022',647,,2334,30,,,0,75,,2335,30,,,0,95,,2336,30,,,0,725,,2330,30,,,0,86,,2331,30,,,0,85,,2332,30,,,0,41,,2333,30,,,0,84,,2329,30,,,0
2100,'5021',852,,2344,21,,,0,100,,2345,21,,,0,173,,2337,21,,,0,131,,2339,21,,,0,170,,2338,21,,,0,177,,2340,21,,,0,128,,2341,21,,,0,169,,2342,21,,,0,130,,2343,21,,,0
2100,'5022',651,,2357,21,,,0,86,,2353,21,,,0,84,,2354,21,,,0,91,,2355,21,,,0,45,,2356,21,,,0,78,,2358,21,,,0,95,,2352,21,,,0,128,,2350,21,,,0,169,,2351,21,,,0,285,,2349,21,,,0,45,,2347,21,,,0,144,,2348,21,,,0,120,,2346,21,,,0
2100,'5024',815,,2366,21,,,0,131,,2368,21,,,0,180,,2367,21,,,0,182,,2362,21,,,0,117,,2363,21,,,0,104,,2364,21,,,0,99,,2365,21,,,0,100,,2360,21,,,0,174,,2361,21,,,0,133,,2359,21,,,0
2400,'5022',1443,,2404,9,,,0
1002100,'5022',1540,,2736,26,,,0,75,,2737,26,,,0
