601,'5021',610,,4995,4,,0,111,,4996,4,,0,108,,4997,4,,0,105,,4998,4,,0,86,,5000,4,,0,103,,5001,4,,0,90,,5002,4,,0,101,,4999,4,,0,100,,5003,4,,0,100,,5004,4,,0,100,,5005,4,,0,98,,5006,4,,0,104,,5007,4,,0,119,,5008,4,,0,109,,5009,4,,0
601,'5022',614,,5020,4,,0,40,,5021,4,,0,79,,5023,4,,0,80,,5024,4,,0,40,,5025,4,,0,83,,5022,4,,0,74,,5026,4,,0,118,,5027,4,,0,121,,5028,4,,0,166,,5029,4,,0,89,,5030,4,,0,39,,5012,4,,0,88,,5013,4,,0,83,,5014,4,,0,36,,5016,4,,0,85,,5017,4,,0,82,,5018,4,,0,99,,5015,4,,0,108,,5019,4,,0,112,,5010,4,,0,108,,5011,4,,0
601,'5024',615,,5033,4,,0,100,,5034,4,,0,103,,5032,4,,0,97,,5035,4,,0,102,,5036,4,,0,100,,5037,4,,0,96,,5038,4,,0,102,,5039,4,,0,100,,5040,4,,0,99,,5041,4,,0,99,,5042,4,,0,99,,5043,4,,0,105,,5044,4,,0,103,,5045,4,,0,95,,5046,4,,0,107,,5047,4,,0,114,,5048,4,,0,110,,5031,4,,0
1701,'5022',653,,5164,4,,0,77,,5165,4,,0,96,,5166,4,,0,728,,5160,4,,0,85,,5161,4,,0,84,,5162,4,,0,81,,5163,4,,0,42,,5159,4,,0
2100,'5021',900,,5174,4,,0,100,,5175,4,,0,134,,5167,4,,0,171,,5169,4,,0,131,,5168,4,,0,176,,5170,4,,0,128,,5171,4,,0,167,,5172,4,,0,130,,5173,4,,0
2100,'5022',657,,5187,4,,0,89,,5183,4,,0,84,,5184,4,,0,92,,5185,4,,0,85,,5186,4,,0,38,,5188,4,,0,95,,5182,4,,0,169,,5180,4,,0,129,,5181,4,,0,285,,5179,4,,0,84,,5177,4,,0,102,,5178,4,,0,120,,5176,4,,0
2100,'5024',822,,5196,4,,0,133,,5198,4,,0,181,,5197,4,,0,182,,5192,4,,0,117,,5193,4,,0,104,,5194,4,,0,99,,5195,4,,0,99,,5190,4,,0,173,,5191,4,,0,132,,5189,4,,0
2201,'5022',816,,5232,4,,0,695,,5233,4,,0
3101,'5021',819,,5273,4,,0,209,,5270,4,,0,220,,5267,4,,0,110,,5271,4,,0,154,,5269,4,,0,115,,5272,4,,0,109,,5268,4,,0
3101,'5022',646,,5274,4,,0,83,,5275,4,,0,72,,5277,4,,0,33,,5278,4,,0,72,,5276,4,,0,46,,5280,4,,0,106,,5281,4,,0,151,,5282,4,,0,110,,5279,4,,0,116,,5283,4,,0,118,,5284,4,,0,78,,5286,4,,0,75,,5287,4,,0,36,,5288,4,,0,72,,5285,4,,0,30,,5289,4,,0,58,,5290,4,,0
3101,'5024',819,,5294,4,,0,104,,5293,4,,0,103,,5291,4,,0,112,,5298,4,,0,110,,5299,4,,0,110,,5292,4,,0,156,,5297,4,,0,115,,5295,4,,0,109,,5296,4,,0,108,,5300,4,,0
1002100,'5022',1551,,5566,4,,0,75,,5567,4,,0
1003101,'5021',924,,5622,4,,0,215,,5621,4,,0,75,,5615,4,,0,110,,5617,4,,0,110,,5618,4,,0,114,,5619,4,,0,155,,5620,4,,0,110,,5616,4,,0,109,,5623,4,,0,115,,5624,4,,0,98,,5625,4,,0
1003101,'5022',716,,5626,4,,0,32,,5627,4,,0,73,,5628,4,,0,32,,5629,4,,0,72,,5630,4,,0,101,,5631,4,,0,110,,5632,4,,0,110,,5633,4,,0,110,,5634,4,,0,159,,5635,4,,0,99,,5636,4,,0,38,,5637,4,,0,74,,5638,4,,0,74,,5639,4,,0,30,,5640,4,,0,91,,5641,4,,0,90,,5642,4,,0,121,,5643,4,,0,108,,5644,4,,0
1003101,'5024',853,,5650,4,,0,105,,5656,4,,0,146,,5645,4,,0,111,,5646,4,,0,110,,5647,4,,0,111,,5649,4,,0,115,,5654,4,,0,154,,5652,4,,0,109,,5651,4,,0,109,,5648,4,,0,115,,5653,4,,0,100,,5655,4,,0
