100,'5014',528,,3815,17,,,0,31,,3816,17,,,0,70,,3814,17,,,0,20,,3818,17,,,0,61,,3819,17,,,0,20,,3817,17,,,0,17,,3820,17,,,0,60,,3821,17,,,0,16,,3822,17,,,0,17,,3823,17,,,0,15,,3824,17,,,0,56,,3826,17,,,0,18,,3825,17,,,0,16,,3827,17,,,0,59,,3828,17,,,0,19,,3829,17,,,0,20,,3830,17,,,0,62,,3831,17,,,0,22,,3832,17,,,0,26,,3833,17,,,0,64,,3835,17,,,0,22,,3834,17,,,0,62,,3836,17,,,0,24,,3837,17,,,0,23,,3839,17,,,0,61,,3838,17,,,0,23,,3840,17,,,0,22,,3841,17,,,0,66,,3842,17,,,0,16,,3843,17,,,0,15,,3844,17,,,0,55,,3845,17,,,0,15,,3846,17,,,0,15,,3847,17,,,0,15,,3848,17,,,0,55,,3849,17,,,0,13,,3850,17,,,0,14,,3851,17,,,0,14,,3852,17,,,0,55,,3853,17,,,0,15,,3854,17,,,0,20,,3855,17,,,0,20,,3856,17,,,0,64,,3857,17,,,0,23,,3864,17,,,0,64,,3858,17,,,0,25,,3859,17,,,0,23,,3860,17,,,0,65,,3865,17,,,0,25,,3861,17,,,0,66,,3862,17,,,0,30,,3863,17,,,0
100,'5015',611,,3866,17,,,0,32,,3867,17,,,0,70,,3868,17,,,0,30,,3869,17,,,0,75,,3870,17,,,0,35,,3871,17,,,0,77,,3872,17,,,0,72,,3874,17,,,0,36,,3875,17,,,0,77,,3873,17,,,0,31,,3876,17,,,0,70,,3877,17,,,0,30,,3878,17,,,0,71,,3879,17,,,0,30,,3880,17,,,0,70,,3881,17,,,0,30,,3882,17,,,0,70,,3883,17,,,0,30,,3884,17,,,0,70,,3885,17,,,0,30,,3886,17,,,0,69,,3887,17,,,0,24,,3888,17,,,0,70,,3889,17,,,0,30,,3890,17,,,0,75,,3891,17,,,0,34,,3892,17,,,0,74,,3893,17,,,0,35,,3894,17,,,0,75,,3895,17,,,0,75,,3896,17,,,0,34,,3897,17,,,0
100,'5221',617,,3898,17,,,0,41,,3899,17,,,0,80,,3900,17,,,0,80,,3901,17,,,0,40,,3902,17,,,0,90,,3903,17,,,0,87,,3904,17,,,0,80,,3905,17,,,0,44,,3906,17,,,0,78,,3919,17,,,0,80,,3907,17,,,0,40,,3908,17,,,0,81,,3909,17,,,0,80,,3910,17,,,0,40,,3911,17,,,0,80,,3912,17,,,0,79,,3913,17,,,0,40,,3914,17,,,0,80,,3915,17,,,0,77,,3916,17,,,0,39,,3917,17,,,0,76,,3918,17,,,0,85,,3920,17,,,0,95,,3921,17,,,0
200,'5014',547,,4026,22,,,0,74,,4027,22,,,0,29,,4028,22,,,0,71,,4029,22,,,0,16,,4030,22,,,0,15,,4031,22,,,0,63,,4032,22,,,0,16,,4033,22,,,0,17,,4034,22,,,0,61,,4035,22,,,0,20,,4036,22,,,0,23,,4037,22,,,0,61,,4038,22,,,0,21,,4039,22,,,0,22,,4040,22,,,0,63,,4041,22,,,0,23,,4042,22,,,0,62,,4043,22,,,0,23,,4044,22,,,0,22,,4045,22,,,0,61,,4046,22,,,0,23,,4047,22,,,0,26,,4048,22,,,0,66,,4049,22,,,0,20,,4050,22,,,0,66,,4051,22,,,0,18,,4052,22,,,0,15,,4053,22,,,0,56,,4054,22,,,0,15,,4055,22,,,0,14,,4056,22,,,0,15,,4057,22,,,0,15,,4058,22,,,0,54,,4059,22,,,0,15,,4060,22,,,0,14,,4061,22,,,0,15,,4062,22,,,0,58,,4063,22,,,0,20,,4064,22,,,0,20,,4065,22,,,0,60,,4066,22,,,0,19,,4067,22,,,0,20,,4073,22,,,0,69,,4068,22,,,0,24,,4069,22,,,0,65,,4070,22,,,0,23,,4074,22,,,0,23,,4071,22,,,0,69,,4072,22,,,0
200,'5015',621,,4075,22,,,0,35,,4076,22,,,0,75,,4077,22,,,0,71,,4078,22,,,0,33,,4079,22,,,0,71,,4080,22,,,0,36,,4081,22,,,0,84,,4082,22,,,0,75,,4083,22,,,0,33,,4084,22,,,0,70,,4086,22,,,0,30,,4087,22,,,0,68,,4088,22,,,0,30,,4085,22,,,0,70,,4089,22,,,0,30,,4090,22,,,0,70,,4091,22,,,0,29,,4092,22,,,0,70,,4093,22,,,0,30,,4095,22,,,0,69,,4096,22,,,0,30,,4094,22,,,0,28,,4097,22,,,0,67,,4098,22,,,0,29,,4099,22,,,0,76,,4100,22,,,0,78,,4101,22,,,0,35,,4102,22,,,0,75,,4103,22,,,0,34,,4104,22,,,0,74,,4105,22,,,0
200,'5221',620,,4106,22,,,0,35,,4107,22,,,0,81,,4108,22,,,0,86,,4109,22,,,0,80,,4110,22,,,0,42,,4111,22,,,0,82,,4112,22,,,0,95,,4113,22,,,0,89,,4114,22,,,0,46,,4115,22,,,0,81,,4116,22,,,0,80,,4117,22,,,0,40,,4118,22,,,0,80,,4119,22,,,0,80,,4120,22,,,0,40,,4121,22,,,0,79,,4122,22,,,0,80,,4123,22,,,0,39,,4124,22,,,0,79,,4125,22,,,0,80,,4126,22,,,0,40,,4128,22,,,0,78,,4127,22,,,0
200,'5357',2436,,4129,22,,,0
1701,'5014',648,,4730,34,,,0,76,,4731,34,,,0,92,,4732,34,,,0,727,,4726,34,,,0,88,,4727,34,,,0,85,,4728,34,,,0,40,,4729,34,,,0,84,,4725,34,,,0
2100,'5014',653,,4744,25,,,0,87,,4740,25,,,0,84,,4741,25,,,0,96,,4742,25,,,0,85,,4743,25,,,0,33,,4745,25,,,0,99,,4739,25,,,0,165,,4737,25,,,0,132,,4738,25,,,0,282,,4736,25,,,0,84,,4734,25,,,0,103,,4735,25,,,0,120,,4733,25,,,0
2100,'5015',817,,4753,25,,,0,134,,4755,25,,,0,179,,4754,25,,,0,183,,4749,25,,,0,118,,4750,25,,,0,103,,4751,25,,,0,98,,4752,25,,,0,99,,4747,25,,,0,175,,4748,25,,,0,133,,4746,25,,,0
2100,'5221',855,,4763,25,,,0,100,,4764,25,,,0,175,,4756,25,,,0,172,,4758,25,,,0,133,,4757,25,,,0,173,,4759,25,,,0,129,,4760,25,,,0,170,,4761,25,,,0,129,,4762,25,,,0
1002100,'5014',1538,,6120,30,,,0,80,,6121,30,,,0
