6600,'5328',943,,5769,4,4,,0,69,,5768,4,4,,0,10,,5767,4,4,,0
6600,'5360',943,,5776,4,4,,0,69,,5775,4,4,,0,10,,5774,4,4,,0
6601,'5328',1730,,5859,1,,,0,20,,5860,1,,,0,60,,5858,1,,,0
6601,'5360',1730,,5861,1,,,0,20,,5862,1,,,0,60,,5863,1,,,0
74700,'5328',950,,5937,1,,,0,65,,5933,1,,,0,15,,5932,1,,,0,80,,5936,1,,,0,25,,5934,1,,,0,65,,5939,1,,,0,25,,5935,1,,,0,90,,5940,1,,,0,135,,5938,1,,,0,65,,5942,1,,,0,25,,5941,1,,,0,65,,5944,1,,,0,25,,5943,1,,,0,25,,5945,1,,,0
74700,'5360',950,,5958,1,,,0,65,,5953,1,,,0,15,,5947,1,,,0,80,,5957,1,,,0,25,,5955,1,,,0,65,,5956,1,,,0,25,,5954,1,,,0,90,,5959,1,,,0,135,,5946,1,,,0,65,,5948,1,,,0,25,,5950,1,,,0,65,,5951,1,,,0,25,,5949,1,,,0,25,,5952,1,,,0
74701,'5328',1107,,5965,5,4,,0,25,,5961,5,4,,0,25,,5960,5,4,,0,66,,5966,5,4,,0,25,,5962,5,4,,0,65,,5964,5,4,,0,134,,5963,5,4,,0,90,,5968,5,4,,0,65,,5967,5,4,,0,24,,5969,5,4,,0,25,,5970,5,4,,0,75,,5973,5,4,,0,19,,5972,5,4,,0,60,,5971,5,4,,0
74701,'5360',1107,,5985,5,4,,0,25,,5982,5,4,,0,25,,5977,5,4,,0,66,,5987,5,4,,0,25,,5983,5,4,,0,65,,5986,5,4,,0,134,,5974,5,4,,0,90,,5976,5,4,,0,65,,5975,5,4,,0,24,,5979,5,4,,0,25,,5978,5,4,,0,75,,5980,5,4,,0,19,,5981,5,4,,0,60,,5984,5,4,,0
1002100,'5014',1525,,6120,17,,,0,79,,6121,17,,,0
1002101,'5014',735,,6122,19,,,0
