200,'5021',625,,1628,33,,,0,75,,1629,33,,,0,41,,1630,33,,,0,86,,1631,33,,,0,81,,1632,33,,,0,43,,1633,33,,,0,82,,1634,33,,,0,96,,1635,33,,,0,90,,1636,33,,,0,86,,1637,33,,,0,41,,1638,33,,,0,80,,1639,33,,,0,80,,1640,33,,,0,40,,1641,33,,,0,80,,1642,33,,,0,80,,1643,33,,,0,38,,1644,33,,,0,80,,1645,33,,,0,79,,1646,33,,,0,38,,1647,33,,,0,79,,1648,33,,,0,80,,1650,33,,,0,38,,1649,33,,,0
200,'5022',552,,1651,33,,,0,76,,1652,33,,,0,28,,1653,33,,,0,72,,1654,33,,,0,18,,1655,33,,,0,55,,1656,33,,,0,29,,1657,33,,,0,12,,1658,33,,,0,15,,1659,33,,,0,60,,1660,33,,,0,21,,1661,33,,,0,62,,1662,33,,,0,21,,1663,33,,,0,23,,1664,33,,,0,62,,1665,33,,,0,23,,1666,33,,,0,22,,1667,33,,,0,62,,1668,33,,,0,23,,1669,33,,,0,22,,1670,33,,,0,61,,1671,33,,,0,23,,1672,33,,,0,66,,1673,33,,,0,28,,1674,33,,,0,65,,1675,33,,,0,22,,1676,33,,,0,16,,1677,33,,,0,16,,1678,33,,,0,56,,1679,33,,,0,14,,1680,33,,,0,15,,1681,33,,,0,14,,1682,33,,,0,55,,1683,33,,,0,15,,1684,33,,,0,15,,1685,33,,,0,14,,1686,33,,,0,55,,1687,33,,,0,21,,1688,33,,,0,14,,1689,33,,,0,60,,1690,33,,,0,19,,1691,33,,,0,20,,1692,33,,,0,59,,1698,33,,,0,28,,1693,33,,,0,23,,1694,33,,,0,64,,1695,33,,,0,24,,1699,33,,,0,63,,1696,33,,,0,30,,1697,33,,,0
200,'5024',626,,1700,33,,,0,75,,1701,33,,,0,35,,1702,33,,,0,72,,1703,33,,,0,33,,1704,33,,,0,71,,1705,33,,,0,37,,1706,33,,,0,84,,1707,33,,,0,76,,1708,33,,,0,33,,1709,33,,,0,71,,1711,33,,,0,30,,1712,33,,,0,68,,1713,33,,,0,30,,1710,33,,,0,70,,1714,33,,,0,30,,1715,33,,,0,70,,1716,33,,,0,29,,1717,33,,,0,70,,1718,33,,,0,30,,1720,33,,,0,69,,1721,33,,,0,29,,1719,33,,,0,68,,1722,33,,,0,27,,1723,33,,,0,68,,1724,33,,,0,35,,1725,33,,,0,78,,1726,33,,,0,35,,1727,33,,,0,75,,1728,33,,,0,34,,1729,33,,,0,73,,1730,33,,,0
501,'5021',619,,2099,5,,,0,95,,2098,5,,,0,87,,2112,5,,,0,52,,2100,5,,,0,90,,2101,5,,,0,96,,2102,5,,,0,94,,2103,5,,,0,99,,2104,5,,,0,100,,2106,5,,,0,100,,2107,5,,,0,100,,2108,5,,,0,104,,2105,5,,,0,100,,2109,5,,,0,97,,2110,5,,,0,100,,2111,5,,,0
501,'5022',605,,2113,5,,,0,26,,2114,5,,,0,74,,2115,5,,,0,32,,2116,5,,,0,73,,2117,5,,,0,35,,2119,5,,,0,77,,2118,5,,,0,34,,2120,5,,,0,75,,2121,5,,,0,73,,2122,5,,,0,34,,2123,5,,,0,75,,2124,5,,,0,35,,2125,5,,,0,79,,2126,5,,,0,30,,2127,5,,,0,73,,2128,5,,,0,85,,2129,5,,,0,36,,2130,5,,,0,73,,2131,5,,,0,79,,2132,5,,,0,39,,2133,5,,,0,77,,2134,5,,,0,36,,2135,5,,,0,71,,2136,5,,,0,102,,2137,5,,,0,102,,2138,5,,,0,106,,2139,5,,,0
501,'5024',640,,2163,5,,,0,98,,2164,5,,,0,86,,2142,5,,,0,27,,2143,5,,,0,80,,2140,5,,,0,74,,2141,5,,,0,29,,2144,5,,,0,75,,2145,5,,,0,35,,2146,5,,,0,73,,2147,5,,,0,38,,2148,5,,,0,75,,2149,5,,,0,75,,2150,5,,,0,41,,2151,5,,,0,75,,2152,5,,,0,31,,2153,5,,,0,76,,2154,5,,,0,76,,2155,5,,,0,36,,2156,5,,,0,86,,2157,5,,,0,76,,2158,5,,,0,36,,2160,5,,,0,91,,2161,5,,,0,102,,2162,5,,,0,101,,2159,5,,,0
900,'5024',1650,,2287,5,0,13 14,0
1201,'5022',704,,2312,5,,,0,40,,2313,5,,,0,86,,2314,5,,,0,76,,2309,5,,,0,115,,2310,5,,,0,119,,2311,5,,,0,165,,2304,5,,,0,126,,2306,5,,,0,171,,2307,5,,,0,42,,2308,5,,,0,85,,2305,5,,,0
2400,'5022',1432,,2404,5,,,0
2600,'5022',1428,,2406,5,0,13 14 11 12,0
2601,'5022',716,,2407,5,0,13 14 11 12,0
