201,'5021',616,,4561,,,0,40,,4562,,,0,79,,4563,,,0,80,,4564,,,0,86,,4565,,,0,46,,4566,,,0,79,,4567,,,0,82,,4568,,,0,37,,4581,,,0,80,,4569,,,0,79,,4570,,,0,38,,4571,,,0,80,,4572,,,0,80,,4573,,,0,40,,4574,,,0,80,,4575,,,0,80,,4576,,,0,41,,4578,,,0,79,,4577,,,0,80,,4579,,,0,39,,4580,,,0,85,,4583,,,0,99,,4582,,,0
201,'5022',512,,4584,,,0,35,,4585,,,0,80,,4586,,,0,75,,4587,,,0,17,,4588,,,0,15,,4589,,,0,15,,4590,,,0,56,,4591,,,0,18,,4592,,,0,18,,4593,,,0,17,,4594,,,0,60,,4595,,,0,17,,4596,,,0,20,,4597,,,0,61,,4598,,,0,21,,4599,,,0,63,,4600,,,0,26,,4601,,,0,21,,4602,,,0,62,,4603,,,0,22,,4604,,,0,23,,4605,,,0,62,,4606,,,0,23,,4607,,,0,20,,4608,,,0,63,,4609,,,0,15,,4610,,,0,5,,4635,4,,0,10,,4611,4,,0,2,,4612,,,0,56,,4613,,,0,14,,4614,,,0,18,,4615,,,0,14,,4616,,,0,54,,4618,,,0,13,,4617,,,0,14,,4619,,,0,15,,4620,,,0,55,,4621,,,0,16,,4622,,,0,22,,4623,,,0,61,,4624,,,0,25,,4625,,,0,24,,4633,,,0,65,,4626,,,0,25,,4627,,,0,64,,4628,,,0,27,,4634,,,0,64,,4629,,,0,29,,4630,,,0,72,,4631,,,0,34,,4632,,,0
201,'5024',600,,4637,,,0,31,,4638,,,0,28,,4639,,,0,75,,4640,,,0,75,,4641,,,0,34,,4636,,,0,71,,4642,,,0,34,,4643,,,0,77,,4644,,,0,30,,4645,,,0,70,,4646,,,0,29,,4647,,,0,70,,4649,,,0,28,,4650,,,0,69,,4651,,,0,29,,4648,,,0,70,,4652,,,0,30,,4653,,,0,70,,4654,,,0,31,,4655,,,0,70,,4656,,,0,26,,4657,,,0,70,,4658,,,0,30,,4660,,,0,76,,4661,,,0,36,,4662,,,0,76,,4659,,,0,76,,4663,,,0,37,,4665,,,0,75,,4664,,,0,35,,4666,,,0,76,,4667,,,0
301,'5021',626,,4740,,,0,101,,4741,,,0,96,,4743,,,0,91,,4752,,,0,96,,4738,,,0,90,,4744,,,0,101,,4745,,,0,56,,4742,,,0,101,,4746,,,0,101,,4747,,,0,100,,4748,,,0,98,,4749,,,0,144,,4750,,,0,56,,4751,,,0,93,,4737,,,0
301,'5022',559,,4754,,,0,83,,4755,,,0,76,,4756,,,0,33,,4757,,,0,75,,4758,,,0,75,,4759,,,0,35,,4760,,,0,75,,4761,,,0,35,,4753,,,0,76,,4762,,,0,36,,4763,,,0,75,,4764,,,0,75,,4765,,,0,36,,4766,,,0,75,,4767,,,0,82,,4768,,,0,34,,4769,,,0,76,,4770,,,0,41,,4771,,,0,75,,4772,,,0,32,,4773,,,0,72,,4774,,,0,75,,4775,,,0,33,,4776,,,0,75,,4777,,,0,29,,4778,,,0,100,,4779,,,0,99,,4780,,,0
301,'5024',601,,4807,,,0,55,,4806,,,0,92,,4805,,,0,100,,4808,,,0,92,,4782,,,0,71,,4783,,,0,40,,4784,,,0,77,,4785,,,0,30,,4786,,,0,75,,4787,,,0,75,,4788,,,0,35,,4789,,,0,80,,4790,,,0,36,,4791,,,0,75,,4792,,,0,80,,4793,,,0,35,,4794,,,0,69,,4795,,,0,35,,4796,,,0,74,,4797,,,0,74,,4798,,,0,44,,4799,,,0,75,,4800,,,0,35,,4801,,,0,88,,4802,,,0,100,,4803,,,0
601,'5021',545,,4995,,,0,110,,4996,,,0,145,,4997,,,0,105,,4998,,,0,45,,5000,,,0,100,,5001,,,0,90,,5002,,,0,100,,4999,,,0,100,,5003,,,0,100,,5004,,,0,100,,5005,,,0,100,,5006,,,0,105,,5007,,,0,160,,5008,,,0,110,,5009,,,0
601,'5022',544,,5020,,,0,78,,5021,,,0,37,,5023,,,0,76,,5024,,,0,80,,5025,,,0,85,,5022,,,0,35,,5026,,,0,115,,5027,,,0,160,,5028,,,0,125,,5029,,,0,83,,5030,,,0,87,,5012,,,0,48,,5013,,,0,82,,5014,,,0,80,,5016,,,0,85,,5017,,,0,43,,5018,,,0,102,,5015,,,0,110,,5019,,,0,155,,5010,,,0,110,,5011,,,0
601,'5024',550,,5033,,,0,100,,5034,,,0,100,,5032,,,0,95,,5035,,,0,100,,5036,,,0,100,,5037,,,0,95,,5038,,,0,100,,5039,,,0,100,,5040,,,0,100,,5041,,,0,100,,5042,,,0,100,,5043,,,0,105,,5044,,,0,105,,5045,,,0,95,,5046,,,0,110,,5047,,,0,155,,5048,,,0,110,,5031,,,0
2400,'5022',1430,,5234,0,15 16 11 12,0
2401,'5022',735,,5235,0,15 16 11 12,0
