300,'5014',607,,4236,34,,,0,35,,4237,34,,,0,70,,4238,34,,,0,34,,4239,34,,,0,74,,4240,34,,,0,35,,4241,34,,,0,75,,4242,34,,,0,75,,4243,34,,,0,34,,4244,34,,,0,75,,4235,34,,,0,35,,4245,34,,,0,75,,4246,34,,,0,35,,4247,34,,,0,75,,4248,34,,,0,80,,4249,34,,,0,35,,4250,34,,,0,75,,4251,34,,,0,80,,4252,34,,,0,37,,4253,34,,,0,73,,4254,34,,,0,36,,4255,34,,,0,75,,4256,34,,,0,76,,4258,34,,,0,35,,4257,34,,,0,70,,4259,34,,,0,100,,4260,34,,,0,102,,4261,34,,,0,100,,4262,34,,,0
300,'5015',623,,4287,34,,,0,90,,4286,34,,,0,99,,4288,34,,,0,89,,4263,34,,,0,29,,4264,34,,,0,80,,4265,34,,,0,35,,4267,34,,,0,70,,4268,34,,,0,35,,4269,34,,,0,75,,4266,34,,,0,75,,4270,34,,,0,40,,4271,34,,,0,75,,4272,34,,,0,35,,4273,34,,,0,81,,4274,34,,,0,75,,4275,34,,,0,30,,4276,34,,,0,75,,4277,34,,,0,35,,4278,34,,,0,75,,4279,34,,,0,86,,4280,34,,,0,35,,4281,34,,,0,75,,4282,34,,,0,90,,4283,34,,,0,101,,4284,34,,,0,100,,4285,34,,,0
300,'5221',653,,4289,34,,,0,95,,4290,34,,,0,89,,4303,34,,,0,94,,4292,34,,,0,90,,4293,34,,,0,99,,4294,34,,,0,95,,4291,34,,,0,100,,4295,34,,,0,101,,4296,34,,,0,100,,4297,34,,,0,100,,4298,34,,,0,104,,4299,34,,,0,96,,4300,34,,,0,96,,4301,34,,,0,100,,4302,34,,,0
700,'5014',618,,4620,6,0,22 23,0,216,,4621,6,0,22 23,0,200,,4622,6,0,22 23,0,200,,4623,6,0,22 23,0,200,,4618,6,0,22 23,0,200,,4619,6,0,22 23,0,200,,4617,6,0,22 23,0,199,,4615,6,0,22 23,0,270,,4616,6,0,22 23,0
700,'5015',533,,4624,14,0,22 23,0,100,,4625,14,0,22 23,0,200,,4626,14,0,22 23,0,200,,4627,14,0,22 23,0,201,,4628,14,0,22 23,0,200,,4629,14,0,22 23,0,200,,4630,14,0,22 23,0,199,,4631,6,0,22 23,0,200,,4632,14,0,22 23,0,270,,4633,6,0,22 23,0
700,'5221',533,,4641,6,0,22 23,0,100,,4635,6,0,22 23,0,200,,4634,6,0,22 23,0,200,,4636,6,0,22 23,0,201,,4637,6,0,22 23,0,200,,4638,6,0,22 23,0,200,,4639,6,0,22 23,0,199,,4640,6,0,22 23,0
1600,'5014',738,,4724,6,0,24,0,165,,4722,6,0,24,0,641,,4723,6,0,24,0,85,,4721,6,0,24,0
1000700,'5014',734,,6102,6,0,24,0,200,,6103,6,0,24,0,200,,6104,6,0,24,0,200,,6096,6,0,24,0,200,,6099,6,0,24,0,70,,6100,6,0,24,0,130,,6101,6,0,24,0,199,,6097,6,0,24,0,200,,6098,6,0,24,0
1000700,'5015',733,,6105,14,0,24,0,200,,6106,14,0,24,0,201,,6107,14,0,24,0,200,,6108,14,0,24,0,200,,6109,6,0,24,0,200,,6110,14,0,24,0,199,,6111,14,0,24,0,200,,6112,14,0,24,0
1000700,'5221',733,,6114,6,0,24,0,200,,6113,6,0,24,0,201,,6115,6,0,24,0,200,,6117,6,0,24,0,200,,6116,6,0,24,0,200,,6118,6,0,24,0,199,,6119,6,0,24,0
