'4428',300,70000,4,'',0,5500,4,'',0,9000,4,'',0,9500,4,'',0,9000,4,'',0,10000,4,'',0,9500,4,'',0,10000,4,'',0,10100,4,'',0,9900,4,'',0,10000,4,'',0,10400,4,'',0,9600,4,'',0,9500,4,'',0,10000,4,'',0
'4428',301,60000,,'',0,10000,,'',0,5500,,'',0,9000,,'',0,9500,,'',0,9000,,'',0,10000,,'',0,9500,,'',0,10000,,'',0,10100,,'',0,9900,,'',0,10000,,'',0,10400,,'',0,9600,,'',0,9500,,'',0,10000,0,'Montrose Exch Only',0
'4430',300,241500,4,'',0,10000,4,'',0,10000,4,'',0,10000,4,'',0
'4430',301,241500,,'',0,10000,,'',0,10000,,'',0,10000,0,'Montrose Exch Only',0
'4540',300,63000,4,'',0,9000,4,'',0,10000,4,'',0,9000,4,'',0,3000,4,'',0,8000,4,'',0,3500,4,'',0,7000,4,'',0,7500,4,'',0,3500,4,'',0,7500,4,'',0,4000,4,'',0,7500,4,'',0,7500,4,'',0,4000,4,'',0,7500,4,'',0,3000,4,'',0,7500,4,'',0,3500,4,'',0,7500,4,'',0,8500,4,'',0,3500,4,'',0,7500,4,'',0,9000,4,'',0,10000,4,'',0,10000,4,'',0
'4540',301,53500,,'',0,9500,,'',0,9000,,'',0,10000,,'',0,9000,,'',0,3000,,'',0,8000,,'',0,3500,,'',0,7000,,'',0,7500,,'',0,3500,,'',0,7500,,'',0,4000,,'',0,7500,,'',0,7500,,'',0,4000,,'',0,7500,,'',0,3000,,'',0,7500,,'',0,3500,,'',0,7500,,'',0,8500,,'',0,3500,,'',0,7500,,'',0,9000,,'',0,10000,,'',0,10000,0,'Montrose Exch Only',0
'4593',300,63000,4,'',0,9000,4,'',0,10000,4,'',0,9000,4,'',0,3000,4,'',0,8000,4,'',0,3500,4,'',0,7000,4,'',0,7500,4,'',0,3500,4,'',0,7500,4,'',0,4000,4,'',0,7500,4,'',0,7500,4,'',0,4000,4,'',0,7500,4,'',0,3000,4,'',0,7500,4,'',0,3500,4,'',0,7500,4,'',0,8500,4,'',0,3500,4,'',0,7500,4,'',0,9000,4,'',0,10000,4,'',0,10000,4,'',0
'4593',301,53500,,'',0,9500,,'',0,9000,,'',0,10000,,'',0,9000,,'',0,3000,,'',0,8000,,'',0,3500,,'',0,7000,,'',0,7500,,'',0,3500,,'',0,7500,,'',0,4000,,'',0,7500,,'',0,7500,,'',0,4000,,'',0,7500,,'',0,3000,,'',0,7500,,'',0,3500,,'',0,7500,,'',0,8500,,'',0,3500,,'',0,7500,,'',0,9000,,'',0,10000,,'',0,10000,0,'Montrose Exch Only',0
'4594',300,61500,4,'',0,3500,4,'',0,7000,4,'',0,3500,4,'',0,7500,4,'',0,7500,4,'',0,3500,4,'',0,7500,4,'',0,3500,4,'',0,7500,4,'',0,7500,4,'',0,3500,4,'',0,7500,4,'',0,4000,4,'',0,7500,4,'',0,7500,4,'',0,3500,4,'',0,8000,4,'',0,3500,4,'',0,7500,4,'',0,7500,4,'',0,3500,4,'',0,7500,4,'',0,3500,4,'',0,7000,4,'',0,10000,4,'',0,10000,4,'',0,10000,4,'',0
'4594',301,53500,,'',0,8000,,'',0,3500,,'',0,7000,,'',0,3500,,'',0,7500,,'',0,7500,,'',0,3500,,'',0,7500,,'',0,3500,,'',0,7500,,'',0,7500,,'',0,3500,,'',0,7500,,'',0,4000,,'',0,7500,,'',0,7500,,'',0,3500,,'',0,8000,,'',0,3500,,'',0,7500,,'',0,7500,,'',0,3500,,'',0,7500,,'',0,3500,,'',0,7000,,'',0,10000,,'',0,10000,,'',0,10000,0,'Montrose Exch Only',0
'4601',300,61500,4,'',0,3500,4,'',0,7000,4,'',0,3500,4,'',0,7500,4,'',0,7500,4,'',0,3500,4,'',0,7500,4,'',0,3500,4,'',0,7500,4,'',0,7500,4,'',0,3500,4,'',0,7500,4,'',0,4000,4,'',0,7500,4,'',0,7500,4,'',0,3500,4,'',0,8000,4,'',0,3500,4,'',0,7500,4,'',0,7500,4,'',0,3500,4,'',0,7500,4,'',0,3500,4,'',0,7000,4,'',0,10000,4,'',0,10000,4,'',0,10000,4,'',0
'4601',301,53500,,'',0,8000,,'',0,3500,,'',0,7000,,'',0,3500,,'',0,7500,,'',0,7500,,'',0,3500,,'',0,7500,,'',0,3500,,'',0,7500,,'',0,7500,,'',0,3500,,'',0,7500,,'',0,4000,,'',0,7500,,'',0,7500,,'',0,3500,,'',0,8000,,'',0,3500,,'',0,7500,,'',0,7500,,'',0,3500,,'',0,7500,,'',0,3500,,'',0,7000,,'',0,10000,,'',0,10000,,'',0,10000,0,'Montrose Exch Only',0
'4603',300,63000,4,'',0,9000,4,'',0,10000,4,'',0,9000,4,'',0,3000,4,'',0,8000,4,'',0,3500,4,'',0,7000,4,'',0,7500,4,'',0,3500,4,'',0,7500,4,'',0,4000,4,'',0,7500,4,'',0,7500,4,'',0,4000,4,'',0,7500,4,'',0,3000,4,'',0,7500,4,'',0,3500,4,'',0,7500,4,'',0,8500,4,'',0,3500,4,'',0,7500,4,'',0,9000,4,'',0,10000,4,'',0,10000,4,'',0
'4603',301,53500,,'',0,9500,,'',0,9000,,'',0,10000,,'',0,9000,,'',0,3000,,'',0,8000,,'',0,3500,,'',0,7000,,'',0,7500,,'',0,3500,,'',0,7500,,'',0,4000,,'',0,7500,,'',0,7500,,'',0,4000,,'',0,7500,,'',0,3000,,'',0,7500,,'',0,3500,,'',0,7500,,'',0,8500,,'',0,3500,,'',0,7500,,'',0,9000,,'',0,10000,,'',0,10000,0,'Montrose Exch Only',0
