100,'5014',530,,3815,20,,,0,71,,3816,20,,,0,30,,3814,20,,,0,20,,3818,20,,,0,61,,3819,20,,,0,20,,3817,20,,,0,17,,3820,20,,,0,60,,3821,20,,,0,16,,3822,20,,,0,18,,3823,20,,,0,15,,3824,20,,,0,56,,3826,20,,,0,18,,3825,20,,,0,16,,3827,20,,,0,59,,3828,20,,,0,19,,3829,20,,,0,21,,3830,20,,,0,62,,3831,20,,,0,22,,3832,20,,,0,26,,3833,20,,,0,64,,3835,20,,,0,22,,3834,20,,,0,62,,3836,20,,,0,24,,3837,20,,,0,23,,3839,20,,,0,61,,3838,20,,,0,23,,3840,20,,,0,22,,3841,20,,,0,66,,3842,20,,,0,16,,3843,20,,,0,15,,3844,20,,,0,55,,3845,20,,,0,15,,3846,20,,,0,15,,3847,20,,,0,15,,3848,20,,,0,55,,3849,20,,,0,12,,3850,20,,,0,14,,3851,20,,,0,14,,3852,20,,,0,55,,3853,20,,,0,15,,3854,20,,,0,20,,3855,20,,,0,60,,3856,20,,,0,24,,3857,20,,,0,23,,3864,20,,,0,64,,3858,20,,,0,25,,3859,20,,,0,23,,3860,20,,,0,65,,3865,20,,,0,25,,3861,20,,,0,66,,3862,20,,,0,29,,3863,20,,,0
100,'5015',613,,3866,20,,,0,32,,3867,20,,,0,70,,3868,20,,,0,30,,3869,20,,,0,75,,3870,20,,,0,36,,3871,20,,,0,77,,3872,20,,,0,72,,3874,20,,,0,37,,3875,20,,,0,77,,3873,20,,,0,31,,3876,20,,,0,70,,3877,20,,,0,30,,3878,20,,,0,71,,3879,20,,,0,30,,3880,20,,,0,70,,3881,20,,,0,30,,3882,20,,,0,70,,3883,20,,,0,30,,3884,20,,,0,70,,3885,20,,,0,30,,3886,20,,,0,69,,3887,20,,,0,24,,3888,20,,,0,69,,3889,20,,,0,30,,3890,20,,,0,75,,3891,20,,,0,34,,3892,20,,,0,74,,3893,20,,,0,75,,3894,20,,,0,34,,3895,20,,,0,75,,3896,20,,,0,34,,3897,20,,,0
100,'5221',619,,3898,20,,,0,81,,3899,20,,,0,40,,3900,20,,,0,80,,3901,20,,,0,80,,3902,20,,,0,50,,3903,20,,,0,88,,3904,20,,,0,80,,3905,20,,,0,84,,3906,20,,,0,38,,3919,20,,,0,80,,3907,20,,,0,80,,3908,20,,,0,41,,3909,20,,,0,80,,3910,20,,,0,80,,3911,20,,,0,40,,3912,20,,,0,79,,3913,20,,,0,80,,3914,20,,,0,40,,3915,20,,,0,77,,3916,20,,,0,38,,3917,20,,,0,76,,3918,20,,,0,85,,3920,20,,,0,95,,3921,20,,,0
200,'5014',549,,4026,25,,,0,74,,4027,25,,,0,29,,4028,25,,,0,71,,4029,25,,,0,17,,4030,25,,,0,15,,4031,25,,,0,63,,4032,25,,,0,16,,4033,25,,,0,17,,4034,25,,,0,61,,4035,25,,,0,21,,4036,25,,,0,23,,4037,25,,,0,61,,4038,25,,,0,21,,4039,25,,,0,62,,4040,25,,,0,23,,4041,25,,,0,23,,4042,25,,,0,62,,4043,25,,,0,23,,4044,25,,,0,22,,4045,25,,,0,61,,4046,25,,,0,23,,4047,25,,,0,66,,4048,25,,,0,26,,4049,25,,,0,20,,4050,25,,,0,66,,4051,25,,,0,18,,4052,25,,,0,15,,4053,25,,,0,56,,4054,25,,,0,15,,4055,25,,,0,14,,4056,25,,,0,15,,4057,25,,,0,55,,4058,25,,,0,14,,4059,25,,,0,15,,4060,25,,,0,14,,4061,25,,,0,55,,4062,25,,,0,18,,4063,25,,,0,19,,4064,25,,,0,20,,4065,25,,,0,60,,4066,25,,,0,19,,4067,25,,,0,20,,4073,25,,,0,69,,4068,25,,,0,24,,4069,25,,,0,65,,4070,25,,,0,23,,4074,25,,,0,63,,4071,25,,,0,29,,4072,25,,,0
200,'5015',623,,4075,25,,,0,35,,4076,25,,,0,75,,4077,25,,,0,71,,4078,25,,,0,33,,4079,25,,,0,71,,4080,25,,,0,37,,4081,25,,,0,84,,4082,25,,,0,75,,4083,25,,,0,33,,4084,25,,,0,70,,4086,25,,,0,30,,4087,25,,,0,68,,4088,25,,,0,30,,4085,25,,,0,70,,4089,25,,,0,30,,4090,25,,,0,70,,4091,25,,,0,29,,4092,25,,,0,70,,4093,25,,,0,30,,4095,25,,,0,69,,4096,25,,,0,30,,4094,25,,,0,68,,4097,25,,,0,27,,4098,25,,,0,29,,4099,25,,,0,75,,4100,25,,,0,78,,4101,25,,,0,35,,4102,25,,,0,75,,4103,25,,,0,34,,4104,25,,,0,74,,4105,25,,,0
200,'5221',622,,4106,25,,,0,35,,4107,25,,,0,81,,4108,25,,,0,86,,4109,25,,,0,80,,4110,25,,,0,43,,4111,25,,,0,82,,4112,25,,,0,95,,4113,25,,,0,89,,4114,25,,,0,46,,4115,25,,,0,81,,4116,25,,,0,80,,4117,25,,,0,80,,4118,25,,,0,40,,4119,25,,,0,80,,4120,25,,,0,80,,4121,25,,,0,39,,4122,25,,,0,80,,4123,25,,,0,39,,4124,25,,,0,79,,4125,25,,,0,79,,4126,25,,,0,40,,4128,25,,,0,78,,4127,25,,,0
200,'5357',2438,,4129,25,,,0
1701,'5014',650,,4730,37,,,0,76,,4731,37,,,0,92,,4732,37,,,0,729,,4726,37,,,0,88,,4727,37,,,0,84,,4728,37,,,0,40,,4729,37,,,0,84,,4725,37,,,0
2100,'5014',655,,4744,28,,,0,87,,4740,28,,,0,84,,4741,28,,,0,97,,4742,28,,,0,85,,4743,28,,,0,33,,4745,28,,,0,99,,4739,28,,,0,166,,4737,28,,,0,132,,4738,28,,,0,281,,4736,28,,,0,84,,4734,28,,,0,103,,4735,28,,,0,120,,4733,28,,,0
2100,'5015',819,,4753,28,,,0,135,,4755,28,,,0,179,,4754,28,,,0,183,,4749,28,,,0,118,,4750,28,,,0,103,,4751,28,,,0,98,,4752,28,,,0,99,,4747,28,,,0,175,,4748,28,,,0,132,,4746,28,,,0
2100,'5221',857,,4763,28,,,0,100,,4764,28,,,0,176,,4756,28,,,0,172,,4758,28,,,0,133,,4757,28,,,0,173,,4759,28,,,0,129,,4760,28,,,0,169,,4761,28,,,0,129,,4762,28,,,0
1002100,'5014',1542,,6120,33,,,0,80,,6121,33,,,0
