201,'5021',615,,4561,,,0,40,,4562,,,0,79,,4563,,,0,80,,4564,,,0,86,,4565,,,0,46,,4566,,,0,79,,4567,,,0,81,,4568,,,0,37,,4581,,,0,80,,4569,,,0,79,,4570,,,0,38,,4571,,,0,80,,4572,,,0,80,,4573,,,0,40,,4574,,,0,80,,4575,,,0,80,,4576,,,0,41,,4578,,,0,79,,4577,,,0,80,,4579,,,0,40,,4580,,,0,85,,4583,,,0,99,,4582,,,0
201,'5022',511,,4584,,,0,35,,4585,,,0,80,,4586,,,0,74,,4587,,,0,17,,4588,,,0,15,,4589,,,0,15,,4590,,,0,56,,4591,,,0,18,,4592,,,0,18,,4593,,,0,17,,4594,,,0,60,,4595,,,0,17,,4596,,,0,20,,4597,,,0,61,,4598,,,0,21,,4599,,,0,23,,4600,,,0,66,,4601,,,0,21,,4602,,,0,62,,4603,,,0,22,,4604,,,0,23,,4605,,,0,62,,4606,,,0,23,,4607,,,0,20,,4608,,,0,63,,4609,,,0,14,,4610,,,0,5,,4635,0,9 10 19,0,11,,4611,0,9 10 19,0,2,,4612,,,0,56,,4613,,,0,14,,4614,,,0,18,,4615,,,0,14,,4616,,,0,54,,4618,,,0,13,,4617,,,0,14,,4619,,,0,15,,4620,,,0,55,,4621,,,0,16,,4622,,,0,22,,4623,,,0,61,,4624,,,0,25,,4625,,,0,24,,4633,,,0,65,,4626,,,0,25,,4627,,,0,64,,4628,,,0,27,,4634,,,0,24,,4629,,,0,69,,4630,,,0,73,,4631,,,0,34,,4632,,,0
201,'5024',559,,4637,,,0,71,,4638,,,0,28,,4639,,,0,75,,4640,,,0,75,,4641,,,0,34,,4636,,,0,71,,4642,,,0,34,,4643,,,0,77,,4644,,,0,30,,4645,,,0,70,,4646,,,0,29,,4647,,,0,69,,4649,,,0,28,,4650,,,0,69,,4651,,,0,29,,4648,,,0,70,,4652,,,0,30,,4653,,,0,70,,4654,,,0,31,,4655,,,0,70,,4656,,,0,26,,4657,,,0,70,,4658,,,0,30,,4660,,,0,76,,4661,,,0,36,,4662,,,0,77,,4659,,,0,76,,4663,,,0,37,,4665,,,0,75,,4664,,,0,35,,4666,,,0,76,,4667,,,0
500,'5021',645,,4859,,,0,103,,4860,,,0,96,,4861,,,0,92,,4873,,,0,97,,4862,,,0,90,,4863,,,0,103,,4865,,,0,96,,4866,,,0,101,,4867,,,0,102,,4864,,,0,100,,4868,,,0,97,,4869,,,0,103,,4870,,,0,95,,4871,,,0,93,,4872,,,0
500,'5022',619,,4874,,,0,84,,4875,,,0,38,,4876,,,0,76,,4877,,,0,34,,4878,,,0,74,,4879,,,0,75,,4880,,,0,36,,4881,,,0,75,,4882,,,0,36,,4883,,,0,76,,4884,,,0,78,,4885,,,0,36,,4886,,,0,77,,4887,,,0,36,,4888,,,0,83,,4889,,,0,71,,4890,,,0,35,,4891,,,0,82,,4892,,,0,33,,4893,,,0,72,,4894,,,0,29,,4895,,,0,74,,4896,,,0,73,,4897,,,0,35,,4898,,,0,68,,4899,,,0,99,,4900,,,0,99,,4901,,,0
500,'5024',621,,4926,,,0,95,,4925,,,0,92,,4924,,,0,102,,4927,,,0,92,,4902,,,0,33,,4903,,,0,81,,4904,,,0,37,,4905,,,0,71,,4907,,,0,35,,4908,,,0,75,,4909,,,0,75,,4906,,,0,40,,4910,,,0,77,,4911,,,0,75,,4912,,,0,40,,4913,,,0,75,,4914,,,0,28,,4915,,,0,75,,4916,,,0,33,,4917,,,0,73,,4918,,,0,83,,4919,,,0,34,,4920,,,0,75,,4921,,,0,88,,4922,,,0,99,,4923,,,0
900,'5024',716,,5107,,,0,100,,5108,,,0,101,,5109,,,0,101,,5110,,,0,105,,5111,,,0,96,,5112,,,0,106,,5113,,,0,100,,5114,,,0,200,,5116,,,0,104,,5117,,,0,194,,5119,,,0,95,,5120,,,0,99,,5121,,,0
1200,'5022',730,,5131,,,0,80,,5132,,,0,45,,5133,,,0,76,,5126,,,0,115,,5127,,,0,159,,5128,,,0,125,,5129,,,0,170,,5130,,,0,130,,5124,,,0,80,,5125,,,0,45,,5123,,,0
2401,'5022',817,,5235,0,15 16 11 12,0
2600,'5022',1528,,5236,0,9 10 11 12,0
2601,'5022',814,,5237,0,9 10 11 12,0
