201,'5021',611,,4561,,,0,40,,4562,,,0,79,,4563,,,0,80,,4564,,,0,46,,4565,,,0,86,,4566,,,0,79,,4567,,,0,81,,4568,,,0,37,,4581,,,0,80,,4569,,,0,39,,4570,,,0,78,,4571,,,0,80,,4572,,,0,40,,4573,,,0,80,,4574,,,0,80,,4575,,,0,40,,4576,,,0,81,,4578,,,0,79,,4577,,,0,40,,4579,,,0,80,,4580,,,0,85,,4583,,,0,99,,4582,,,0
201,'5022',507,,4584,,,0,35,,4585,,,0,80,,4586,,,0,34,,4587,,,0,57,,4588,,,0,15,,4589,,,0,14,,4590,,,0,16,,4591,,,0,59,,4592,,,0,18,,4593,,,0,17,,4594,,,0,60,,4595,,,0,17,,4596,,,0,20,,4597,,,0,61,,4598,,,0,21,,4599,,,0,23,,4600,,,0,65,,4601,,,0,21,,4602,,,0,62,,4603,,,0,22,,4604,,,0,23,,4605,,,0,62,,4606,,,0,23,,4607,,,0,20,,4608,,,0,63,,4609,,,0,11,,4610,,,0,5,,4635,0,9 10 19,0,14,,4611,0,9 10 19,0,2,,4612,,,0,56,,4613,,,0,14,,4614,,,0,18,,4615,,,0,14,,4616,,,0,54,,4618,,,0,13,,4617,,,0,14,,4619,,,0,15,,4620,,,0,56,,4621,,,0,16,,4622,,,0,22,,4623,,,0,61,,4624,,,0,25,,4625,,,0,24,,4633,,,0,65,,4626,,,0,25,,4627,,,0,64,,4628,,,0,27,,4634,,,0,24,,4629,,,0,69,,4630,,,0,33,,4631,,,0,74,,4632,,,0
201,'5024',555,,4637,,,0,71,,4638,,,0,28,,4639,,,0,75,,4640,,,0,75,,4641,,,0,34,,4636,,,0,71,,4642,,,0,34,,4643,,,0,77,,4644,,,0,30,,4645,,,0,70,,4646,,,0,29,,4647,,,0,69,,4649,,,0,28,,4650,,,0,69,,4651,,,0,29,,4648,,,0,70,,4652,,,0,30,,4653,,,0,70,,4654,,,0,31,,4655,,,0,70,,4656,,,0,26,,4657,,,0,70,,4658,,,0,30,,4660,,,0,76,,4661,,,0,36,,4662,,,0,77,,4659,,,0,76,,4663,,,0,37,,4665,,,0,75,,4664,,,0,35,,4666,,,0,76,,4667,,,0
401,'5021',626,,4822,4,,0
401,'5022',626,,4841,4,,0,110,,4838,4,,0,17,,4832,4,,0,751,,4827,4,,0,752,,4823,4,,0
401,'5024',2257,,4856,4,,0
900,'5021',712,,5077,4,,0,100,,5078,4,,0,101,,5079,4,,0,101,,5076,4,,0,106,,5080,4,,0,95,,5081,4,,0,105,,5082,4,,0,100,,5083,4,,0,100,,5084,4,,0,99,,5085,4,,0,100,,5086,4,,0,100,,5087,4,,0,100,,5088,4,,0,95,,5089,4,,0
900,'5022',611,,5106,4,,0,110,,5095,4,,0,97,,5096,4,,0,104,,5097,4,,0,100,,5098,4,,0,101,,5099,4,,0,100,,5100,4,,0,101,,5101,4,,0,100,,5102,4,,0,101,,5103,4,,0,100,,5104,4,,0,100,,5105,4,,0,99,,5091,4,,0,98,,5092,4,,0,99,,5093,4,,0,99,,5094,4,,0
900,'5024',712,,5107,,,0,100,,5108,,,0,101,,5109,,,0,101,,5110,,,0,105,,5111,,,0,96,,5112,,,0,106,,5113,,,0,100,,5114,,,0,100,,5115,4,,0,100,,5116,,,0,104,,5117,,,0,94,,5118,4,,0,100,,5119,,,0,95,,5120,,,0,99,,5121,,,0
2600,'5022',1524,,5236,0,9 10 11 12,0
2601,'5022',807,,5237,0,9 10 11 12,0
