101,'5014',552,,3923,24,,,0,67,,3924,24,,,0,31,,3925,24,,,0,70,,3926,24,,,0,22,,3922,24,,,0,15,,3927,24,,,0,56,,3928,24,,,0,21,,3929,24,,,0,21,,3930,24,,,0,62,,3931,24,,,0,21,,3932,24,,,0,21,,3933,24,,,0,62,,3934,24,,,0,22,,3935,24,,,0,61,,3936,24,,,0,22,,3937,24,,,0,23,,3938,24,,,0,62,,3939,24,,,0,21,,3940,24,,,0,23,,3941,24,,,0,66,,3942,24,,,0,26,,3943,24,,,0,60,,3944,24,,,0,24,,3945,24,,,0,18,,3946,24,,,0,55,,3947,24,,,0,16,,3948,24,,,0,15,,3949,24,,,0,15,,3950,24,,,0,55,,3951,24,,,0,15,,3952,24,,,0,15,,3953,24,,,0,15,,3954,24,,,0,54,,3955,24,,,0,15,,3956,24,,,0,14,,3957,24,,,0,12,,3958,24,,,0,13,,3959,24,,,0,60,,3960,24,,,0,20,,3961,24,,,0,20,,3962,24,,,0,60,,3970,24,,,0,29,,3963,24,,,0,65,,3964,24,,,0,26,,3965,24,,,0,64,,3971,24,,,0,23,,3966,24,,,0,30,,3967,24,,,0,75,,3968,24,,,0,72,,3969,24,,,0
101,'5015',627,,3973,24,,,0,75,,3972,24,,,0,30,,3974,24,,,0,72,,3975,24,,,0,29,,3976,24,,,0,75,,3977,24,,,0,42,,3978,24,,,0,74,,3979,24,,,0,32,,3980,24,,,0,69,,3981,24,,,0,30,,3982,24,,,0,67,,3983,24,,,0,29,,3984,24,,,0,70,,3985,24,,,0,30,,3986,24,,,0,70,,3987,24,,,0,30,,3988,24,,,0,70,,3989,24,,,0,30,,3990,24,,,0,70,,3991,24,,,0,30,,3992,24,,,0,69,,3993,24,,,0,27,,3994,24,,,0,69,,3995,24,,,0,38,,3996,24,,,0,79,,3997,24,,,0,78,,3998,24,,,0,35,,3999,24,,,0,75,,4000,24,,,0,35,,4001,24,,,0,72,,4003,24,,,0,75,,4002,24,,,0
101,'5221',627,,4004,24,,,0,80,,4005,24,,,0,45,,4006,24,,,0,80,,4007,24,,,0,80,,4008,24,,,0,37,,4009,24,,,0,94,,4010,24,,,0,88,,4011,24,,,0,86,,4012,24,,,0,40,,4013,24,,,0,80,,4014,24,,,0,79,,4015,24,,,0,40,,4016,24,,,0,80,,4017,24,,,0,80,,4018,24,,,0,40,,4019,24,,,0,81,,4020,24,,,0,80,,4021,24,,,0,42,,4022,24,,,0,80,,4023,24,,,0,81,,4024,24,,,0,82,,4025,24,,,0
201,'5014',517,,4130,25,,,0,35,,4131,25,,,0,78,,4132,25,,,0,75,,4133,25,,,0,18,,4134,25,,,0,16,,4135,25,,,0,17,,4136,25,,,0,55,,4137,25,,,0,15,,4138,25,,,0,18,,4139,25,,,0,56,,4140,25,,,0,19,,4141,25,,,0,19,,4142,25,,,0,20,,4143,25,,,0,62,,4144,25,,,0,22,,4145,25,,,0,65,,4146,25,,,0,24,,4147,25,,,0,22,,4148,25,,,0,62,,4149,25,,,0,23,,4150,25,,,0,63,,4151,25,,,0,22,,4152,25,,,0,22,,4153,25,,,0,62,,4154,25,,,0,25,,4155,25,,,0,16,,4156,25,,,0,55,,4157,25,,,0,14,,4158,25,,,0,15,,4159,25,,,0,15,,4160,25,,,0,55,,4161,25,,,0,14,,4163,25,,,0,14,,4162,25,,,0,14,,4164,25,,,0,15,,4165,25,,,0,55,,4166,25,,,0,17,,4167,25,,,0,22,,4168,25,,,0,60,,4169,25,,,0,24,,4170,25,,,0,63,,4178,25,,,0,24,,4171,25,,,0,25,,4172,25,,,0,65,,4173,25,,,0,25,,4179,25,,,0,65,,4174,25,,,0,28,,4175,25,,,0,72,,4176,25,,,0,34,,4177,25,,,0
201,'5015',603,,4181,25,,,0,31,,4182,25,,,0,69,,4183,25,,,0,35,,4184,25,,,0,75,,4185,25,,,0,34,,4180,25,,,0,71,,4186,25,,,0,34,,4187,25,,,0,78,,4188,25,,,0,70,,4189,25,,,0,30,,4190,25,,,0,70,,4191,25,,,0,30,,4193,25,,,0,28,,4194,25,,,0,69,,4195,25,,,0,30,,4192,25,,,0,70,,4196,25,,,0,30,,4197,25,,,0,70,,4198,25,,,0,30,,4199,25,,,0,70,,4200,25,,,0,26,,4201,25,,,0,70,,4202,25,,,0,30,,4204,25,,,0,75,,4205,25,,,0,76,,4206,25,,,0,36,,4203,25,,,0,75,,4207,25,,,0,37,,4209,25,,,0,75,,4208,25,,,0,75,,4210,25,,,0,36,,4211,25,,,0
201,'5221',620,,4212,25,,,0,80,,4213,25,,,0,39,,4214,25,,,0,80,,4215,25,,,0,86,,4216,25,,,0,46,,4217,25,,,0,79,,4218,25,,,0,83,,4219,25,,,0,37,,4232,25,,,0,80,,4220,25,,,0,79,,4221,25,,,0,39,,4222,25,,,0,80,,4223,25,,,0,80,,4224,25,,,0,40,,4225,25,,,0,80,,4226,25,,,0,80,,4227,25,,,0,41,,4229,25,,,0,79,,4228,25,,,0,79,,4230,25,,,0,39,,4231,25,,,0,85,,4234,25,,,0,98,,4233,25,,,0
1701,'5014',629,,4730,6,0,29 23,0,75,,4731,6,0,29 23,0,51,,4732,6,0,29 23,0,765,,4726,6,0,29 23,0,86,,4727,6,0,29 23,0,45,,4728,6,0,29 23,0,84,,4729,6,0,29 23,0,85,,4725,6,0,29 23,0
2101,'5014',604,,4776,6,,,0,43,,4777,6,,,0,165,,4775,6,,,0,98,,4774,6,,,0,32,,4778,6,,,0,98,,4773,6,,,0,163,,4766,6,,,0,130,,4771,6,,,0,91,,4767,6,,,0,82,,4768,6,,,0,107,,4772,6,,,0,89,,4770,6,,,0,108,,4765,6,,,0,121,,4769,6,,,0
2101,'5015',728,,4787,6,,,0,129,,4788,6,,,0,178,,4786,6,,,0,123,,4782,6,,,0,173,,4780,6,,,0,105,,4781,6,,,0,99,,4783,6,,,0,100,,4784,6,,,0,168,,4785,6,,,0,131,,4779,6,,,0
2101,'5221',805,,4797,6,,,0,99,,4789,6,,,0,135,,4790,6,,,0,169,,4791,6,,,0,132,,4792,6,,,0,173,,4793,6,,,0,130,,4794,6,,,0,174,,4795,6,,,0,130,,4796,6,,,0
1002101,'5014',722,,6122,6,,,0
