100,'5021',622,,1416,26,,,0,81,,1417,26,,,0,40,,1418,26,,,0,81,,1419,26,,,0,80,,1420,26,,,0,50,,1421,26,,,0,88,,1422,26,,,0,80,,1423,26,,,0,85,,1424,26,,,0,38,,1437,26,,,0,80,,1425,26,,,0,80,,1426,26,,,0,41,,1427,26,,,0,80,,1428,26,,,0,80,,1429,26,,,0,40,,1430,26,,,0,79,,1431,26,,,0,79,,1432,26,,,0,40,,1433,26,,,0,77,,1434,26,,,0,38,,1435,26,,,0,76,,1436,26,,,0,85,,1438,26,,,0,94,,1439,26,,,0
100,'5022',532,,1441,26,,,0,70,,1442,26,,,0,33,,1440,26,,,0,20,,1444,26,,,0,62,,1445,26,,,0,21,,1443,26,,,0,15,,1446,26,,,0,61,,1447,26,,,0,17,,1448,26,,,0,15,,1449,26,,,0,55,,1450,26,,,0,17,,1452,26,,,0,18,,1451,26,,,0,15,,1453,26,,,0,60,,1454,26,,,0,19,,1455,26,,,0,21,,1456,26,,,0,62,,1457,26,,,0,22,,1458,26,,,0,24,,1459,26,,,0,67,,1461,26,,,0,22,,1460,26,,,0,62,,1462,26,,,0,24,,1463,26,,,0,23,,1465,26,,,0,63,,1464,26,,,0,23,,1466,26,,,0,63,,1467,26,,,0,23,,1468,26,,,0,16,,1469,26,,,0,14,,1470,26,,,0,57,,1471,26,,,0,14,,1472,26,,,0,17,,1473,26,,,0,54,,1474,26,,,0,14,,1475,26,,,0,14,,1476,26,,,0,12,,1477,26,,,0,14,,1478,26,,,0,53,,1479,26,,,0,17,,1480,26,,,0,19,,1481,26,,,0,60,,1482,26,,,0,23,,1483,26,,,0,23,,1490,26,,,0,64,,1484,26,,,0,23,,1485,26,,,0,64,,1486,26,,,0,25,,1491,26,,,0,24,,1487,26,,,0,68,,1488,26,,,0,30,,1489,26,,,0
100,'5024',617,,1492,26,,,0,32,,1493,26,,,0,70,,1494,26,,,0,30,,1495,26,,,0,75,,1496,26,,,0,76,,1497,26,,,0,37,,1498,26,,,0,72,,1500,26,,,0,38,,1501,26,,,0,77,,1499,26,,,0,31,,1502,26,,,0,70,,1503,26,,,0,30,,1504,26,,,0,71,,1505,26,,,0,30,,1506,26,,,0,70,,1507,26,,,0,30,,1508,26,,,0,70,,1509,26,,,0,30,,1510,26,,,0,70,,1511,26,,,0,30,,1512,26,,,0,69,,1513,26,,,0,24,,1514,26,,,0,69,,1515,26,,,0,29,,1516,26,,,0,75,,1517,26,,,0,34,,1518,26,,,0,74,,1519,26,,,0,75,,1520,26,,,0,34,,1521,26,,,0,75,,1522,26,,,0,34,,1523,26,,,0
200,'5021',625,,1628,31,,,0,75,,1629,31,,,0,41,,1630,31,,,0,86,,1631,31,,,0,81,,1632,31,,,0,43,,1633,31,,,0,82,,1634,31,,,0,96,,1635,31,,,0,89,,1636,31,,,0,86,,1637,31,,,0,41,,1638,31,,,0,80,,1639,31,,,0,80,,1640,31,,,0,40,,1641,31,,,0,80,,1642,31,,,0,80,,1643,31,,,0,38,,1644,31,,,0,80,,1645,31,,,0,79,,1646,31,,,0,39,,1647,31,,,0,79,,1648,31,,,0,80,,1650,31,,,0,38,,1649,31,,,0
200,'5022',552,,1651,31,,,0,76,,1652,31,,,0,27,,1653,31,,,0,72,,1654,31,,,0,18,,1655,31,,,0,55,,1656,31,,,0,29,,1657,31,,,0,12,,1658,31,,,0,15,,1659,31,,,0,60,,1660,31,,,0,21,,1661,31,,,0,22,,1662,31,,,0,61,,1663,31,,,0,23,,1664,31,,,0,62,,1665,31,,,0,23,,1666,31,,,0,22,,1667,31,,,0,62,,1668,31,,,0,23,,1669,31,,,0,22,,1670,31,,,0,61,,1671,31,,,0,23,,1672,31,,,0,66,,1673,31,,,0,28,,1674,31,,,0,65,,1675,31,,,0,22,,1676,31,,,0,16,,1677,31,,,0,16,,1678,31,,,0,56,,1679,31,,,0,14,,1680,31,,,0,15,,1681,31,,,0,14,,1682,31,,,0,55,,1683,31,,,0,15,,1684,31,,,0,15,,1685,31,,,0,14,,1686,31,,,0,55,,1687,31,,,0,21,,1688,31,,,0,14,,1689,31,,,0,60,,1690,31,,,0,19,,1691,31,,,0,20,,1692,31,,,0,59,,1698,31,,,0,28,,1693,31,,,0,24,,1694,31,,,0,64,,1695,31,,,0,24,,1699,31,,,0,63,,1696,31,,,0,30,,1697,31,,,0
200,'5024',626,,1700,31,,,0,75,,1701,31,,,0,35,,1702,31,,,0,72,,1703,31,,,0,33,,1704,31,,,0,71,,1705,31,,,0,37,,1706,31,,,0,84,,1707,31,,,0,76,,1708,31,,,0,33,,1709,31,,,0,70,,1711,31,,,0,30,,1712,31,,,0,68,,1713,31,,,0,30,,1710,31,,,0,70,,1714,31,,,0,30,,1715,31,,,0,70,,1716,31,,,0,29,,1717,31,,,0,70,,1718,31,,,0,30,,1720,31,,,0,69,,1721,31,,,0,29,,1719,31,,,0,68,,1722,31,,,0,27,,1723,31,,,0,69,,1724,31,,,0,35,,1725,31,,,0,78,,1726,31,,,0,35,,1727,31,,,0,75,,1728,31,,,0,34,,1729,31,,,0,73,,1730,31,,,0
501,'5021',618,,2099,3,,,0,95,,2098,3,,,0,87,,2112,3,,,0,52,,2100,3,,,0,90,,2101,3,,,0,97,,2102,3,,,0,94,,2103,3,,,0,99,,2104,3,,,0,100,,2106,3,,,0,100,,2107,3,,,0,100,,2108,3,,,0,104,,2105,3,,,0,100,,2109,3,,,0,97,,2110,3,,,0,100,,2111,3,,,0
501,'5022',604,,2113,3,,,0,27,,2114,3,,,0,74,,2115,3,,,0,32,,2116,3,,,0,73,,2117,3,,,0,35,,2119,3,,,0,77,,2118,3,,,0,34,,2120,3,,,0,75,,2121,3,,,0,73,,2122,3,,,0,34,,2123,3,,,0,75,,2124,3,,,0,35,,2125,3,,,0,79,,2126,3,,,0,30,,2127,3,,,0,72,,2128,3,,,0,85,,2129,3,,,0,37,,2130,3,,,0,73,,2131,3,,,0,79,,2132,3,,,0,39,,2133,3,,,0,77,,2134,3,,,0,36,,2135,3,,,0,71,,2136,3,,,0,102,,2137,3,,,0,102,,2138,3,,,0,105,,2139,3,,,0
501,'5024',639,,2163,3,,,0,98,,2164,3,,,0,86,,2142,3,,,0,27,,2143,3,,,0,80,,2140,3,,,0,75,,2141,3,,,0,29,,2144,3,,,0,75,,2145,3,,,0,35,,2146,3,,,0,73,,2147,3,,,0,38,,2148,3,,,0,75,,2149,3,,,0,75,,2150,3,,,0,41,,2151,3,,,0,75,,2152,3,,,0,31,,2153,3,,,0,76,,2154,3,,,0,76,,2155,3,,,0,36,,2156,3,,,0,86,,2157,3,,,0,76,,2158,3,,,0,36,,2160,3,,,0,90,,2161,3,,,0,102,,2162,3,,,0,101,,2159,3,,,0
700,'5024',526,,2236,3,0,22 23,0,100,,2237,3,0,22 23,0,199,,2238,3,0,22 23,0,200,,2239,3,0,22 23,0,200,,2240,3,0,22 23,0,199,,2241,3,0,22 23,0,200,,2242,3,0,22 23,0,401,,2244,3,0,22 23,0
900,'5024',1649,,2287,3,0,13 14,0
1201,'5022',704,,2312,3,,,0,39,,2313,3,,,0,86,,2314,3,,,0,77,,2309,3,,,0,115,,2310,3,,,0,119,,2311,3,,,0,164,,2304,3,,,0,126,,2306,3,,,0,171,,2307,3,,,0,42,,2308,3,,,0,85,,2305,3,,,0
2400,'5022',1431,,2404,3,0,15 16 11 12,0
2600,'5022',1427,,2406,3,0,13 14 11 12,0
2601,'5022',716,,2407,3,0,13 14 11 12,0
1000700,'5024',725,,2728,3,0,24,0,199,,2729,3,0,24,0,200,,2730,3,0,24,0,200,,2731,3,0,24,0,400,,2733,3,0,24,0,200,,2734,3,0,24,0,201,,2735,3,0,24,0
