300,'5021',638,,1838,18,,,0,95,,1839,18,,,0,89,,1852,18,,,0,93,,1841,18,,,0,90,,1842,18,,,0,98,,1843,18,,,0,55,,1840,18,,,0,99,,1844,18,,,0,101,,1845,18,,,0,100,,1846,18,,,0,100,,1847,18,,,0,144,,1848,18,,,0,98,,1849,18,,,0,56,,1850,18,,,0,100,,1851,18,,,0
300,'5022',555,,1854,18,,,0,70,,1855,18,,,0,29,,1856,18,,,0,74,,1857,18,,,0,74,,1858,18,,,0,35,,1859,18,,,0,75,,1860,18,,,0,35,,1861,18,,,0,75,,1862,18,,,0,35,,1853,18,,,0,75,,1863,18,,,0,74,,1864,18,,,0,35,,1865,18,,,0,75,,1866,18,,,0,40,,1867,18,,,0,72,,1868,18,,,0,76,,1869,18,,,0,40,,1870,18,,,0,76,,1871,18,,,0,34,,1872,18,,,0,78,,1873,18,,,0,76,,1874,18,,,0,36,,1876,18,,,0,75,,1875,18,,,0,30,,1877,18,,,0,101,,1878,18,,,0,102,,1879,18,,,0,103,,1880,18,,,0
300,'5024',608,,1905,18,,,0,50,,1904,18,,,0,99,,1906,18,,,0,88,,1881,18,,,0,68,,1882,18,,,0,40,,1883,18,,,0,75,,1885,18,,,0,30,,1886,18,,,0,75,,1887,18,,,0,75,,1884,18,,,0,34,,1888,18,,,0,80,,1889,18,,,0,35,,1890,18,,,0,75,,1891,18,,,0,81,,1892,18,,,0,35,,1893,18,,,0,70,,1894,18,,,0,35,,1895,18,,,0,76,,1896,18,,,0,75,,1897,18,,,0,46,,1898,18,,,0,75,,1899,18,,,0,76,,1900,18,,,0,50,,1901,18,,,0,101,,1902,18,,,0,101,,1903,18,,,0
301,'5021',627,,1910,30,,,0,101,,1911,30,,,0,96,,1913,30,,,0,92,,1922,30,,,0,96,,1908,30,,,0,90,,1914,30,,,0,101,,1915,30,,,0,56,,1912,30,,,0,141,,1916,30,,,0,101,,1917,30,,,0,100,,1918,30,,,0,58,,1919,30,,,0,144,,1920,30,,,0,56,,1921,30,,,0,93,,1907,30,,,0
301,'5022',600,,1924,30,,,0,43,,1925,30,,,0,77,,1926,30,,,0,33,,1927,30,,,0,75,,1928,30,,,0,75,,1929,30,,,0,35,,1930,30,,,0,75,,1931,30,,,0,35,,1923,30,,,0,76,,1932,30,,,0,76,,1933,30,,,0,35,,1934,30,,,0,75,,1935,30,,,0,36,,1936,30,,,0,75,,1937,30,,,0,82,,1938,30,,,0,34,,1939,30,,,0,76,,1940,30,,,0,41,,1941,30,,,0,75,,1942,30,,,0,72,,1943,30,,,0,32,,1944,30,,,0,75,,1945,30,,,0,33,,1946,30,,,0,75,,1947,30,,,0,29,,1948,30,,,0,99,,1949,30,,,0,99,,1950,30,,,0
301,'5024',602,,1977,30,,,0,55,,1976,30,,,0,92,,1975,30,,,0,101,,1978,30,,,0,92,,1952,30,,,0,71,,1953,30,,,0,40,,1954,30,,,0,77,,1955,30,,,0,70,,1956,30,,,0,35,,1957,30,,,0,75,,1958,30,,,0,35,,1959,30,,,0,80,,1960,30,,,0,76,,1961,30,,,0,35,,1962,30,,,0,80,,1963,30,,,0,35,,1964,30,,,0,69,,1965,30,,,0,35,,1966,30,,,0,74,,1967,30,,,0,74,,1968,30,,,0,44,,1969,30,,,0,75,,1970,30,,,0,35,,1971,30,,,0,88,,1972,30,,,0,99,,1973,30,,,0
601,'5021',546,,2165,3,,,0,110,,2166,3,,,0,145,,2167,3,,,0,105,,2168,3,,,0,45,,2170,3,,,0,100,,2171,3,,,0,90,,2172,3,,,0,101,,2169,3,,,0,100,,2173,3,,,0,100,,2174,3,,,0,100,,2175,3,,,0,99,,2176,3,,,0,105,,2177,3,,,0,160,,2178,3,,,0,110,,2179,3,,,0
601,'5022',545,,2190,3,,,0,78,,2191,3,,,0,77,,2193,3,,,0,37,,2194,3,,,0,80,,2195,3,,,0,85,,2192,3,,,0,35,,2196,3,,,0,115,,2197,3,,,0,160,,2198,3,,,0,125,,2199,3,,,0,83,,2200,3,,,0,87,,2182,3,,,0,48,,2183,3,,,0,82,,2184,3,,,0,80,,2186,3,,,0,85,,2187,3,,,0,43,,2188,3,,,0,102,,2185,3,,,0,109,,2189,3,,,0,155,,2180,3,,,0,110,,2181,3,,,0
601,'5024',551,,2203,3,,,0,100,,2204,3,,,0,100,,2202,3,,,0,95,,2205,3,,,0,100,,2206,3,,,0,100,,2207,3,,,0,95,,2208,3,,,0,101,,2209,3,,,0,100,,2210,3,,,0,100,,2211,3,,,0,100,,2212,3,,,0,100,,2213,3,,,0,105,,2214,3,,,0,104,,2215,3,,,0,95,,2216,3,,,0,110,,2217,3,,,0,155,,2218,3,,,0,110,,2201,3,,,0
2401,'5022',737,,2405,3,0,15 16 11 12,0
3100,'5021',1009,,2414,3,,,0,109,,2408,3,,,0,109,,2409,3,,,0,110,,2410,3,,,0,115,,2411,3,,,0,156,,2413,3,,,0,110,,2412,3,,,0
3100,'5022',726,,2415,3,,,0,31,,2416,3,,,0,71,,2417,3,,,0,104,,2418,3,,,0,107,,2419,3,,,0,110,,2420,3,,,0,109,,2421,3,,,0,154,,2422,3,,,0,96,,2423,3,,,0,40,,2424,3,,,0,74,,2425,3,,,0,34,,2426,3,,,0,76,,2427,3,,,0,76,,2428,3,,,0
3100,'5024',903,,2432,3,,,0,105,,2436,3,,,0,110,,2430,3,,,0,109,,2429,3,,,0,110,,2431,3,,,0,115,,2433,3,,,0,155,,2435,3,,,0,110,,2434,3,,,0
1003100,'5021',729,,2750,3,,,0,102,,2742,3,,,0,102,,2740,3,,,0,107,,2744,3,,,0,110,,2741,3,,,0,150,,2739,3,,,0,114,,2745,3,,,0,115,,2746,3,,,0,111,,2743,3,,,0,181,,2747,3,,,0,120,,2748,3,,,0,104,,2749,3,,,0
1003100,'5022',639,,2755,3,,,0,69,,2756,3,,,0,30,,2757,3,,,0,68,,2758,3,,,0,50,,2759,3,,,0,146,,2760,3,,,0,109,,2761,3,,,0,109,,2762,3,,,0,115,,2763,3,,,0,109,,2764,3,,,0,81,,2765,3,,,0,34,,2752,3,,,0,76,,2753,3,,,0,79,,2751,3,,,0,32,,2754,3,,,0,80,,2766,3,,,0,85,,2767,3,,,0,122,,2768,3,,,0,104,,2769,3,,,0,109,,2770,3,,,0
1003100,'5024',731,,2784,3,,,0,100,,2773,3,,,0,100,,2772,3,,,0,109,,2771,3,,,0,110,,2779,3,,,0,150,,2783,3,,,0,115,,2776,3,,,0,114,,2780,3,,,0,111,,2777,3,,,0,110,,2778,3,,,0,75,,2774,3,,,0,115,,2775,3,,,0,102,,2782,3,,,0,100,,2781,3,,,0
24003100,'5022',531,,2830,3,,,0,69,,2827,3,,,0,29,,2828,3,,,0,29,,2829,3,,,0
