300,'5014',552,,4236,15,,,0,71,,4237,15,,,0,30,,4238,15,,,0,74,,4239,15,,,0,73,,4240,15,,,0,35,,4241,15,,,0,74,,4242,15,,,0,35,,4243,15,,,0,74,,4244,15,,,0,35,,4235,15,,,0,74,,4245,15,,,0,74,,4246,15,,,0,35,,4247,15,,,0,74,,4248,15,,,0,40,,4249,15,,,0,75,,4250,15,,,0,75,,4251,15,,,0,40,,4252,15,,,0,76,,4253,15,,,0,34,,4254,15,,,0,78,,4255,15,,,0,77,,4256,15,,,0,36,,4258,15,,,0,75,,4257,15,,,0,30,,4259,15,,,0,100,,4260,15,,,0,103,,4261,15,,,0,102,,4262,15,,,0
300,'5015',605,,4287,15,,,0,50,,4286,15,,,0,99,,4288,15,,,0,88,,4263,15,,,0,68,,4264,15,,,0,40,,4265,15,,,0,75,,4267,15,,,0,30,,4268,15,,,0,75,,4269,15,,,0,75,,4266,15,,,0,33,,4270,15,,,0,80,,4271,15,,,0,35,,4272,15,,,0,75,,4273,15,,,0,81,,4274,15,,,0,35,,4275,15,,,0,70,,4276,15,,,0,36,,4277,15,,,0,76,,4278,15,,,0,75,,4279,15,,,0,46,,4280,15,,,0,75,,4281,15,,,0,36,,4282,15,,,0,90,,4283,15,,,0,101,,4284,15,,,0,101,,4285,15,,,0
300,'5221',635,,4289,15,,,0,95,,4290,15,,,0,89,,4303,15,,,0,93,,4292,15,,,0,90,,4293,15,,,0,98,,4294,15,,,0,55,,4291,15,,,0,99,,4295,15,,,0,101,,4296,15,,,0,100,,4297,15,,,0,100,,4298,15,,,0,104,,4299,15,,,0,98,,4300,15,,,0,96,,4301,15,,,0,100,,4302,15,,,0
301,'5014',558,,4305,27,,,0,83,,4306,27,,,0,76,,4307,27,,,0,31,,4308,27,,,0,75,,4309,27,,,0,35,,4310,27,,,0,76,,4311,27,,,0,76,,4312,27,,,0,36,,4304,27,,,0,75,,4313,27,,,0,36,,4314,27,,,0,75,,4315,27,,,0,76,,4316,27,,,0,35,,4317,27,,,0,75,,4318,27,,,0,40,,4319,27,,,0,75,,4320,27,,,0,75,,4321,27,,,0,40,,4322,27,,,0,76,,4323,27,,,0,31,,4324,27,,,0,75,,4325,27,,,0,75,,4326,27,,,0,33,,4327,27,,,0,75,,4328,27,,,0,29,,4329,27,,,0,100,,4330,27,,,0,100,,4331,27,,,0
301,'5015',600,,4358,27,,,0,55,,4357,27,,,0,91,,4356,27,,,0,100,,4359,27,,,0,92,,4333,27,,,0,71,,4334,27,,,0,40,,4335,27,,,0,77,,4336,27,,,0,30,,4337,27,,,0,75,,4338,27,,,0,75,,4339,27,,,0,35,,4340,27,,,0,80,,4341,27,,,0,36,,4342,27,,,0,75,,4343,27,,,0,80,,4344,27,,,0,35,,4345,27,,,0,69,,4346,27,,,0,35,,4347,27,,,0,74,,4348,27,,,0,34,,4349,27,,,0,84,,4350,27,,,0,75,,4351,27,,,0,35,,4352,27,,,0,89,,4353,27,,,0,100,,4354,27,,,0
301,'5221',625,,4363,27,,,0,101,,4364,27,,,0,95,,4366,27,,,0,91,,4375,27,,,0,96,,4361,27,,,0,50,,4367,27,,,0,101,,4368,27,,,0,96,,4365,27,,,0,101,,4369,27,,,0,101,,4370,27,,,0,100,,4371,27,,,0,98,,4372,27,,,0,104,,4373,27,,,0,96,,4374,27,,,0,93,,4360,27,,,0
3101,'5014',644,,4827,18,,,0,84,,4828,18,,,0,72,,4830,18,,,0,31,,4831,18,,,0,74,,4829,18,,,0,47,,4833,18,,,0,106,,4834,18,,,0,150,,4835,18,,,0,111,,4832,18,,,0,115,,4836,18,,,0,116,,4837,18,,,0,81,,4839,18,,,0,74,,4840,18,,,0,36,,4841,18,,,0,72,,4838,18,,,0,30,,4842,18,,,0,58,,4843,18,,,0
3101,'5015',818,,4847,18,,,0,104,,4846,18,,,0,103,,4844,18,,,0,112,,4851,18,,,0,110,,4852,18,,,0,110,,4845,18,,,0,156,,4850,18,,,0,115,,4848,18,,,0,109,,4849,18,,,0,108,,4853,18,,,0
3101,'5221',818,,4860,18,,,0,209,,4857,18,,,0,220,,4854,18,,,0,110,,4858,18,,,0,154,,4856,18,,,0,115,,4859,18,,,0,109,,4855,18,,,0
1003101,'5014',715,,6169,21,,,0,32,,6170,21,,,0,70,,6171,21,,,0,34,,6172,21,,,0,73,,6173,21,,,0,102,,6174,21,,,0,109,,6175,21,,,0,110,,6176,21,,,0,111,,6177,21,,,0,157,,6178,21,,,0,101,,6179,21,,,0,36,,6180,21,,,0,75,,6181,21,,,0,34,,6182,21,,,0,71,,6183,21,,,0,90,,6184,21,,,0,90,,6185,21,,,0,122,,6186,21,,,0,109,,6187,21,,,0
1003101,'5015',852,,6193,21,,,0,105,,6199,21,,,0,146,,6188,21,,,0,111,,6189,21,,,0,110,,6190,21,,,0,111,,6192,21,,,0,115,,6197,21,,,0,154,,6195,21,,,0,109,,6194,21,,,0,109,,6191,21,,,0,115,,6196,21,,,0,100,,6198,21,,,0
1003101,'5221',923,,6207,21,,,0,215,,6206,21,,,0,75,,6200,21,,,0,110,,6202,21,,,0,110,,6203,21,,,0,114,,6204,21,,,0,155,,6205,21,,,0,110,,6201,21,,,0,109,,6208,21,,,0,115,,6209,21,,,0,98,,6210,21,,,0
