100,'5014',532,,3815,24,,,0,72,,3816,24,,,0,30,,3814,24,,,0,20,,3818,24,,,0,61,,3819,24,,,0,20,,3817,24,,,0,17,,3820,24,,,0,60,,3821,24,,,0,16,,3822,24,,,0,18,,3823,24,,,0,55,,3824,24,,,0,16,,3826,24,,,0,18,,3825,24,,,0,17,,3827,24,,,0,59,,3828,24,,,0,19,,3829,24,,,0,21,,3830,24,,,0,62,,3831,24,,,0,22,,3832,24,,,0,66,,3833,24,,,0,24,,3835,24,,,0,22,,3834,24,,,0,62,,3836,24,,,0,24,,3837,24,,,0,23,,3839,24,,,0,61,,3838,24,,,0,23,,3840,24,,,0,62,,3841,24,,,0,26,,3842,24,,,0,16,,3843,24,,,0,15,,3844,24,,,0,55,,3845,24,,,0,15,,3846,24,,,0,15,,3847,24,,,0,15,,3848,24,,,0,55,,3849,24,,,0,12,,3850,24,,,0,14,,3851,24,,,0,14,,3852,24,,,0,55,,3853,24,,,0,15,,3854,24,,,0,20,,3855,24,,,0,60,,3856,24,,,0,24,,3857,24,,,0,22,,3864,24,,,0,64,,3858,24,,,0,25,,3859,24,,,0,63,,3860,24,,,0,25,,3865,24,,,0,25,,3861,24,,,0,66,,3862,24,,,0,29,,3863,24,,,0
100,'5015',616,,3866,24,,,0,32,,3867,24,,,0,70,,3868,24,,,0,30,,3869,24,,,0,75,,3870,24,,,0,36,,3871,24,,,0,77,,3872,24,,,0,72,,3874,24,,,0,38,,3875,24,,,0,77,,3873,24,,,0,31,,3876,24,,,0,70,,3877,24,,,0,30,,3878,24,,,0,71,,3879,24,,,0,30,,3880,24,,,0,70,,3881,24,,,0,30,,3882,24,,,0,70,,3883,24,,,0,30,,3884,24,,,0,70,,3885,24,,,0,30,,3886,24,,,0,69,,3887,24,,,0,24,,3888,24,,,0,69,,3889,24,,,0,29,,3890,24,,,0,75,,3891,24,,,0,34,,3892,24,,,0,74,,3893,24,,,0,75,,3894,24,,,0,34,,3895,24,,,0,75,,3896,24,,,0,34,,3897,24,,,0
100,'5221',621,,3898,24,,,0,81,,3899,24,,,0,40,,3900,24,,,0,81,,3901,24,,,0,80,,3902,24,,,0,50,,3903,24,,,0,88,,3904,24,,,0,80,,3905,24,,,0,85,,3906,24,,,0,38,,3919,24,,,0,80,,3907,24,,,0,80,,3908,24,,,0,41,,3909,24,,,0,80,,3910,24,,,0,80,,3911,24,,,0,40,,3912,24,,,0,79,,3913,24,,,0,79,,3914,24,,,0,40,,3915,24,,,0,77,,3916,24,,,0,38,,3917,24,,,0,76,,3918,24,,,0,85,,3920,24,,,0,94,,3921,24,,,0
200,'5014',552,,4026,29,,,0,74,,4027,29,,,0,29,,4028,29,,,0,71,,4029,29,,,0,17,,4030,29,,,0,15,,4031,29,,,0,63,,4032,29,,,0,16,,4033,29,,,0,18,,4034,29,,,0,61,,4035,29,,,0,21,,4036,29,,,0,63,,4037,29,,,0,21,,4038,29,,,0,21,,4039,29,,,0,62,,4040,29,,,0,23,,4041,29,,,0,23,,4042,29,,,0,62,,4043,29,,,0,23,,4044,29,,,0,22,,4045,29,,,0,61,,4046,29,,,0,23,,4047,29,,,0,66,,4048,29,,,0,26,,4049,29,,,0,20,,4050,29,,,0,66,,4051,29,,,0,18,,4052,29,,,0,15,,4053,29,,,0,56,,4054,29,,,0,15,,4055,29,,,0,14,,4056,29,,,0,15,,4057,29,,,0,55,,4058,29,,,0,14,,4059,29,,,0,15,,4060,29,,,0,14,,4061,29,,,0,55,,4062,29,,,0,18,,4063,29,,,0,19,,4064,29,,,0,60,,4065,29,,,0,20,,4066,29,,,0,19,,4067,29,,,0,60,,4073,29,,,0,29,,4068,29,,,0,24,,4069,29,,,0,65,,4070,29,,,0,23,,4074,29,,,0,62,,4071,29,,,0,29,,4072,29,,,0
200,'5015',625,,4075,29,,,0,75,,4076,29,,,0,35,,4077,29,,,0,72,,4078,29,,,0,33,,4079,29,,,0,71,,4080,29,,,0,37,,4081,29,,,0,84,,4082,29,,,0,76,,4083,29,,,0,33,,4084,29,,,0,70,,4086,29,,,0,30,,4087,29,,,0,68,,4088,29,,,0,30,,4085,29,,,0,70,,4089,29,,,0,30,,4090,29,,,0,70,,4091,29,,,0,29,,4092,29,,,0,70,,4093,29,,,0,30,,4095,29,,,0,69,,4096,29,,,0,29,,4094,29,,,0,68,,4097,29,,,0,27,,4098,29,,,0,69,,4099,29,,,0,35,,4100,29,,,0,78,,4101,29,,,0,35,,4102,29,,,0,75,,4103,29,,,0,34,,4104,29,,,0,73,,4105,29,,,0
200,'5221',624,,4106,29,,,0,35,,4107,29,,,0,81,,4108,29,,,0,86,,4109,29,,,0,81,,4110,29,,,0,43,,4111,29,,,0,82,,4112,29,,,0,96,,4113,29,,,0,89,,4114,29,,,0,86,,4115,29,,,0,41,,4116,29,,,0,80,,4117,29,,,0,80,,4118,29,,,0,40,,4119,29,,,0,80,,4120,29,,,0,80,,4121,29,,,0,38,,4122,29,,,0,80,,4123,29,,,0,79,,4124,29,,,0,39,,4125,29,,,0,79,,4126,29,,,0,40,,4128,29,,,0,78,,4127,29,,,0
200,'5357',2441,,4129,29,,,0
300,'5014',553,,4236,16,,,0,71,,4237,16,,,0,30,,4238,16,,,0,74,,4239,16,,,0,73,,4240,16,,,0,35,,4241,16,,,0,74,,4242,16,,,0,35,,4243,16,,,0,74,,4244,16,,,0,35,,4235,16,,,0,74,,4245,16,,,0,74,,4246,16,,,0,35,,4247,16,,,0,75,,4248,16,,,0,40,,4249,16,,,0,75,,4250,16,,,0,75,,4251,16,,,0,40,,4252,16,,,0,76,,4253,16,,,0,34,,4254,16,,,0,77,,4255,16,,,0,77,,4256,16,,,0,36,,4258,16,,,0,75,,4257,16,,,0,30,,4259,16,,,0,100,,4260,16,,,0,103,,4261,16,,,0,102,,4262,16,,,0
300,'5015',606,,4287,16,,,0,50,,4286,16,,,0,99,,4288,16,,,0,88,,4263,16,,,0,68,,4264,16,,,0,40,,4265,16,,,0,75,,4267,16,,,0,30,,4268,16,,,0,75,,4269,16,,,0,75,,4266,16,,,0,33,,4270,16,,,0,80,,4271,16,,,0,35,,4272,16,,,0,75,,4273,16,,,0,81,,4274,16,,,0,35,,4275,16,,,0,70,,4276,16,,,0,36,,4277,16,,,0,76,,4278,16,,,0,75,,4279,16,,,0,46,,4280,16,,,0,75,,4281,16,,,0,36,,4282,16,,,0,90,,4283,16,,,0,101,,4284,16,,,0,101,,4285,16,,,0
300,'5221',636,,4289,16,,,0,95,,4290,16,,,0,89,,4303,16,,,0,93,,4292,16,,,0,90,,4293,16,,,0,98,,4294,16,,,0,55,,4291,16,,,0,99,,4295,16,,,0,101,,4296,16,,,0,100,,4297,16,,,0,100,,4298,16,,,0,144,,4299,16,,,0,58,,4300,16,,,0,96,,4301,16,,,0,100,,4302,16,,,0
501,'5014',603,,4494,1,,,0,29,,4495,1,,,0,74,,4496,1,,,0,31,,4497,1,,,0,75,,4498,1,,,0,34,,4500,1,,,0,75,,4499,1,,,0,34,,4501,1,,,0,74,,4502,1,,,0,74,,4503,1,,,0,33,,4504,1,,,0,75,,4505,1,,,0,33,,4506,1,,,0,80,,4507,1,,,0,35,,4508,1,,,0,74,,4509,1,,,0,80,,4510,1,,,0,36,,4511,1,,,0,74,,4512,1,,,0,80,,4513,1,,,0,38,,4514,1,,,0,76,,4515,1,,,0,36,,4516,1,,,0,71,,4517,1,,,0,101,,4518,1,,,0,104,,4519,1,,,0,104,,4520,1,,,0
501,'5015',639,,4544,1,,,0,98,,4545,1,,,0,86,,4523,1,,,0,27,,4524,1,,,0,80,,4521,1,,,0,74,,4522,1,,,0,29,,4525,1,,,0,75,,4526,1,,,0,35,,4527,1,,,0,73,,4528,1,,,0,38,,4529,1,,,0,75,,4530,1,,,0,75,,4531,1,,,0,41,,4532,1,,,0,75,,4533,1,,,0,31,,4534,1,,,0,76,,4535,1,,,0,76,,4536,1,,,0,36,,4537,1,,,0,86,,4538,1,,,0,76,,4539,1,,,0,36,,4541,1,,,0,91,,4542,1,,,0,102,,4543,1,,,0,101,,4540,1,,,0
501,'5221',618,,4547,1,,,0,95,,4546,1,,,0,87,,4560,1,,,0,52,,4548,1,,,0,90,,4549,1,,,0,96,,4550,1,,,0,94,,4551,1,,,0,99,,4552,1,,,0,100,,4554,1,,,0,100,,4555,1,,,0,100,,4556,1,,,0,104,,4553,1,,,0,100,,4557,1,,,0,97,,4558,1,,,0,100,,4559,1,,,0
700,'5015',525,,4624,1,0,22 23,0,100,,4625,1,0,22 23,0,199,,4626,1,0,22 23,0,200,,4627,1,0,22 23,0,200,,4628,1,0,22 23,0,199,,4629,1,0,22 23,0,200,,4630,1,0,22 23,0,401,,4632,1,0,22 23,0
900,'5015',1648,,4669,1,0,34 2 13 14,0
1201,'5014',703,,4708,1,,,0,40,,4709,1,,,0,86,,4710,1,,,0,76,,4705,1,,,0,115,,4706,1,,,0,119,,4707,1,,,0,163,,4700,1,,,0,128,,4702,1,,,0,170,,4703,1,,,0,42,,4704,1,,,0,85,,4701,1,,,0
1000700,'5015',724,,6105,1,0,24,0,199,,6106,1,0,24,0,200,,6107,1,0,24,0,200,,6108,1,0,24,0,400,,6110,1,0,24,0,200,,6111,1,0,24,0,201,,6112,1,0,24,0
