101,'5021',623,,1524,19,,,0,80,,1525,19,,,0,45,,1526,19,,,0,80,,1527,19,,,0,79,,1528,19,,,0,37,,1529,19,,,0,94,,1530,19,,,0,88,,1531,19,,,0,85,,1532,19,,,0,40,,1533,19,,,0,80,,1534,19,,,0,79,,1535,19,,,0,40,,1536,19,,,0,80,,1537,19,,,0,80,,1538,19,,,0,40,,1539,19,,,0,81,,1540,19,,,0,81,,1541,19,,,0,42,,1542,19,,,0,80,,1543,19,,,0,81,,1544,19,,,0,43,,1545,19,,,0
101,'5022',548,,1547,19,,,0,66,,1548,19,,,0,30,,1549,19,,,0,69,,1550,19,,,0,23,,1546,19,,,0,14,,1551,19,,,0,56,,1552,19,,,0,22,,1553,19,,,0,21,,1554,19,,,0,63,,1555,19,,,0,20,,1556,19,,,0,21,,1557,19,,,0,62,,1558,19,,,0,22,,1559,19,,,0,22,,1560,19,,,0,62,,1561,19,,,0,22,,1562,19,,,0,62,,1563,19,,,0,21,,1564,19,,,0,23,,1565,19,,,0,65,,1566,19,,,0,26,,1567,19,,,0,19,,1568,19,,,0,64,,1569,19,,,0,18,,1570,19,,,0,16,,1571,19,,,0,56,,1572,19,,,0,15,,1573,19,,,0,15,,1574,19,,,0,14,,1575,19,,,0,55,,1576,19,,,0,15,,1577,19,,,0,15,,1578,19,,,0,16,,1579,19,,,0,55,,1580,19,,,0,13,,1581,19,,,0,14,,1582,19,,,0,12,,1583,19,,,0,62,,1584,19,,,0,20,,1585,19,,,0,20,,1586,19,,,0,59,,1594,19,,,0,30,,1587,19,,,0,65,,1588,19,,,0,23,,1589,19,,,0,27,,1595,19,,,0,64,,1590,19,,,0,30,,1591,19,,,0,74,,1592,19,,,0,33,,1593,19,,,0
101,'5024',623,,1597,19,,,0,35,,1596,19,,,0,70,,1598,19,,,0,72,,1599,19,,,0,28,,1600,19,,,0,75,,1601,19,,,0,42,,1602,19,,,0,74,,1603,19,,,0,32,,1604,19,,,0,69,,1605,19,,,0,29,,1606,19,,,0,67,,1607,19,,,0,28,,1608,19,,,0,70,,1609,19,,,0,30,,1610,19,,,0,70,,1611,19,,,0,30,,1612,19,,,0,70,,1613,19,,,0,31,,1614,19,,,0,70,,1615,19,,,0,30,,1616,19,,,0,69,,1617,19,,,0,28,,1618,19,,,0,69,,1619,19,,,0,38,,1620,19,,,0,79,,1621,19,,,0,78,,1622,19,,,0,35,,1623,19,,,0,76,,1624,19,,,0,35,,1625,19,,,0,72,,1627,19,,,0,35,,1626,19,,,0
500,'5021',646,,2029,18,4,,0,103,,2030,18,4,,0,96,,2031,18,4,,0,92,,2043,18,4,,0,97,,2032,18,4,,0,90,,2033,18,4,,0,104,,2035,18,4,,0,96,,2036,18,4,,0,101,,2037,18,4,,0,102,,2034,18,4,,0,100,,2038,18,4,,0,96,,2039,18,4,,0,103,,2040,18,4,,0,95,,2041,18,4,,0,93,,2042,18,4,,0
500,'5022',620,,2044,18,4,,0,84,,2045,18,4,,0,39,,2046,18,4,,0,76,,2047,18,4,,0,34,,2048,18,4,,0,74,,2049,18,4,,0,75,,2050,18,4,,0,36,,2051,18,4,,0,75,,2052,18,4,,0,36,,2053,18,4,,0,76,,2054,18,4,,0,78,,2055,18,4,,0,36,,2056,18,4,,0,77,,2057,18,4,,0,36,,2058,18,4,,0,83,,2059,18,4,,0,71,,2060,18,4,,0,35,,2061,18,4,,0,82,,2062,18,4,,0,33,,2063,18,4,,0,72,,2064,18,4,,0,28,,2065,18,4,,0,74,,2066,18,4,,0,73,,2067,18,4,,0,35,,2068,18,4,,0,68,,2069,18,4,,0,99,,2070,18,4,,0,99,,2071,18,4,,0
500,'5024',622,,2096,18,4,,0,95,,2095,18,4,,0,92,,2094,18,4,,0,102,,2097,18,4,,0,92,,2072,18,4,,0,34,,2073,18,4,,0,81,,2074,18,4,,0,37,,2075,18,4,,0,71,,2077,18,4,,0,75,,2078,18,4,,0,35,,2079,18,4,,0,75,,2076,18,4,,0,40,,2080,18,4,,0,77,,2081,18,4,,0,75,,2082,18,4,,0,40,,2083,18,4,,0,75,,2084,18,4,,0,28,,2085,18,4,,0,74,,2086,18,4,,0,33,,2087,18,4,,0,73,,2088,18,4,,0,83,,2089,18,4,,0,34,,2090,18,4,,0,75,,2091,18,4,,0,88,,2092,18,4,,0,99,,2093,18,4,,0
900,'5024',717,,2277,60,4,,0,100,,2278,60,4,,0,102,,2279,60,4,,0,101,,2280,60,4,,0,105,,2281,60,4,,0,96,,2282,60,4,,0,106,,2283,60,4,,0,100,,2284,60,4,,0,200,,2286,60,4,,0,103,,2287,69,4,,0,194,,2289,60,4,,0,95,,2290,60,4,,0,99,,2291,60,4,,0
1200,'5022',732,,2301,22,4,,0,80,,2302,22,4,,0,45,,2303,22,4,,0,75,,2296,22,4,,0,115,,2297,22,4,,0,160,,2298,22,4,,0,125,,2299,22,4,,0,170,,2300,22,4,,0,130,,2294,22,4,,0,80,,2295,22,4,,0,45,,2293,22,4,,0
2101,'5021',800,,2377,1,,,0,59,,2369,1,,,0,173,,2370,1,,,0,168,,2371,1,,,0,129,,2372,1,,,0,177,,2373,1,,,0,129,,2374,1,,,0,172,,2375,1,,,0,131,,2376,1,,,0
2101,'5022',558,,2389,1,,,0,84,,2390,1,,,0,166,,2388,1,,,0,92,,2387,1,,,0,37,,2391,1,,,0,94,,2386,1,,,0,124,,2379,1,,,0,167,,2384,1,,,0,103,,2380,1,,,0,34,,2381,1,,,0,147,,2385,1,,,0,49,,2383,1,,,0,149,,2378,1,,,0,122,,2382,1,,,0
2101,'5024',723,,2400,1,,,0,129,,2401,1,,,0,178,,2399,1,,,0,124,,2395,1,,,0,167,,2393,1,,,0,106,,2394,1,,,0,101,,2396,1,,,0,101,,2397,1,,,0,129,,2398,1,,,0,171,,2392,1,,,0
2400,'5022',1516,,2404,25,4,,0
2401,'5022',819,,2405,45,4,,0
2600,'5022',1530,,2406,62,4,,0
2601,'5022',816,,2407,73,4,,0
1000700,'5021',2007,,2717,56,4,,0
1000700,'5024',1007,,2729,64,4,,0,605,,2732,56,4,,0,592,,2735,64,4,,0
1002101,'5022',717,,2738,1,,,0
