3100,'5014',745,,4798,15,,,0,72,,4799,15,,,0,32,,4800,15,,,0,102,,4801,15,,,0,108,,4802,15,,,0,150,,4803,15,,,0,110,,4804,15,,,0,114,,4805,15,,,0,100,,4806,15,,,0,78,,4807,15,,,0,34,,4808,15,,,0,75,,4809,15,,,0,34,,4810,15,,,0,75,,4811,15,,,0
3100,'5015',922,,4815,15,,,0,105,,4819,15,,,0,110,,4813,15,,,0,110,,4812,15,,,0,110,,4814,15,,,0,155,,4816,15,,,0,115,,4818,15,,,0,110,,4817,15,,,0
3100,'5221',1028,,4826,15,,,0,109,,4820,15,,,0,110,,4821,15,,,0,110,,4822,15,,,0,155,,4823,15,,,0,115,,4825,15,,,0,110,,4824,15,,,0
3201,'5014',609,,4862,30,,,0,31,,4863,30,,,0,71,,4864,30,,,0,31,,4861,30,,,0,70,,4865,30,,,0,33,,4866,30,,,0,74,,4867,30,,,0,30,,4868,30,,,0,72,,4869,30,,,0,34,,4870,30,,,0,76,,4871,30,,,0,75,,4872,30,,,0,35,,4873,30,,,0,75,,4874,30,,,0,35,,4875,30,,,0,81,,4876,30,,,0,78,,4877,30,,,0,39,,4878,30,,,0,78,,4879,30,,,0,75,,4880,30,,,0,38,,4881,30,,,0,69,,4882,30,,,0,32,,4883,30,,,0,78,,4884,30,,,0,85,,4885,30,,,0,27,,4886,30,,,0,95,,4887,30,,,0,104,,4888,30,,,0
3201,'5015',816,,4900,30,,,0,30,,4891,30,,,0,75,,4911,30,,,0,32,,4889,30,,,0,70,,4892,30,,,0,36,,4897,30,,,0,75,,4890,30,,,0,77,,4909,30,,,0,35,,4894,30,,,0,75,,4893,30,,,0,35,,4898,30,,,0,75,,4895,30,,,0,80,,4910,30,,,0,35,,4899,30,,,0,80,,4896,30,,,0,75,,4905,30,,,0,33,,4901,30,,,0,75,,4912,30,,,0,34,,4902,30,,,0,74,,4904,30,,,0,85,,4903,30,,,0,29,,4907,30,,,0,70,,4906,30,,,0,130,,4908,30,,,0
3201,'5221',815,,4927,30,,,0,106,,4926,30,,,0,104,,4921,30,,,0,33,,4928,30,,,0,76,,4915,30,,,0,76,,4914,30,,,0,35,,4922,30,,,0,75,,4913,30,,,0,35,,4923,30,,,0,75,,4918,30,,,0,81,,4924,30,,,0,35,,4919,30,,,0,78,,4920,30,,,0,35,,4917,30,,,0,74,,4925,30,,,0,74,,4916,30,,,0,110,,4929,30,,,0,115,,4930,30,,,0
3201,'5357',2523,,4931,30,,,0
3301,'5014',610,,4932,27,,,0,30,,4933,27,,,0,70,,4934,27,,,0,30,,4935,27,,,0,71,,4936,27,,,0,34,,4938,27,,,0,73,,4958,27,,,0,29,,4939,27,,,0,72,,4940,27,,,0,39,,4937,27,,,0,75,,4941,27,,,0,75,,4942,27,,,0,35,,4943,27,,,0,75,,4944,27,,,0,36,,4945,27,,,0,80,,4946,27,,,0,76,,4959,27,,,0,41,,4947,27,,,0,73,,4948,27,,,0,35,,4949,27,,,0,78,,4956,27,,,0,72,,4950,27,,,0,31,,4951,27,,,0,78,,4952,27,,,0,87,,4953,27,,,0,26,,4954,27,,,0,26,,4955,27,,,0,68,,4957,27,,,0
3301,'5015',814,,4964,27,,,0,30,,4978,27,,,0,73,,4960,27,,,0,34,,4962,27,,,0,75,,4967,27,,,0,75,,4961,27,,,0,36,,4980,27,,,0,75,,4963,27,,,0,35,,4966,27,,,0,76,,4974,27,,,0,35,,4965,27,,,0,75,,4977,27,,,0,80,,4969,27,,,0,35,,4968,27,,,0,75,,4975,27,,,0,35,,4972,27,,,0,74,,4979,27,,,0,75,,4971,27,,,0,35,,4973,27,,,0,158,,4970,27,,,0,100,,4976,27,,,0
3301,'5221',844,,4989,27,,,0,108,,4994,27,,,0,151,,4982,27,,,0,35,,4981,27,,,0,75,,4987,27,,,0,35,,4983,27,,,0,75,,4986,27,,,0,35,,4990,27,,,0,75,,4988,27,,,0,80,,4992,27,,,0,35,,4985,27,,,0,75,,4991,27,,,0,34,,4984,27,,,0,75,,4993,27,,,0,109,,4995,27,,,0,159,,4997,27,,,0,59,,4996,27,,,0
3301,'5357',2549,,4998,27,,,0
3900,'5014',642,,5083,7,,,0
1003100,'5014',701,,6127,18,,,0,29,,6128,18,,,0,71,,6129,18,,,0,31,,6130,18,,,0,88,,6131,18,,,0,104,,6132,18,,,0,110,,6133,18,,,0,110,,6134,18,,,0,115,,6135,18,,,0,154,,6136,18,,,0,40,,6137,18,,,0,74,,6124,18,,,0,76,,6125,18,,,0,35,,6123,18,,,0,72,,6126,18,,,0,39,,6138,18,,,0,85,,6139,18,,,0,121,,6140,18,,,0,103,,6141,18,,,0,148,,6142,18,,,0
1003100,'5015',751,,6156,18,,,0,101,,6145,18,,,0,100,,6144,18,,,0,150,,6143,18,,,0,110,,6151,18,,,0,110,,6155,18,,,0,115,,6148,18,,,0,115,,6152,18,,,0,150,,6149,18,,,0,110,,6150,18,,,0,35,,6146,18,,,0,155,,6147,18,,,0,101,,6154,18,,,0,99,,6153,18,,,0
1003100,'5221',750,,6168,18,,,0,102,,6160,18,,,0,103,,6158,18,,,0,147,,6162,18,,,0,110,,6159,18,,,0,110,,6157,18,,,0,115,,6163,18,,,0,115,,6164,18,,,0,150,,6161,18,,,0,141,,6165,18,,,0,160,,6166,18,,,0,103,,6167,18,,,0
24003100,'5014',547,,6214,14,,,0,70,,6211,14,,,0,30,,6212,14,,,0,69,,6213,14,,,0
24003100,'5357',2500,,6215,14,,,0
