401,'5021',601,,4822,0,27,0,108,,4809,0,27,0,100,,4810,0,27,0,100,,4811,0,27,0,100,,4812,0,27,0,100,,4813,0,27,0,100,,4814,0,27,0,100,,4815,0,27,0,100,,4816,0,27,0,100,,4817,0,27,0,100,,4818,0,27,0,100,,4819,0,27,0,100,,4820,0,27,0,100,,4821,0,27,0
401,'5022',601,,4841,0,27,0,108,,4838,0,27,0,17,,4832,0,27,0,85,,4833,0,27,0,98,,4834,0,27,0,100,,4835,0,27,0,100,,4836,0,27,0,100,,4837,0,27,0,100,,4839,0,27,0,101,,4840,0,27,0,21,,4827,0,27,0,78,,4828,0,27,0,102,,4829,0,27,0,98,,4830,0,27,0,100,,4831,0,27,0,100,,4824,0,27,0,100,,4825,0,27,0,100,,4826,0,27,0,122,,4823,0,27,0
401,'5024',601,,4854,0,27,0,108,,4857,0,27,0,100,,4858,0,27,0,100,,4842,0,27,0,100,,4843,0,27,0,100,,4855,0,27,0,100,,4853,0,27,0,100,,4852,0,27,0,100,,4851,0,27,0,100,,4847,0,27,0,100,,4850,0,27,0,100,,4849,0,27,0,100,,4848,0,27,0,100,,4846,0,27,0,100,,4845,0,27,0,100,,4844,0,27,0,122,,4856,0,27,0
1501,'5022',616,,5148,0,18,0,43,,5150,0,18,0,159,,5147,0,18,0,683,,5149,0,18,0,205,,5146,0,18,0,50,,5145,0,18,0
1501,'5024',921,,5151,0,18,0,130,,5152,0,18,0,470,,5153,0,18,0,130,,5154,0,18,0
3100,'5021',1013,,5244,,,0,109,,5238,,,0,109,,5239,,,0,110,,5240,,,0,115,,5241,,,0,156,,5243,,,0,110,,5242,,,0
3100,'5022',730,,5245,,,0,71,,5246,,,0,31,,5247,,,0,104,,5248,,,0,107,,5249,,,0,110,,5250,,,0,149,,5251,,,0,114,,5252,,,0,97,,5253,,,0,39,,5254,,,0,74,,5255,,,0,74,,5256,,,0,36,,5257,,,0,76,,5258,,,0
3100,'5024',907,,5262,,,0,105,,5266,,,0,110,,5260,,,0,109,,5259,,,0,110,,5261,,,0,115,,5263,,,0,155,,5265,,,0,110,,5264,,,0
1003100,'5021',733,,5580,,,0,102,,5572,,,0,102,,5570,,,0,107,,5574,,,0,110,,5571,,,0,150,,5569,,,0,114,,5575,,,0,115,,5576,,,0,111,,5573,,,0,181,,5577,,,0,120,,5578,,,0,104,,5579,,,0
1003100,'5022',643,,5585,,,0,69,,5586,,,0,30,,5587,,,0,68,,5588,,,0,90,,5589,,,0,106,,5590,,,0,109,,5591,,,0,109,,5592,,,0,115,,5593,,,0,110,,5594,,,0,80,,5595,,,0,74,,5582,,,0,36,,5583,,,0,79,,5581,,,0,32,,5584,,,0,80,,5596,,,0,85,,5597,,,0,122,,5598,,,0,104,,5599,,,0,108,,5600,,,0
1003100,'5024',734,,5614,,,0,101,,5603,,,0,100,,5602,,,0,109,,5601,,,0,110,,5609,,,0,150,,5613,,,0,115,,5606,,,0,114,,5610,,,0,111,,5607,,,0,110,,5608,,,0,75,,5604,,,0,115,,5605,,,0,102,,5612,,,0,99,,5611,,,0
24003100,'5022',534,,5660,,,0,69,,5657,,,0,30,,5658,,,0,69,,5659,,,0
