300,'5021',627,,4668,,,0,95,,4669,,,0,88,,4682,,,0,92,,4671,,,0,50,,4672,,,0,97,,4673,,,0,94,,4670,,,0,99,,4674,,,0,101,,4675,,,0,100,,4676,,,0,100,,4677,,,0,104,,4678,,,0,100,,4679,,,0,96,,4680,,,0,100,,4681,,,0
300,'5022',543,,4684,,,0,70,,4685,,,0,28,,4686,,,0,74,,4687,,,0,33,,4688,,,0,74,,4689,,,0,34,,4690,,,0,76,,4691,,,0,74,,4692,,,0,35,,4683,,,0,74,,4693,,,0,34,,4694,,,0,75,,4695,,,0,35,,4696,,,0,80,,4697,,,0,71,,4698,,,0,36,,4699,,,0,81,,4700,,,0,76,,4701,,,0,33,,4702,,,0,79,,4703,,,0,38,,4704,,,0,77,,4706,,,0,76,,4705,,,0,30,,4707,,,0,102,,4708,,,0,102,,4709,,,0,104,,4710,,,0
300,'5024',558,,4735,,,0,90,,4734,,,0,98,,4736,,,0,87,,4711,,,0,67,,4712,,,0,40,,4713,,,0,75,,4715,,,0,29,,4716,,,0,75,,4717,,,0,35,,4714,,,0,73,,4718,,,0,79,,4719,,,0,35,,4720,,,0,75,,4721,,,0,41,,4722,,,0,75,,4723,,,0,71,,4724,,,0,36,,4725,,,0,76,,4726,,,0,36,,4727,,,0,86,,4728,,,0,75,,4729,,,0,36,,4730,,,0,90,,4731,,,0,102,,4732,,,0,101,,4733,,,0
301,'5021',635,,4740,4,,0,102,,4741,4,,0,96,,4743,4,,0,92,,4752,4,,0,96,,4738,4,,0,90,,4744,4,,0,102,,4745,4,,0,96,,4742,4,,0,101,,4746,4,,0,102,,4747,4,,0,100,,4748,4,,0,97,,4749,4,,0,104,,4750,4,,0,95,,4751,4,,0,93,,4737,4,,0
301,'5022',608,,4754,4,,0,43,,4755,4,,0,77,,4756,4,,0,75,,4757,4,,0,35,,4758,4,,0,75,,4759,4,,0,35,,4760,4,,0,75,,4761,4,,0,35,,4753,4,,0,76,,4762,4,,0,76,,4763,4,,0,37,,4764,4,,0,75,,4765,4,,0,36,,4766,4,,0,76,,4767,4,,0,83,,4768,4,,0,32,,4769,4,,0,76,,4770,4,,0,81,,4771,4,,0,35,,4772,4,,0,72,,4773,4,,0,30,,4774,4,,0,74,,4775,4,,0,33,,4776,4,,0,75,,4777,4,,0,29,,4778,4,,0,99,,4779,4,,0,99,,4780,4,,0
301,'5024',611,,4807,4,,0,95,,4806,4,,0,52,,4805,4,,0,101,,4808,4,,0,92,,4782,4,,0,73,,4783,4,,0,80,,4784,4,,0,37,,4785,4,,0,70,,4786,4,,0,35,,4787,4,,0,75,,4788,4,,0,35,,4789,4,,0,80,,4790,4,,0,77,,4791,4,,0,35,,4792,4,,0,80,,4793,4,,0,75,,4794,4,,0,28,,4795,4,,0,75,,4796,4,,0,34,,4797,4,,0,73,,4798,4,,0,43,,4799,4,,0,75,,4800,4,,0,75,,4801,4,,0,48,,4802,4,,0,99,,4803,4,,0
500,'5021',635,,4859,,,0,102,,4860,,,0,96,,4861,,,0,92,,4873,,,0,96,,4862,,,0,90,,4863,,,0,102,,4865,,,0,96,,4866,,,0,101,,4867,,,0,102,,4864,,,0,100,,4868,,,0,97,,4869,,,0,104,,4870,,,0,95,,4871,,,0,93,,4872,,,0
500,'5022',608,,4874,,,0,43,,4875,,,0,77,,4876,,,0,75,,4877,,,0,35,,4878,,,0,75,,4879,,,0,35,,4880,,,0,75,,4881,,,0,35,,4882,,,0,76,,4883,,,0,76,,4884,,,0,37,,4885,,,0,75,,4886,,,0,36,,4887,,,0,76,,4888,,,0,83,,4889,,,0,32,,4890,,,0,76,,4891,,,0,81,,4892,,,0,35,,4893,,,0,72,,4894,,,0,30,,4895,,,0,74,,4896,,,0,33,,4897,,,0,75,,4898,,,0,29,,4899,,,0,99,,4900,,,0,99,,4901,,,0
500,'5024',611,,4926,,,0,95,,4925,,,0,52,,4924,,,0,101,,4927,,,0,92,,4902,,,0,73,,4903,,,0,80,,4904,,,0,37,,4905,,,0,70,,4907,,,0,35,,4908,,,0,75,,4909,,,0,35,,4906,,,0,80,,4910,,,0,77,,4911,,,0,35,,4912,,,0,80,,4913,,,0,75,,4914,,,0,28,,4915,,,0,75,,4916,,,0,34,,4917,,,0,73,,4918,,,0,43,,4919,,,0,75,,4920,,,0,75,,4921,,,0,48,,4922,,,0,99,,4923,,,0
501,'5021',627,,4929,4,,0,95,,4928,4,,0,88,,4942,4,,0,92,,4930,4,,0,50,,4931,4,,0,97,,4932,4,,0,94,,4933,4,,0,99,,4934,4,,0,101,,4936,4,,0,100,,4937,4,,0,100,,4938,4,,0,104,,4935,4,,0,100,,4939,4,,0,96,,4940,4,,0,100,,4941,4,,0
501,'5022',613,,4943,4,,0,28,,4944,4,,0,74,,4945,4,,0,33,,4946,4,,0,74,,4947,4,,0,34,,4949,4,,0,76,,4948,4,,0,74,,4950,4,,0,35,,4951,4,,0,74,,4952,4,,0,34,,4953,4,,0,75,,4954,4,,0,35,,4955,4,,0,80,,4956,4,,0,71,,4957,4,,0,36,,4958,4,,0,81,,4959,4,,0,76,,4960,4,,0,33,,4961,4,,0,79,,4962,4,,0,38,,4963,4,,0,77,,4964,4,,0,76,,4965,4,,0,30,,4966,4,,0,102,,4967,4,,0,102,,4968,4,,0,104,,4969,4,,0
501,'5024',648,,4993,4,,0,98,,4994,4,,0,87,,4972,4,,0,67,,4973,4,,0,40,,4970,4,,0,75,,4971,4,,0,29,,4974,4,,0,75,,4975,4,,0,35,,4976,4,,0,73,,4977,4,,0,79,,4978,4,,0,35,,4979,4,,0,75,,4980,4,,0,41,,4981,4,,0,75,,4982,4,,0,71,,4983,4,,0,36,,4984,4,,0,76,,4985,4,,0,36,,4986,4,,0,86,,4987,4,,0,75,,4988,4,,0,36,,4990,4,,0,90,,4991,4,,0,102,,4992,4,,0,101,,4989,4,,0
2400,'5022',1442,,5234,0,15 16 11 12,0
