100,'5014',531,,3815,22,,,0,72,,3816,22,,,0,30,,3814,22,,,0,20,,3818,22,,,0,61,,3819,22,,,0,20,,3817,22,,,0,17,,3820,22,,,0,60,,3821,22,,,0,16,,3822,22,,,0,17,,3823,22,,,0,15,,3824,22,,,0,56,,3826,22,,,0,18,,3825,22,,,0,17,,3827,22,,,0,59,,3828,22,,,0,19,,3829,22,,,0,21,,3830,22,,,0,62,,3831,22,,,0,22,,3832,22,,,0,26,,3833,22,,,0,64,,3835,22,,,0,22,,3834,22,,,0,62,,3836,22,,,0,24,,3837,22,,,0,23,,3839,22,,,0,61,,3838,22,,,0,23,,3840,22,,,0,62,,3841,22,,,0,26,,3842,22,,,0,16,,3843,22,,,0,15,,3844,22,,,0,55,,3845,22,,,0,15,,3846,22,,,0,15,,3847,22,,,0,15,,3848,22,,,0,55,,3849,22,,,0,12,,3850,22,,,0,14,,3851,22,,,0,14,,3852,22,,,0,55,,3853,22,,,0,15,,3854,22,,,0,20,,3855,22,,,0,60,,3856,22,,,0,24,,3857,22,,,0,22,,3864,22,,,0,64,,3858,22,,,0,25,,3859,22,,,0,63,,3860,22,,,0,25,,3865,22,,,0,25,,3861,22,,,0,66,,3862,22,,,0,30,,3863,22,,,0
100,'5015',615,,3866,22,,,0,32,,3867,22,,,0,70,,3868,22,,,0,30,,3869,22,,,0,75,,3870,22,,,0,35,,3871,22,,,0,77,,3872,22,,,0,72,,3874,22,,,0,38,,3875,22,,,0,77,,3873,22,,,0,31,,3876,22,,,0,70,,3877,22,,,0,30,,3878,22,,,0,71,,3879,22,,,0,30,,3880,22,,,0,70,,3881,22,,,0,30,,3882,22,,,0,70,,3883,22,,,0,30,,3884,22,,,0,70,,3885,22,,,0,30,,3886,22,,,0,69,,3887,22,,,0,24,,3888,22,,,0,69,,3889,22,,,0,29,,3890,22,,,0,75,,3891,22,,,0,34,,3892,22,,,0,74,,3893,22,,,0,75,,3894,22,,,0,35,,3895,22,,,0,75,,3896,22,,,0,34,,3897,22,,,0
100,'5221',620,,3898,22,,,0,81,,3899,22,,,0,40,,3900,22,,,0,81,,3901,22,,,0,80,,3902,22,,,0,50,,3903,22,,,0,87,,3904,22,,,0,80,,3905,22,,,0,85,,3906,22,,,0,38,,3919,22,,,0,80,,3907,22,,,0,80,,3908,22,,,0,41,,3909,22,,,0,80,,3910,22,,,0,80,,3911,22,,,0,40,,3912,22,,,0,79,,3913,22,,,0,79,,3914,22,,,0,40,,3915,22,,,0,77,,3916,22,,,0,39,,3917,22,,,0,76,,3918,22,,,0,85,,3920,22,,,0,94,,3921,22,,,0
200,'5014',551,,4026,27,,,0,74,,4027,27,,,0,29,,4028,27,,,0,71,,4029,27,,,0,16,,4030,27,,,0,15,,4031,27,,,0,63,,4032,27,,,0,16,,4033,27,,,0,18,,4034,27,,,0,61,,4035,27,,,0,21,,4036,27,,,0,23,,4037,27,,,0,61,,4038,27,,,0,21,,4039,27,,,0,62,,4040,27,,,0,23,,4041,27,,,0,23,,4042,27,,,0,62,,4043,27,,,0,23,,4044,27,,,0,22,,4045,27,,,0,61,,4046,27,,,0,23,,4047,27,,,0,66,,4048,27,,,0,26,,4049,27,,,0,20,,4050,27,,,0,66,,4051,27,,,0,18,,4052,27,,,0,15,,4053,27,,,0,56,,4054,27,,,0,15,,4055,27,,,0,14,,4056,27,,,0,15,,4057,27,,,0,55,,4058,27,,,0,14,,4059,27,,,0,15,,4060,27,,,0,14,,4061,27,,,0,55,,4062,27,,,0,18,,4063,27,,,0,19,,4064,27,,,0,60,,4065,27,,,0,20,,4066,27,,,0,19,,4067,27,,,0,20,,4073,27,,,0,69,,4068,27,,,0,24,,4069,27,,,0,65,,4070,27,,,0,23,,4074,27,,,0,62,,4071,27,,,0,29,,4072,27,,,0
200,'5015',624,,4075,27,,,0,35,,4076,27,,,0,75,,4077,27,,,0,72,,4078,27,,,0,33,,4079,27,,,0,71,,4080,27,,,0,36,,4081,27,,,0,84,,4082,27,,,0,76,,4083,27,,,0,33,,4084,27,,,0,70,,4086,27,,,0,30,,4087,27,,,0,68,,4088,27,,,0,30,,4085,27,,,0,70,,4089,27,,,0,30,,4090,27,,,0,70,,4091,27,,,0,29,,4092,27,,,0,70,,4093,27,,,0,30,,4095,27,,,0,69,,4096,27,,,0,29,,4094,27,,,0,68,,4097,27,,,0,27,,4098,27,,,0,29,,4099,27,,,0,76,,4100,27,,,0,78,,4101,27,,,0,35,,4102,27,,,0,75,,4103,27,,,0,34,,4104,27,,,0,73,,4105,27,,,0
200,'5221',623,,4106,27,,,0,35,,4107,27,,,0,81,,4108,27,,,0,86,,4109,27,,,0,81,,4110,27,,,0,42,,4111,27,,,0,82,,4112,27,,,0,96,,4113,27,,,0,89,,4114,27,,,0,86,,4115,27,,,0,41,,4116,27,,,0,80,,4117,27,,,0,80,,4118,27,,,0,40,,4119,27,,,0,80,,4120,27,,,0,80,,4121,27,,,0,38,,4122,27,,,0,80,,4123,27,,,0,39,,4124,27,,,0,79,,4125,27,,,0,80,,4126,27,,,0,40,,4128,27,,,0,78,,4127,27,,,0
200,'5357',2440,,4129,27,,,0
601,'5014',611,,4571,46,,,0,40,,4572,46,,,0,78,,4574,46,,,0,79,,4575,46,,,0,40,,4576,46,,,0,85,,4573,46,,,0,75,,4577,46,,,0,117,,4578,46,,,0,121,,4579,46,,,0,165,,4580,46,,,0,44,,4581,46,,,0,87,,4563,46,,,0,88,,4564,46,,,0,83,,4565,46,,,0,37,,4567,46,,,0,84,,4568,46,,,0,80,,4569,46,,,0,101,,4566,46,,,0,109,,4570,46,,,0,113,,4561,46,,,0,107,,4562,46,,,0
601,'5015',614,,4584,46,,,0,100,,4585,46,,,0,103,,4583,46,,,0,97,,4586,46,,,0,102,,4587,46,,,0,100,,4588,46,,,0,96,,4589,46,,,0,102,,4590,46,,,0,100,,4591,46,,,0,99,,4592,46,,,0,99,,4593,46,,,0,99,,4594,46,,,0,105,,4595,46,,,0,103,,4596,46,,,0,95,,4597,46,,,0,107,,4598,46,,,0,114,,4599,46,,,0,110,,4582,46,,,0
601,'5221',609,,4600,46,,,0,111,,4601,46,,,0,108,,4602,46,,,0,105,,4603,46,,,0,86,,4605,46,,,0,103,,4606,46,,,0,90,,4607,46,,,0,101,,4604,46,,,0,100,,4608,46,,,0,100,,4609,46,,,0,100,,4610,46,,,0,98,,4611,46,,,0,104,,4612,46,,,0,119,,4613,46,,,0,109,,4614,46,,,0
1701,'5014',651,,4730,39,,,0,77,,4731,39,,,0,92,,4732,39,,,0,729,,4726,39,,,0,88,,4727,39,,,0,84,,4728,39,,,0,79,,4729,39,,,0,44,,4725,39,,,0
2100,'5014',656,,4744,30,,,0,88,,4740,30,,,0,84,,4741,30,,,0,97,,4742,30,,,0,85,,4743,30,,,0,33,,4745,30,,,0,99,,4739,30,,,0,166,,4737,30,,,0,132,,4738,30,,,0,281,,4736,30,,,0,84,,4734,30,,,0,102,,4735,30,,,0,120,,4733,30,,,0
2100,'5015',821,,4753,30,,,0,134,,4755,30,,,0,180,,4754,30,,,0,183,,4749,30,,,0,118,,4750,30,,,0,103,,4751,30,,,0,98,,4752,30,,,0,98,,4747,30,,,0,175,,4748,30,,,0,133,,4746,30,,,0
2100,'5221',859,,4763,30,,,0,100,,4764,30,,,0,175,,4756,30,,,0,172,,4758,30,,,0,134,,4757,30,,,0,172,,4759,30,,,0,129,,4760,30,,,0,170,,4761,30,,,0,129,,4762,30,,,0
1002100,'5014',1544,,6120,35,,,0,80,,6121,35,,,0
