3101,'5014',621,,4827,4,,,0,85,,4828,4,,,0,30,,4830,4,,,0,71,,4831,4,,,0,33,,4829,4,,,0,87,,4833,4,,,0,105,,4834,4,,,0,110,,4835,4,,,0,110,,4832,4,,,0,155,,4836,4,,,0,114,,4837,4,,,0,81,,4839,4,,,0,36,,4840,4,,,0,76,,4841,4,,,0,34,,4838,4,,,0,71,,4842,4,,,0,18,,4843,4,,,0
3101,'5015',756,,4847,4,,,0,144,,4846,4,,,0,102,,4844,4,,,0,110,,4851,4,,,0,110,,4852,4,,,0,110,,4845,4,,,0,115,,4850,4,,,0,155,,4848,4,,,0,110,,4849,4,,,0,110,,4853,4,,,0
3101,'5221',756,,4860,4,,,0,248,,4857,4,,,0,218,,4854,4,,,0,110,,4858,4,,,0,115,,4856,4,,,0,155,,4859,4,,,0,110,,4855,4,,,0
3201,'5014',551,,4862,4,0,5 49,0,70,,4863,4,0,5 49,0,30,,4864,4,0,5 49,0,70,,4861,4,0,5 49,0,30,,4865,4,0,5 49,0,73,,4866,4,0,5 49,0,33,,4867,4,0,5 49,0,70,,4868,4,0,5 49,0,32,,4869,4,0,5 49,0,73,,4870,4,0,5 49,0,75,,4871,4,0,5 49,0,35,,4872,4,0,5 49,0,75,,4873,4,0,5 49,0,35,,4874,4,0,5 49,0,75,,4875,4,0,5 49,0,80,,4876,4,0,5 49,0,37,,4877,4,0,5 49,0,78,,4878,4,0,5 49,0,80,,4879,4,0,5 49,0,35,,4880,4,0,5 49,0,77,,4881,4,0,5 49,0,33,,4882,4,0,5 49,0,72,,4883,4,0,5 49,0,38,,4884,4,0,5 49,0,87,,4885,4,0,5 49,0,67,,4886,4,0,5 49,0,95,,4887,4,0,5 49,0,105,,4888,4,0,5 49,0
3201,'5015',756,,4900,4,0,5 49,0,70,,4891,4,0,5 49,0,74,,4911,4,0,5 49,0,32,,4889,4,0,5 49,0,70,,4892,4,0,5 49,0,35,,4897,4,0,5 49,0,75,,4890,4,0,5 49,0,35,,4909,4,0,5 49,0,75,,4894,4,0,5 49,0,35,,4893,4,0,5 49,0,75,,4898,4,0,5 49,0,75,,4895,4,0,5 49,0,40,,4910,4,0,5 49,0,75,,4899,4,0,5 49,0,80,,4896,4,0,5 49,0,35,,4905,4,0,5 49,0,75,,4901,4,0,5 49,0,35,,4912,4,0,5 49,0,74,,4902,4,0,5 49,0,35,,4904,4,0,5 49,0,85,,4903,4,0,5 49,0,70,,4907,4,0,5 49,0,30,,4906,4,0,5 49,0,170,,4908,4,0,5 49,0
3201,'5221',756,,4927,4,0,5 49,0,103,,4926,4,0,5 49,0,144,,4921,4,0,5 49,0,33,,4928,4,0,5 49,0,76,,4915,4,0,5 49,0,35,,4914,4,0,5 49,0,75,,4922,4,0,5 49,0,35,,4913,4,0,5 49,0,75,,4923,4,0,5 49,0,75,,4918,4,0,5 49,0,40,,4924,4,0,5 49,0,75,,4919,4,0,5 49,0,80,,4920,4,0,5 49,0,35,,4917,4,0,5 49,0,74,,4925,4,0,5 49,0,35,,4916,4,0,5 49,0,110,,4929,4,0,5 49,0,155,,4930,4,0,5 49,0
3201,'5357',2506,,4931,4,0,5 49,0
3900,'5014',627,,5083,4,,,0
1003101,'5014',651,,6169,4,,,0,70,,6170,4,,,0,30,,6171,4,,,0,72,,6172,4,,,0,33,,6173,4,,,0,103,,6174,4,,,0,148,,6175,4,,,0,110,,6176,4,,,0,110,,6177,4,,,0,115,,6178,4,,,0,100,,6179,4,,,0,78,,6180,4,,,0,35,,6181,4,,,0,75,,6182,4,,,0,72,,6183,4,,,0,51,,6184,4,,,0,90,,6185,4,,,0,163,,6186,4,,,0,110,,6187,4,,,0
1003101,'5015',826,,6193,4,,,0,105,,6199,4,,,0,105,,6188,4,,,0,111,,6189,4,,,0,110,,6190,4,,,0,150,,6192,4,,,0,115,,6197,4,,,0,115,,6195,4,,,0,109,,6194,4,,,0,110,,6191,4,,,0,155,,6196,4,,,0,100,,6198,4,,,0
1003101,'5221',859,,6207,4,,,0,253,,6206,4,,,0,35,,6200,4,,,0,110,,6202,4,,,0,150,,6203,4,,,0,114,,6204,4,,,0,115,,6205,4,,,0,110,,6201,4,,,0,110,,6208,4,,,0,155,,6209,4,,,0,100,,6210,4,,,0
