5100,'5014',528,,5104,24,0,37,0,80,,5105,24,0,37,0,25,,5106,24,0,37,0,67,,5107,24,0,37,0,14,,5108,24,0,37,0,12,,5109,24,0,37,0,21,,5110,24,0,37,0,56,,5111,24,0,37,0,18,,5112,24,0,37,0,15,,5113,24,0,37,0,15,,5114,24,0,37,0,55,,5115,24,0,37,0,15,,5103,24,0,37,0,22,,5116,24,0,37,0,61,,5117,24,0,37,0,26,,5118,24,0,37,0,27,,5119,24,0,37,0,66,,5120,24,0,37,0,27,,5121,24,0,37,0,65,,5122,24,0,37,0,25,,5123,24,0,37,0,17,,5124,24,0,37,0,60,,5125,24,0,37,0,20,,5126,24,0,37,0,20,,5127,24,0,37,0,58,,5128,24,0,37,0,20,,5129,24,0,37,0,20,,5130,24,0,37,0,58,,5131,24,0,37,0,23,,5132,24,0,37,0,18,,5133,24,0,37,0,56,,5134,24,0,37,0,15,,5135,24,0,37,0,16,,5136,24,0,37,0,15,,5137,24,0,37,0,54,,5138,24,0,37,0,16,,5139,24,0,37,0,14,,5140,24,0,37,0,15,,5141,24,0,37,0,54,,5142,24,0,37,0,14,,5143,24,0,37,0,20,,5144,24,0,37,0,59,,5145,24,0,37,0,20,,5146,24,0,37,0,25,,5147,24,0,37,0,65,,5148,24,0,37,0,27,,5155,24,0,37,0,70,,5149,24,0,37,0,30,,5150,24,0,37,0,65,,5151,24,0,37,0,30,,5152,24,0,37,0,70,,5154,24,0,37,0,28,,5153,24,0,37,0
5100,'5015',754,,5191,24,0,37,0,104,,5187,24,0,37,0,70,,5188,24,0,37,0,73,,5156,24,0,37,0,30,,5157,24,0,37,0,70,,5159,24,0,37,0,21,,5160,24,0,37,0,25,,5158,24,0,37,0,66,,5189,24,0,37,0,21,,5161,24,0,37,0,18,,5162,24,0,37,0,58,,5163,24,0,37,0,19,,5164,24,0,37,0,18,,5165,24,0,37,0,59,,5166,24,0,37,0,17,,5167,24,0,37,0,18,,5168,24,0,37,0,18,,5169,24,0,37,0,58,,5170,24,0,37,0,18,,5171,24,0,37,0,18,,5172,24,0,37,0,57,,5173,24,0,37,0,18,,5190,24,0,37,0,19,,5174,24,0,37,0,65,,5175,24,0,37,0,25,,5176,24,0,37,0,18,,5177,24,0,37,0,65,,5178,24,0,37,0,24,,5179,24,0,37,0,58,,5180,24,0,37,0,25,,5185,24,0,37,0,25,,5195,24,0,37,0,59,,5184,24,0,37,0,20,,5186,24,0,37,0,70,,5194,24,0,37,0,30,,5183,24,0,37,0,80,,5193,24,0,37,0,24,,5182,24,0,37,0,70,,5192,24,0,37,0,29,,5181,24,0,37,0
5100,'5221',754,,5220,24,0,37,0,101,,5205,24,0,37,0,70,,5219,24,0,37,0,31,,5196,24,0,37,0,75,,5209,24,0,37,0,72,,5197,24,0,37,0,37,,5210,24,0,37,0,77,,5198,24,0,37,0,37,,5211,24,0,37,0,75,,5199,24,0,37,0,80,,5212,24,0,37,0,33,,5200,24,0,37,0,80,,5202,24,0,37,0,35,,5203,24,0,37,0,75,,5213,24,0,37,0,75,,5204,24,0,37,0,35,,5214,24,0,37,0,74,,5201,24,0,37,0,33,,5215,24,0,37,0,73,,5208,24,0,37,0,29,,5216,24,0,37,0,75,,5207,24,0,37,0,30,,5218,24,0,37,0,73,,5206,24,0,37,0,99,,5217,24,0,37,0
5301,'5014',546,,5426,2,0,39 40,0,80,,5427,2,0,39 40,0,75,,5428,2,0,39 40,0,30,,5429,2,0,39 40,0,75,,5430,2,0,39 40,0,25,,5431,2,0,39 40,0,100,,5432,2,0,39 40,0,100,,5433,2,0,39 40,0,100,,5434,2,0,39 40,0,100,,5435,2,0,39 40,0,100,,5436,2,0,39 40,0,105,,5437,2,0,39 40,0,75,,5438,2,0,39 40,0,25,,5439,2,0,39 40,0,65,,5440,2,0,39 40,0,30,,5441,2,0,39 40,0,100,,5442,2,0,39 40,0,95,,5443,2,0,39 40,0,95,,5444,2,0,39 40,0,112,,5445,2,0,39 40,0,98,,5446,2,0,39 40,0
5301,'5015',812,,5461,2,0,39 40,0,104,,5447,2,0,39 40,0,105,,5456,2,0,39 40,0,95,,5449,2,0,39 40,0,100,,5457,2,0,39 40,0,100,,5451,2,0,39 40,0,100,,5453,2,0,39 40,0,100,,5454,2,0,39 40,0,100,,5455,2,0,39 40,0,100,,5450,2,0,39 40,0,95,,5458,2,0,39 40,0,100,,5448,2,0,39 40,0,110,,5459,2,0,39 40,0,100,,5452,2,0,39 40,0,110,,5460,2,0,39 40,0
5301,'5221',812,,5473,2,0,39 40,0,104,,5471,2,0,39 40,0,100,,5470,2,0,39 40,0,100,,5462,2,0,39 40,0,100,,5463,2,0,39 40,0,100,,5464,2,0,39 40,0,100,,5465,2,0,39 40,0,100,,5466,2,0,39 40,0,100,,5468,2,0,39 40,0,100,,5469,2,0,39 40,0,100,,5467,2,0,39 40,0,100,,5472,2,0,39 40,0,100,,5474,2,0,39 40,0
7100,'4623',1936,,5864,2,,,0,195,,5865,2,,,0
7100,'5014',516,,5869,2,0,35 36,0,110,,5868,2,,,0,95,,5866,2,,,0,100,,5870,2,,,0,100,,5867,2,,,0,321,,5871,2,,,0,175,,5874,2,,,0,27,,5872,2,0,35 36,0,78,,5873,2,,,0,100,,5875,2,,,0,110,,5876,2,,,0
7100,'5015',724,,5882,2,0,35 36,0,127,,5878,2,,,0,195,,5879,2,,,0,200,,5880,2,,,0,162,,5877,2,0,35 36,0,127,,5881,2,,,0,201,,5883,2,,,0,265,,5884,2,,,0,155,,5885,2,,,0
7100,'5221',1026,,5886,2,,,0,195,,5887,2,,,0,310,,5888,2,,,0,200,,5889,2,,,0
