101,'5014',542,,3923,12,,,0,67,,3924,12,,,0,30,,3925,12,,,0,69,,3926,12,,,0,22,,3922,12,,,0,15,,3927,12,,,0,55,,3928,12,,,0,21,,3929,12,,,0,21,,3930,12,,,0,62,,3931,12,,,0,21,,3932,12,,,0,21,,3933,12,,,0,61,,3934,12,,,0,22,,3935,12,,,0,21,,3936,12,,,0,62,,3937,12,,,0,23,,3938,12,,,0,21,,3939,12,,,0,61,,3940,12,,,0,22,,3941,12,,,0,66,,3942,12,,,0,26,,3943,12,,,0,20,,3944,12,,,0,64,,3945,12,,,0,18,,3946,12,,,0,15,,3947,12,,,0,56,,3948,12,,,0,15,,3949,12,,,0,15,,3950,12,,,0,15,,3951,12,,,0,55,,3952,12,,,0,15,,3953,12,,,0,15,,3954,12,,,0,14,,3955,12,,,0,55,,3956,12,,,0,15,,3957,12,,,0,13,,3958,12,,,0,13,,3959,12,,,0,61,,3960,12,,,0,20,,3961,12,,,0,20,,3962,12,,,0,60,,3970,12,,,0,29,,3963,12,,,0,25,,3964,12,,,0,67,,3965,12,,,0,24,,3971,12,,,0,63,,3966,12,,,0,30,,3967,12,,,0,77,,3968,12,,,0,32,,3969,12,,,0
101,'5015',617,,3973,12,,,0,35,,3972,12,,,0,70,,3974,12,,,0,32,,3975,12,,,0,67,,3976,12,,,0,35,,3977,12,,,0,82,,3978,12,,,0,74,,3979,12,,,0,32,,3980,12,,,0,68,,3981,12,,,0,29,,3982,12,,,0,67,,3983,12,,,0,28,,3984,12,,,0,70,,3985,12,,,0,30,,3986,12,,,0,70,,3987,12,,,0,30,,3988,12,,,0,70,,3989,12,,,0,31,,3990,12,,,0,70,,3991,12,,,0,30,,3992,12,,,0,69,,3993,12,,,0,28,,3994,12,,,0,70,,3995,12,,,0,38,,3996,12,,,0,79,,3997,12,,,0,38,,3998,12,,,0,76,,3999,12,,,0,76,,4000,12,,,0,35,,4001,12,,,0,72,,4003,12,,,0,35,,4002,12,,,0
101,'5221',618,,4004,12,,,0,40,,4005,12,,,0,85,,4006,12,,,0,80,,4007,12,,,0,79,,4008,12,,,0,36,,4009,12,,,0,94,,4010,12,,,0,88,,4011,12,,,0,84,,4012,12,,,0,40,,4013,12,,,0,80,,4014,12,,,0,79,,4015,12,,,0,40,,4016,12,,,0,80,,4017,12,,,0,80,,4018,12,,,0,40,,4019,12,,,0,81,,4020,12,,,0,81,,4021,12,,,0,43,,4022,12,,,0,80,,4023,12,,,0,81,,4024,12,,,0,43,,4025,12,,,0
700,'5014',644,,4620,45,4,,0,257,,4621,45,4,,0,201,,4622,45,4,,0,201,,4623,45,4,,0,201,,4618,45,4,,0,200,,4619,45,4,,0,197,,4617,45,4,,0,158,,4615,45,4,,0,266,,4616,45,4,,0
700,'5015',556,,4624,53,4,,0,100,,4625,53,4,,0,202,,4626,53,4,,0,242,,4627,53,4,,0,202,,4628,53,4,,0,200,,4629,53,4,,0,200,,4630,53,4,,0,199,,4631,45,4,,0,158,,4632,53,4,,0,266,,4633,45,4,,0
700,'5221',556,,4641,45,4,,0,100,,4635,45,4,,0,201,,4634,45,4,,0,202,,4636,45,4,,0,241,,4637,45,4,,0,201,,4638,45,4,,0,201,,4639,45,4,,0,198,,4640,45,4,,0
1000700,'5014',803,,6102,49,4,,0,201,,6103,49,4,,0,201,,6104,49,4,,0,201,,6096,49,4,,0,201,,6099,49,4,,0,29,,6100,49,4,,0,169,,6101,49,4,,0,197,,6097,49,4,,0,199,,6098,49,4,,0
1000700,'5015',759,,6105,57,4,,0,242,,6106,57,,,0,202,,6107,57,4,,0,201,,6108,57,4,,0,200,,6109,49,,,0,200,,6110,57,4,,0,198,,6111,57,4,,0,157,,6112,57,,,0
1000700,'5221',759,,6114,49,4,,0,241,,6113,49,4,,0,202,,6115,49,4,,0,200,,6117,49,4,,0,202,,6116,49,4,,0,199,,6118,49,4,,0,198,,6119,49,,,0
24003100,'5357',2445,,6215,8,,,0
