101,'5021',626,,1524,23,,,0,80,,1525,23,,,0,45,,1526,23,,,0,80,,1527,23,,,0,80,,1528,23,,,0,37,,1529,23,,,0,94,,1530,23,,,0,88,,1531,23,,,0,86,,1532,23,,,0,40,,1533,23,,,0,80,,1534,23,,,0,79,,1535,23,,,0,40,,1536,23,,,0,80,,1537,23,,,0,80,,1538,23,,,0,40,,1539,23,,,0,81,,1540,23,,,0,80,,1541,23,,,0,42,,1542,23,,,0,80,,1543,23,,,0,81,,1544,23,,,0,82,,1545,23,,,0
101,'5022',551,,1547,23,,,0,66,,1548,23,,,0,31,,1549,23,,,0,69,,1550,23,,,0,23,,1546,23,,,0,14,,1551,23,,,0,56,,1552,23,,,0,22,,1553,23,,,0,21,,1554,23,,,0,63,,1555,23,,,0,20,,1556,23,,,0,21,,1557,23,,,0,62,,1558,23,,,0,22,,1559,23,,,0,62,,1560,23,,,0,22,,1561,23,,,0,23,,1562,23,,,0,62,,1563,23,,,0,21,,1564,23,,,0,23,,1565,23,,,0,65,,1566,23,,,0,26,,1567,23,,,0,59,,1568,23,,,0,24,,1569,23,,,0,18,,1570,23,,,0,56,,1571,23,,,0,16,,1572,23,,,0,15,,1573,23,,,0,15,,1574,23,,,0,54,,1575,23,,,0,15,,1576,23,,,0,15,,1577,23,,,0,15,,1578,23,,,0,56,,1579,23,,,0,15,,1580,23,,,0,13,,1581,23,,,0,14,,1582,23,,,0,12,,1583,23,,,0,61,,1584,23,,,0,20,,1585,23,,,0,20,,1586,23,,,0,59,,1594,23,,,0,30,,1587,23,,,0,65,,1588,23,,,0,23,,1589,23,,,0,67,,1595,23,,,0,23,,1590,23,,,0,30,,1591,23,,,0,74,,1592,23,,,0,73,,1593,23,,,0
101,'5024',626,,1597,23,,,0,75,,1596,23,,,0,30,,1598,23,,,0,72,,1599,23,,,0,29,,1600,23,,,0,75,,1601,23,,,0,42,,1602,23,,,0,74,,1603,23,,,0,32,,1604,23,,,0,69,,1605,23,,,0,30,,1606,23,,,0,67,,1607,23,,,0,28,,1608,23,,,0,70,,1609,23,,,0,30,,1610,23,,,0,70,,1611,23,,,0,30,,1612,23,,,0,70,,1613,23,,,0,31,,1614,23,,,0,70,,1615,23,,,0,30,,1616,23,,,0,69,,1617,23,,,0,27,,1618,23,,,0,69,,1619,23,,,0,38,,1620,23,,,0,79,,1621,23,,,0,78,,1622,23,,,0,35,,1623,23,,,0,75,,1624,23,,,0,35,,1625,23,,,0,72,,1627,23,,,0,75,,1626,23,,,0
201,'5021',619,,1731,24,,,0,40,,1732,24,,,0,79,,1733,24,,,0,80,,1734,24,,,0,86,,1735,24,,,0,46,,1736,24,,,0,79,,1737,24,,,0,83,,1738,24,,,0,37,,1751,24,,,0,80,,1739,24,,,0,79,,1740,24,,,0,38,,1741,24,,,0,80,,1742,24,,,0,80,,1743,24,,,0,40,,1744,24,,,0,80,,1745,24,,,0,80,,1746,24,,,0,41,,1748,24,,,0,79,,1747,24,,,0,80,,1749,24,,,0,39,,1750,24,,,0,85,,1753,24,,,0,98,,1752,24,,,0
201,'5022',515,,1754,24,,,0,35,,1755,24,,,0,80,,1756,24,,,0,75,,1757,24,,,0,17,,1758,24,,,0,15,,1759,24,,,0,15,,1760,24,,,0,56,,1761,24,,,0,18,,1762,24,,,0,18,,1763,24,,,0,57,,1764,24,,,0,20,,1765,24,,,0,17,,1766,24,,,0,20,,1767,24,,,0,61,,1768,24,,,0,22,,1769,24,,,0,63,,1770,24,,,0,26,,1771,24,,,0,21,,1772,24,,,0,62,,1773,24,,,0,22,,1774,24,,,0,23,,1775,24,,,0,62,,1776,24,,,0,23,,1777,24,,,0,60,,1778,24,,,0,23,,1779,24,,,0,16,,1780,24,,,0,16,,1782,24,,,0,56,,1783,24,,,0,14,,1784,24,,,0,18,,1785,24,,,0,54,,1786,24,,,0,14,,1788,24,,,0,13,,1787,24,,,0,14,,1789,24,,,0,15,,1790,24,,,0,55,,1791,24,,,0,16,,1792,24,,,0,22,,1793,24,,,0,61,,1794,24,,,0,25,,1795,24,,,0,24,,1803,24,,,0,65,,1796,24,,,0,24,,1797,24,,,0,64,,1798,24,,,0,27,,1804,24,,,0,64,,1799,24,,,0,29,,1800,24,,,0,72,,1801,24,,,0,34,,1802,24,,,0
201,'5024',602,,1807,24,,,0,31,,1808,24,,,0,69,,1809,24,,,0,35,,1810,24,,,0,75,,1811,24,,,0,34,,1806,24,,,0,71,,1812,24,,,0,34,,1813,24,,,0,78,,1814,24,,,0,30,,1815,24,,,0,70,,1816,24,,,0,29,,1817,24,,,0,70,,1819,24,,,0,28,,1820,24,,,0,69,,1821,24,,,0,30,,1818,24,,,0,70,,1822,24,,,0,30,,1823,24,,,0,70,,1824,24,,,0,30,,1825,24,,,0,70,,1826,24,,,0,26,,1827,24,,,0,70,,1828,24,,,0,30,,1830,24,,,0,76,,1831,24,,,0,76,,1832,24,,,0,36,,1829,24,,,0,75,,1833,24,,,0,37,,1835,24,,,0,75,,1834,24,,,0,75,,1836,24,,,0,36,,1837,24,,,0
1701,'5022',628,,2334,5,0,29 23,0,75,,2335,5,0,29 23,0,50,,2336,5,0,29 23,0,766,,2330,5,0,29 23,0,85,,2331,5,0,29 23,0,45,,2332,5,0,29 23,0,85,,2333,5,0,29 23,0,85,,2329,5,0,29 23,0
2101,'5021',803,,2377,5,,,0,99,,2369,5,,,0,133,,2370,5,,,0,169,,2371,5,,,0,129,,2372,5,,,0,177,,2373,5,,,0,129,,2374,5,,,0,172,,2375,5,,,0,130,,2376,5,,,0
2101,'5022',601,,2389,5,,,0,44,,2390,5,,,0,167,,2388,5,,,0,91,,2387,5,,,0,37,,2391,5,,,0,95,,2386,5,,,0,124,,2379,5,,,0,167,,2384,5,,,0,104,,2380,5,,,0,74,,2381,5,,,0,106,,2385,5,,,0,49,,2383,5,,,0,149,,2378,5,,,0,122,,2382,5,,,0
2101,'5024',726,,2400,5,,,0,129,,2401,5,,,0,179,,2399,5,,,0,124,,2395,5,,,0,168,,2393,5,,,0,106,,2394,5,,,0,100,,2396,5,,,0,101,,2397,5,,,0,169,,2398,5,,,0,131,,2392,5,,,0
2201,'5022',743,,2402,5,,,0,686,,2403,5,,,0
1002101,'5022',720,,2738,5,,,0
