3100,'5021',1030,,5244,4,,0,110,,5238,4,,0,110,,5239,4,,0,150,,5240,4,,0,115,,5241,4,,0,115,,5243,4,,0,110,,5242,4,,0
3100,'5022',747,,5245,4,,0,72,,5246,4,,0,32,,5247,4,,0,103,,5248,4,,0,148,,5249,4,,0,110,,5250,4,,0,110,,5251,4,,0,114,,5252,4,,0,100,,5253,4,,0,78,,5254,4,,0,35,,5255,4,,0,75,,5256,4,,0,33,,5257,4,,0,75,,5258,4,,0
3100,'5024',925,,5262,4,,0,105,,5266,4,,0,110,,5260,4,,0,110,,5259,4,,0,150,,5261,4,,0,115,,5263,4,,0,115,,5265,4,,0,110,,5264,4,,0
3201,'5021',817,,5315,4,,0,106,,5314,4,,0,104,,5309,4,,0,73,,5316,4,,0,36,,5303,4,,0,76,,5302,4,,0,35,,5310,4,,0,75,,5301,4,,0,35,,5311,4,,0,75,,5306,4,,0,81,,5312,4,,0,35,,5307,4,,0,78,,5308,4,,0,75,,5305,4,,0,34,,5313,4,,0,74,,5304,4,,0,110,,5317,4,,0,115,,5318,4,,0
3201,'5022',612,,5320,4,,0,31,,5321,4,,0,71,,5322,4,,0,33,,5319,4,,0,70,,5323,4,,0,32,,5324,4,,0,73,,5325,4,,0,30,,5326,4,,0,73,,5327,4,,0,33,,5328,4,,0,76,,5329,4,,0,75,,5330,4,,0,35,,5331,4,,0,75,,5332,4,,0,36,,5333,4,,0,81,,5334,4,,0,77,,5335,4,,0,41,,5336,4,,0,77,,5337,4,,0,75,,5338,4,,0,37,,5339,4,,0,70,,5340,4,,0,31,,5341,4,,0,78,,5342,4,,0,86,,5343,4,,0,26,,5344,4,,0,94,,5345,4,,0,104,,5346,4,,0
3201,'5024',818,,5358,4,,0,30,,5349,4,,0,75,,5369,4,,0,32,,5347,4,,0,70,,5350,4,,0,76,,5355,4,,0,35,,5348,4,,0,77,,5367,4,,0,35,,5352,4,,0,75,,5351,4,,0,35,,5356,4,,0,75,,5353,4,,0,80,,5368,4,,0,35,,5357,4,,0,80,,5354,4,,0,75,,5363,4,,0,33,,5359,4,,0,75,,5370,4,,0,34,,5360,4,,0,74,,5362,4,,0,85,,5361,4,,0,29,,5365,4,,0,70,,5364,4,,0,130,,5366,4,,0
3301,'5021',825,,5379,0,25 26,0,21,,5379,4,,0,84,,5384,0,25 26,0,24,,5384,4,,0,86,,5372,0,25 26,0,65,,5372,4,,0,10,,5371,0,25 26,0,25,,5371,4,,0,10,,5377,0,25 26,0,65,,5377,4,,0,10,,5373,0,25 26,0,25,,5373,4,,0,50,,5376,0,25 26,0,25,,5376,4,,0,10,,5380,0,25 26,0,65,,5380,4,,0,10,,5378,0,25 26,0,25,,5378,4,,0,15,,5382,0,25 26,0,65,,5382,4,,0,10,,5375,0,25 26,0,25,,5375,4,,0,50,,5381,0,25 26,0,25,,5381,4,,0,10,,5374,0,25 26,0,24,,5374,4,,0,51,,5383,0,25 26,0,24,,5383,4,,0,86,,5385,0,25 26,0,23,,5385,4,,0,97,,5387,0,25 26,0,62,,5387,4,,0,38,,5386,0,25 26,0,61,,5386,4,,0
3301,'5022',550,,5388,0,25 26,0,63,,5388,4,,0,7,,5389,0,25 26,0,23,,5389,4,,0,7,,5390,0,25 26,0,65,,5390,4,,0,5,,5391,0,25 26,0,27,,5391,4,,0,3,,5392,0,25 26,0,69,,5392,4,,0,3,,5394,0,25 26,0,29,,5394,4,,0,4,,5414,0,25 26,0,67,,5414,4,,0,3,,5395,0,25 26,0,27,,5395,4,,0,5,,5396,0,25 26,0,66,,5396,4,,0,12,,5393,0,25 26,0,66,,5393,4,,0,9,,5397,0,25 26,0,26,,5397,4,,0,9,,5398,0,25 26,0,67,,5398,4,,0,8,,5399,0,25 26,0,27,,5399,4,,0,8,,5400,0,25 26,0,67,,5400,4,,0,8,,5401,0,25 26,0,27,,5401,4,,0,53,,5402,0,25 26,0,29,,5402,4,,0,6,,5415,0,25 26,0,69,,5415,4,,0,11,,5403,0,25 26,0,32,,5403,4,,0,43,,5404,0,25 26,0,29,,5404,4,,0,6,,5405,0,25 26,0,69,,5405,4,,0,8,,5412,0,25 26,0,29,,5412,4,,0,4,,5406,0,25 26,0,67,,5406,4,,0,5,,5407,0,25 26,0,26,,5407,4,,0,12,,5408,0,25 26,0,66,,5408,4,,0,21,,5409,0,25 26,0,65,,5409,4,,0,4,,5410,0,25 26,0,23,,5410,4,,0,3,,5411,0,25 26,0,22,,5411,4,,0,46,,5413,0,25 26,0,22,,5413,4,,0
3301,'5024',755,,5420,0,25 26,0,61,,5420,4,,0,9,,5434,0,25 26,0,21,,5434,4,,0,12,,5416,0,25 26,0,61,,5416,4,,0,11,,5418,0,25 26,0,23,,5418,4,,0,52,,5423,0,25 26,0,23,,5423,4,,0,12,,5417,0,25 26,0,63,,5417,4,,0,12,,5436,0,25 26,0,24,,5436,4,,0,11,,5419,0,25 26,0,64,,5419,4,,0,11,,5422,0,25 26,0,24,,5422,4,,0,51,,5430,0,25 26,0,25,,5430,4,,0,10,,5421,0,25 26,0,65,,5421,4,,0,10,,5433,0,25 26,0,25,,5433,4,,0,15,,5425,0,25 26,0,65,,5425,4,,0,10,,5424,0,25 26,0,25,,5424,4,,0,50,,5431,0,25 26,0,25,,5431,4,,0,10,,5428,0,25 26,0,65,,5428,4,,0,10,,5435,0,25 26,0,24,,5435,4,,0,11,,5427,0,25 26,0,64,,5427,4,,0,11,,5429,0,25 26,0,24,,5429,4,,0,96,,5426,0,25 26,0,62,,5426,4,,0,38,,5432,0,25 26,0,62,,5432,4,,0
3401,'5021',755,,5449,0,20 21,0,62,,5449,4,,0,118,,5439,0,20 21,0,23,,5439,4,,0,152,,5441,0,20 21,0,24,,5441,4,,0,11,,5437,0,20 21,0,64,,5437,4,,0,11,,5440,0,20 21,0,24,,5440,4,,0,11,,5438,0,20 21,0,64,,5438,4,,0,11,,5447,0,20 21,0,24,,5447,4,,0,51,,5446,0,20 21,0,24,,5446,4,,0,16,,5442,0,20 21,0,64,,5442,4,,0,11,,5445,0,20 21,0,24,,5445,4,,0,56,,5448,0,20 21,0,24,,5448,4,,0,11,,5444,0,20 21,0,24,,5444,4,,0,51,,5443,0,20 21,0,23,,5443,4,,0,172,,5450,0,20 21,0,22,,5450,4,,0
3401,'5022',550,,5451,0,20 21,0,63,,5451,4,,0,7,,5452,0,20 21,0,23,,5452,4,,0,7,,5453,0,20 21,0,63,,5453,4,,0,7,,5454,0,20 21,0,24,,5454,4,,0,6,,5455,0,20 21,0,69,,5455,4,,0,3,,5456,0,20 21,0,29,,5456,4,,0,4,,5457,0,20 21,0,66,,5457,4,,0,4,,5458,0,20 21,0,25,,5458,4,,0,7,,5459,0,20 21,0,65,,5459,4,,0,8,,5460,0,20 21,0,25,,5460,4,,0,50,,5461,0,20 21,0,25,,5461,4,,0,10,,5462,0,20 21,0,66,,5462,4,,0,9,,5463,0,20 21,0,26,,5463,4,,0,9,,5464,0,20 21,0,67,,5464,4,,0,8,,5465,0,20 21,0,27,,5465,4,,0,53,,5466,0,20 21,0,28,,5466,4,,0,12,,5467,0,20 21,0,72,,5467,4,,0,3,,5468,0,20 21,0,31,,5468,4,,0,49,,5469,0,20 21,0,29,,5469,4,,0,6,,5470,0,20 21,0,69,,5470,4,,0,8,,5471,0,20 21,0,28,,5471,4,,0,5,,5472,0,20 21,0,67,,5472,4,,0,5,,5473,0,20 21,0,26,,5473,4,,0,12,,5474,0,20 21,0,65,,5474,4,,0,22,,5475,0,20 21,0,64,,5475,4,,0,31,,5476,0,20 21,0,63,,5476,4,,0,35,,5477,0,20 21,0,23,,5477,4,,0
3401,'5024',755,,5495,0,20 21,0,62,,5495,4,,0,8,,5478,0,20 21,0,23,,5478,4,,0,10,,5481,0,20 21,0,63,,5481,4,,0,9,,5485,0,20 21,0,23,,5485,4,,0,47,,5479,0,20 21,0,23,,5479,4,,0,12,,5494,0,20 21,0,23,,5494,4,,0,52,,5482,0,20 21,0,24,,5482,4,,0,11,,5483,0,20 21,0,64,,5483,4,,0,11,,5486,0,20 21,0,24,,5486,4,,0,11,,5484,0,20 21,0,64,,5484,4,,0,11,,5497,0,20 21,0,24,,5497,4,,0,51,,5480,0,20 21,0,24,,5480,4,,0,16,,5491,0,20 21,0,64,,5491,4,,0,11,,5492,0,20 21,0,24,,5492,4,,0,56,,5487,0,20 21,0,24,,5487,4,,0,11,,5496,0,20 21,0,24,,5496,4,,0,51,,5490,0,20 21,0,23,,5490,4,,0,12,,5489,0,20 21,0,63,,5489,4,,0,47,,5488,0,20 21,0,63,,5488,4,,0,92,,5493,0,20 21,0,23,,5493,4,,0
3501,'5021',825,,5499,0,28,0,18,,5499,4,,0,377,,5498,0,28,0,18,,5498,4,,0,262,,5502,0,28,0,18,,5502,4,,0,207,,5500,0,28,0,18,,5500,4,,0,102,,5501,0,28,0,58,,5501,4,,0
3501,'5022',657,,5507,0,28,0,56,,5507,4,,0,12,,5508,0,28,0,17,,5508,4,,0,8,,5509,0,28,0,57,,5509,4,,0,15,,5510,0,28,0,19,,5510,4,,0,379,,5505,0,28,0,16,,5505,4,,0,284,,5506,0,28,0,19,,5506,4,,0,281,,5504,0,28,0,17,,5504,4,,0,103,,5503,0,28,0,16,,5503,4,,0
3501,'5024',825,,5512,0,28,0,16,,5512,4,,0,379,,5515,0,28,0,16,,5515,4,,0,264,,5511,0,28,0,16,,5511,4,,0,209,,5513,0,28,0,16,,5513,4,,0,104,,5514,0,28,0,56,,5514,4,,0
3900,'5021',845,,5519,0,7 8,0,84,,5519,4,,0,76,,5522,0,7 8,0,45,,5522,4,,0,60,,5517,0,7 8,0,45,,5517,4,,0,90,,5516,0,7 8,0,85,,5516,4,,0,25,,5520,0,7 8,0,85,,5520,4,,0,85,,5518,0,7 8,0,85,,5518,4,,0,20,,5523,0,7 8,0,84,,5523,4,,0,31,,5521,0,7 8,0,84,,5521,4,,0
3900,'5022',626,,5529,,,0,18,,5529,4,,0,204,,5532,0,7 8,0,99,,5532,4,,0,10,,5526,0,7 8,0,88,,5526,4,,0,60,,5527,0,7 8,0,99,,5527,4,,0,46,,5528,0,7 8,0,89,,5528,4,,0,71,,5530,0,7 8,0,99,,5530,4,,0,91,,5531,0,7 8,0,59,,5531,4,,0,51,,5524,0,7 8,0,99,,5524,4,,0,31,,5525,0,7 8,0,88,,5525,4,,0
3900,'5024',845,,5534,0,7 8,0,89,,5534,4,,0,71,,5535,0,7 8,0,49,,5535,4,,0,56,,5533,0,7 8,0,90,,5533,4,,0,45,,5536,0,7 8,0,90,,5536,4,,0,20,,5538,0,7 8,0,90,,5538,4,,0,80,,5537,0,7 8,0,90,,5537,4,,0,15,,5540,0,7 8,0,89,,5540,4,,0,26,,5539,0,7 8,0,88,,5539,4,,0
1003100,'5021',752,,5580,4,,0,102,,5572,4,,0,103,,5570,4,,0,148,,5574,4,,0,110,,5571,4,,0,110,,5569,4,,0,115,,5575,4,,0,115,,5576,4,,0,150,,5573,4,,0,140,,5577,4,,0,160,,5578,4,,0,103,,5579,4,,0
1003100,'5022',703,,5585,4,,0,29,,5586,4,,0,71,,5587,4,,0,31,,5588,4,,0,88,,5589,4,,0,105,,5590,4,,0,110,,5591,4,,0,110,,5592,4,,0,155,,5593,4,,0,114,,5594,4,,0,40,,5595,4,,0,75,,5582,4,,0,76,,5583,4,,0,34,,5581,4,,0,72,,5584,4,,0,39,,5596,4,,0,85,,5597,4,,0,121,,5598,4,,0,142,,5599,4,,0,108,,5600,4,,0
1003100,'5024',753,,5614,4,,0,101,,5603,4,,0,101,,5602,4,,0,150,,5601,4,,0,110,,5609,4,,0,110,,5613,4,,0,115,,5606,4,,0,115,,5610,4,,0,150,,5607,4,,0,110,,5608,4,,0,35,,5604,4,,0,155,,5605,4,,0,101,,5612,4,,0,98,,5611,4,,0
24003100,'5022',548,,5660,4,,0,70,,5657,4,,0,30,,5658,4,,0,70,,5659,4,,0
