100,'5021',620,,1416,23,,,0,81,,1417,23,,,0,40,,1418,23,,,0,81,,1419,23,,,0,80,,1420,23,,,0,50,,1421,23,,,0,88,,1422,23,,,0,80,,1423,23,,,0,85,,1424,23,,,0,38,,1437,23,,,0,80,,1425,23,,,0,80,,1426,23,,,0,41,,1427,23,,,0,80,,1428,23,,,0,80,,1429,23,,,0,40,,1430,23,,,0,79,,1431,23,,,0,79,,1432,23,,,0,40,,1433,23,,,0,77,,1434,23,,,0,38,,1435,23,,,0,76,,1436,23,,,0,85,,1438,23,,,0,94,,1439,23,,,0
100,'5022',530,,1441,23,,,0,70,,1442,23,,,0,33,,1440,23,,,0,20,,1444,23,,,0,62,,1445,23,,,0,21,,1443,23,,,0,15,,1446,23,,,0,61,,1447,23,,,0,17,,1448,23,,,0,15,,1449,23,,,0,15,,1450,23,,,0,57,,1452,23,,,0,18,,1451,23,,,0,15,,1453,23,,,0,60,,1454,23,,,0,19,,1455,23,,,0,21,,1456,23,,,0,62,,1457,23,,,0,22,,1458,23,,,0,23,,1459,23,,,0,67,,1461,23,,,0,22,,1460,23,,,0,62,,1462,23,,,0,24,,1463,23,,,0,23,,1465,23,,,0,63,,1464,23,,,0,23,,1466,23,,,0,63,,1467,23,,,0,23,,1468,23,,,0,16,,1469,23,,,0,14,,1470,23,,,0,57,,1471,23,,,0,14,,1472,23,,,0,17,,1473,23,,,0,14,,1474,23,,,0,54,,1475,23,,,0,14,,1476,23,,,0,13,,1477,23,,,0,14,,1478,23,,,0,53,,1479,23,,,0,17,,1480,23,,,0,19,,1481,23,,,0,60,,1482,23,,,0,23,,1483,23,,,0,23,,1490,23,,,0,64,,1484,23,,,0,23,,1485,23,,,0,24,,1486,23,,,0,65,,1491,23,,,0,24,,1487,23,,,0,68,,1488,23,,,0,30,,1489,23,,,0
100,'5024',615,,1492,23,,,0,32,,1493,23,,,0,70,,1494,23,,,0,30,,1495,23,,,0,75,,1496,23,,,0,36,,1497,23,,,0,77,,1498,23,,,0,72,,1500,23,,,0,37,,1501,23,,,0,77,,1499,23,,,0,31,,1502,23,,,0,70,,1503,23,,,0,30,,1504,23,,,0,71,,1505,23,,,0,30,,1506,23,,,0,70,,1507,23,,,0,30,,1508,23,,,0,70,,1509,23,,,0,30,,1510,23,,,0,70,,1511,23,,,0,30,,1512,23,,,0,69,,1513,23,,,0,24,,1514,23,,,0,70,,1515,23,,,0,29,,1516,23,,,0,75,,1517,23,,,0,34,,1518,23,,,0,74,,1519,23,,,0,75,,1520,23,,,0,34,,1521,23,,,0,75,,1522,23,,,0,34,,1523,23,,,0
200,'5021',623,,1628,28,,,0,35,,1629,28,,,0,81,,1630,28,,,0,86,,1631,28,,,0,81,,1632,28,,,0,43,,1633,28,,,0,82,,1634,28,,,0,96,,1635,28,,,0,89,,1636,28,,,0,86,,1637,28,,,0,41,,1638,28,,,0,80,,1639,28,,,0,80,,1640,28,,,0,40,,1641,28,,,0,80,,1642,28,,,0,80,,1643,28,,,0,38,,1644,28,,,0,80,,1645,28,,,0,79,,1646,28,,,0,39,,1647,28,,,0,79,,1648,28,,,0,40,,1650,28,,,0,78,,1649,28,,,0
200,'5022',550,,1651,28,,,0,76,,1652,28,,,0,27,,1653,28,,,0,72,,1654,28,,,0,18,,1655,28,,,0,15,,1656,28,,,0,69,,1657,28,,,0,12,,1658,28,,,0,15,,1659,28,,,0,60,,1660,28,,,0,21,,1661,28,,,0,22,,1662,28,,,0,61,,1663,28,,,0,22,,1664,28,,,0,62,,1665,28,,,0,23,,1666,28,,,0,22,,1667,28,,,0,62,,1668,28,,,0,23,,1669,28,,,0,22,,1670,28,,,0,61,,1671,28,,,0,23,,1672,28,,,0,66,,1673,28,,,0,28,,1674,28,,,0,25,,1675,28,,,0,62,,1676,28,,,0,16,,1677,28,,,0,16,,1678,28,,,0,56,,1679,28,,,0,14,,1680,28,,,0,15,,1681,28,,,0,14,,1682,28,,,0,55,,1683,28,,,0,15,,1684,28,,,0,15,,1685,28,,,0,15,,1686,28,,,0,55,,1687,28,,,0,21,,1688,28,,,0,14,,1689,28,,,0,60,,1690,28,,,0,19,,1691,28,,,0,20,,1692,28,,,0,19,,1698,28,,,0,68,,1693,28,,,0,24,,1694,28,,,0,64,,1695,28,,,0,24,,1699,28,,,0,63,,1696,28,,,0,30,,1697,28,,,0
200,'5024',624,,1700,28,,,0,35,,1701,28,,,0,75,,1702,28,,,0,72,,1703,28,,,0,33,,1704,28,,,0,71,,1705,28,,,0,37,,1706,28,,,0,84,,1707,28,,,0,76,,1708,28,,,0,33,,1709,28,,,0,70,,1711,28,,,0,30,,1712,28,,,0,68,,1713,28,,,0,30,,1710,28,,,0,70,,1714,28,,,0,30,,1715,28,,,0,70,,1716,28,,,0,29,,1717,28,,,0,70,,1718,28,,,0,30,,1720,28,,,0,69,,1721,28,,,0,29,,1719,28,,,0,68,,1722,28,,,0,27,,1723,28,,,0,29,,1724,28,,,0,75,,1725,28,,,0,78,,1726,28,,,0,35,,1727,28,,,0,75,,1728,28,,,0,34,,1729,28,,,0,73,,1730,28,,,0
601,'5021',609,,2165,47,,,0,111,,2166,47,,,0,108,,2167,47,,,0,105,,2168,47,,,0,86,,2170,47,,,0,103,,2171,47,,,0,90,,2172,47,,,0,101,,2169,47,,,0,100,,2173,47,,,0,100,,2174,47,,,0,100,,2175,47,,,0,98,,2176,47,,,0,104,,2177,47,,,0,119,,2178,47,,,0,109,,2179,47,,,0
601,'5022',613,,2190,47,,,0,40,,2191,47,,,0,79,,2193,47,,,0,80,,2194,47,,,0,40,,2195,47,,,0,83,,2192,47,,,0,74,,2196,47,,,0,118,,2197,47,,,0,121,,2198,47,,,0,166,,2199,47,,,0,89,,2200,47,,,0,39,,2182,47,,,0,88,,2183,47,,,0,83,,2184,47,,,0,36,,2186,47,,,0,85,,2187,47,,,0,82,,2188,47,,,0,99,,2185,47,,,0,108,,2189,47,,,0,112,,2180,47,,,0,108,,2181,47,,,0
601,'5024',614,,2203,47,,,0,100,,2204,47,,,0,103,,2202,47,,,0,97,,2205,47,,,0,102,,2206,47,,,0,100,,2207,47,,,0,96,,2208,47,,,0,102,,2209,47,,,0,100,,2210,47,,,0,99,,2211,47,,,0,99,,2212,47,,,0,99,,2213,47,,,0,105,,2214,47,,,0,103,,2215,47,,,0,95,,2216,47,,,0,107,,2217,47,,,0,114,,2218,47,,,0,110,,2201,47,,,0
1701,'5022',652,,2334,40,,,0,77,,2335,40,,,0,96,,2336,40,,,0,727,,2330,40,,,0,85,,2331,40,,,0,85,,2332,40,,,0,81,,2333,40,,,0,42,,2329,40,,,0
2100,'5021',859,,2344,31,,,0,100,,2345,31,,,0,174,,2337,31,,,0,171,,2339,31,,,0,131,,2338,31,,,0,176,,2340,31,,,0,128,,2341,31,,,0,167,,2342,31,,,0,130,,2343,31,,,0
2100,'5022',656,,2357,31,,,0,89,,2353,31,,,0,84,,2354,31,,,0,92,,2355,31,,,0,85,,2356,31,,,0,38,,2358,31,,,0,95,,2352,31,,,0,168,,2350,31,,,0,129,,2351,31,,,0,286,,2349,31,,,0,84,,2347,31,,,0,102,,2348,31,,,0,120,,2346,31,,,0
2100,'5024',821,,2366,31,,,0,133,,2368,31,,,0,181,,2367,31,,,0,182,,2362,31,,,0,117,,2363,31,,,0,104,,2364,31,,,0,99,,2365,31,,,0,99,,2360,31,,,0,173,,2361,31,,,0,132,,2359,31,,,0
2201,'5022',815,,2402,32,,,0,695,,2403,32,,,0
1002100,'5022',1549,,2736,36,,,0,75,,2737,36,,,0
