300,'5014',544,,4236,4,,,0,71,,4237,4,,,0,30,,4238,4,,,0,74,,4239,4,,,0,32,,4240,4,,,0,75,,4241,4,,,0,74,,4242,4,,,0,34,,4243,4,,,0,74,,4244,4,,,0,35,,4235,4,,,0,74,,4245,4,,,0,34,,4246,4,,,0,75,,4247,4,,,0,74,,4248,4,,,0,40,,4249,4,,,0,75,,4250,4,,,0,35,,4251,4,,,0,80,,4252,4,,,0,76,,4253,4,,,0,34,,4254,4,,,0,78,,4255,4,,,0,37,,4256,4,,,0,76,,4258,4,,,0,76,,4257,4,,,0,30,,4259,4,,,0,100,,4260,4,,,0,104,,4261,4,,,0,103,,4262,4,,,0
300,'5015',559,,4287,4,,,0,90,,4286,4,,,0,98,,4288,4,,,0,87,,4263,4,,,0,68,,4264,4,,,0,40,,4265,4,,,0,75,,4267,4,,,0,29,,4268,4,,,0,75,,4269,4,,,0,35,,4266,4,,,0,73,,4270,4,,,0,80,,4271,4,,,0,35,,4272,4,,,0,75,,4273,4,,,0,81,,4274,4,,,0,35,,4275,4,,,0,70,,4276,4,,,0,36,,4277,4,,,0,76,,4278,4,,,0,36,,4279,4,,,0,86,,4280,4,,,0,75,,4281,4,,,0,36,,4282,4,,,0,90,,4283,4,,,0,102,,4284,4,,,0,101,,4285,4,,,0
300,'5221',628,,4289,4,,,0,95,,4290,4,,,0,88,,4303,4,,,0,93,,4292,4,,,0,50,,4293,4,,,0,97,,4294,4,,,0,95,,4291,4,,,0,99,,4295,4,,,0,101,,4296,4,,,0,100,,4297,4,,,0,100,,4298,4,,,0,104,,4299,4,,,0,99,,4300,4,,,0,96,,4301,4,,,0,100,,4302,4,,,0
500,'5014',610,,4425,4,,,0,43,,4426,4,,,0,76,,4427,4,,,0,75,,4428,4,,,0,35,,4429,4,,,0,74,,4430,4,,,0,36,,4431,4,,,0,76,,4432,4,,,0,77,,4433,4,,,0,36,,4434,4,,,0,76,,4435,4,,,0,35,,4436,4,,,0,76,,4437,4,,,0,75,,4438,4,,,0,37,,4439,4,,,0,80,,4440,4,,,0,35,,4441,4,,,0,74,,4442,4,,,0,80,,4443,4,,,0,35,,4444,4,,,0,70,,4445,4,,,0,35,,4446,4,,,0,74,,4447,4,,,0,33,,4448,4,,,0,75,,4449,4,,,0,29,,4450,4,,,0,98,,4451,4,,,0,100,,4452,4,,,0
500,'5015',612,,4477,4,,,0,95,,4476,4,,,0,52,,4475,4,,,0,142,,4478,4,,,0,52,,4453,4,,,0,73,,4454,4,,,0,80,,4455,4,,,0,37,,4456,4,,,0,70,,4458,4,,,0,35,,4459,4,,,0,75,,4460,4,,,0,35,,4457,4,,,0,80,,4461,4,,,0,77,,4462,4,,,0,35,,4463,4,,,0,80,,4464,4,,,0,75,,4465,4,,,0,28,,4466,4,,,0,75,,4467,4,,,0,34,,4468,4,,,0,73,,4469,4,,,0,43,,4470,4,,,0,75,,4471,4,,,0,75,,4472,4,,,0,48,,4473,4,,,0,99,,4474,4,,,0
500,'5221',636,,4479,4,,,0,103,,4480,4,,,0,96,,4481,4,,,0,92,,4493,4,,,0,96,,4482,4,,,0,90,,4483,4,,,0,102,,4485,4,,,0,96,,4486,4,,,0,101,,4487,4,,,0,102,,4484,4,,,0,100,,4488,4,,,0,97,,4489,4,,,0,104,,4490,4,,,0,95,,4491,4,,,0,93,,4492,4,,,0
1701,'5014',647,,4730,32,,,0,76,,4731,32,,,0,92,,4732,32,,,0,726,,4726,32,,,0,88,,4727,32,,,0,85,,4728,32,,,0,41,,4729,32,,,0,84,,4725,32,,,0
2100,'5014',652,,4744,23,,,0,86,,4740,23,,,0,84,,4741,23,,,0,96,,4742,23,,,0,85,,4743,23,,,0,33,,4745,23,,,0,99,,4739,23,,,0,165,,4737,23,,,0,132,,4738,23,,,0,282,,4736,23,,,0,44,,4734,23,,,0,144,,4735,23,,,0,120,,4733,23,,,0
2100,'5015',816,,4753,23,,,0,133,,4755,23,,,0,179,,4754,23,,,0,183,,4749,23,,,0,118,,4750,23,,,0,103,,4751,23,,,0,98,,4752,23,,,0,99,,4747,23,,,0,176,,4748,23,,,0,133,,4746,23,,,0
2100,'5221',853,,4763,23,,,0,100,,4764,23,,,0,175,,4756,23,,,0,172,,4758,23,,,0,133,,4757,23,,,0,173,,4759,23,,,0,129,,4760,23,,,0,171,,4761,23,,,0,129,,4762,23,,,0
1002100,'5014',1536,,6120,28,,,0,80,,6121,28,,,0
