300,'5021',628,,4668,,,0,95,,4669,,,0,88,,4682,,,0,92,,4671,,,0,50,,4672,,,0,97,,4673,,,0,95,,4670,,,0,99,,4674,,,0,101,,4675,,,0,100,,4676,,,0,100,,4677,,,0,104,,4678,,,0,99,,4679,,,0,96,,4680,,,0,100,,4681,,,0
300,'5022',544,,4684,,,0,70,,4685,,,0,28,,4686,,,0,74,,4687,,,0,33,,4688,,,0,74,,4689,,,0,34,,4690,,,0,76,,4691,,,0,74,,4692,,,0,35,,4683,,,0,75,,4693,,,0,34,,4694,,,0,75,,4695,,,0,75,,4696,,,0,40,,4697,,,0,71,,4698,,,0,36,,4699,,,0,81,,4700,,,0,76,,4701,,,0,33,,4702,,,0,79,,4703,,,0,37,,4704,,,0,77,,4706,,,0,76,,4705,,,0,30,,4707,,,0,102,,4708,,,0,102,,4709,,,0,104,,4710,,,0
300,'5024',559,,4735,,,0,90,,4734,,,0,98,,4736,,,0,87,,4711,,,0,67,,4712,,,0,40,,4713,,,0,75,,4715,,,0,29,,4716,,,0,75,,4717,,,0,35,,4714,,,0,73,,4718,,,0,80,,4719,,,0,35,,4720,,,0,75,,4721,,,0,41,,4722,,,0,75,,4723,,,0,70,,4724,,,0,36,,4725,,,0,76,,4726,,,0,36,,4727,,,0,86,,4728,,,0,75,,4729,,,0,36,,4730,,,0,90,,4731,,,0,102,,4732,,,0,101,,4733,,,0
500,'5021',636,,4859,,,0,102,,4860,,,0,96,,4861,,,0,92,,4873,,,0,96,,4862,,,0,90,,4863,,,0,102,,4865,,,0,96,,4866,,,0,101,,4867,,,0,102,,4864,,,0,100,,4868,,,0,97,,4869,,,0,104,,4870,,,0,95,,4871,,,0,93,,4872,,,0
500,'5022',609,,4874,,,0,43,,4875,,,0,77,,4876,,,0,75,,4877,,,0,35,,4878,,,0,75,,4879,,,0,35,,4880,,,0,75,,4881,,,0,35,,4882,,,0,76,,4883,,,0,76,,4884,,,0,37,,4885,,,0,75,,4886,,,0,77,,4887,,,0,36,,4888,,,0,83,,4889,,,0,31,,4890,,,0,76,,4891,,,0,82,,4892,,,0,34,,4893,,,0,72,,4894,,,0,30,,4895,,,0,74,,4896,,,0,33,,4897,,,0,75,,4898,,,0,29,,4899,,,0,99,,4900,,,0,99,,4901,,,0
500,'5024',612,,4926,,,0,95,,4925,,,0,52,,4924,,,0,141,,4927,,,0,52,,4902,,,0,73,,4903,,,0,80,,4904,,,0,37,,4905,,,0,70,,4907,,,0,35,,4908,,,0,75,,4909,,,0,35,,4906,,,0,80,,4910,,,0,77,,4911,,,0,35,,4912,,,0,80,,4913,,,0,75,,4914,,,0,28,,4915,,,0,75,,4916,,,0,34,,4917,,,0,73,,4918,,,0,43,,4919,,,0,75,,4920,,,0,75,,4921,,,0,48,,4922,,,0,99,,4923,,,0
1701,'5022',647,,5164,,,0,75,,5165,,,0,96,,5166,,,0,725,,5160,,,0,85,,5161,,,0,85,,5162,,,0,42,,5163,,,0,83,,5159,,,0
2100,'5021',853,,5174,,,0,100,,5175,,,0,173,,5167,,,0,131,,5169,,,0,170,,5168,,,0,177,,5170,,,0,128,,5171,,,0,168,,5172,,,0,130,,5173,,,0
2100,'5022',651,,5187,,,0,87,,5183,,,0,84,,5184,,,0,91,,5185,,,0,45,,5186,,,0,78,,5188,,,0,95,,5182,,,0,128,,5180,,,0,169,,5181,,,0,285,,5179,,,0,45,,5177,,,0,143,,5178,,,0,120,,5176,,,0
2100,'5024',815,,5196,,,0,132,,5198,,,0,180,,5197,,,0,182,,5192,,,0,117,,5193,,,0,104,,5194,,,0,99,,5195,,,0,100,,5190,,,0,173,,5191,,,0,133,,5189,,,0
2400,'5022',1443,,5234,0,15 16 11 12,0
1002100,'5022',1541,,5566,,,0,74,,5567,,,0
