100,'5021',616,,1416,16,,,0,41,,1417,16,,,0,80,,1418,16,,,0,80,,1419,16,,,0,40,,1420,16,,,0,90,,1421,16,,,0,87,,1422,16,,,0,80,,1423,16,,,0,44,,1424,16,,,0,78,,1437,16,,,0,80,,1425,16,,,0,40,,1426,16,,,0,81,,1427,16,,,0,80,,1428,16,,,0,40,,1429,16,,,0,80,,1430,16,,,0,79,,1431,16,,,0,40,,1432,16,,,0,80,,1433,16,,,0,77,,1434,16,,,0,39,,1435,16,,,0,76,,1436,16,,,0,85,,1438,16,,,0,95,,1439,16,,,0
100,'5022',526,,1441,16,,,0,30,,1442,16,,,0,72,,1440,16,,,0,20,,1444,16,,,0,62,,1445,16,,,0,21,,1443,16,,,0,15,,1446,16,,,0,60,,1447,16,,,0,17,,1448,16,,,0,15,,1449,16,,,0,15,,1450,16,,,0,57,,1452,16,,,0,18,,1451,16,,,0,15,,1453,16,,,0,60,,1454,16,,,0,19,,1455,16,,,0,20,,1456,16,,,0,62,,1457,16,,,0,22,,1458,16,,,0,23,,1459,16,,,0,67,,1461,16,,,0,22,,1460,16,,,0,62,,1462,16,,,0,24,,1463,16,,,0,23,,1465,16,,,0,62,,1464,16,,,0,23,,1466,16,,,0,23,,1467,16,,,0,64,,1468,16,,,0,16,,1469,16,,,0,14,,1470,16,,,0,56,,1471,16,,,0,14,,1472,16,,,0,17,,1473,16,,,0,14,,1474,16,,,0,55,,1475,16,,,0,14,,1476,16,,,0,13,,1477,16,,,0,14,,1478,16,,,0,54,,1479,16,,,0,17,,1480,16,,,0,19,,1481,16,,,0,20,,1482,16,,,0,63,,1483,16,,,0,23,,1490,16,,,0,64,,1484,16,,,0,24,,1485,16,,,0,24,,1486,16,,,0,65,,1491,16,,,0,24,,1487,16,,,0,68,,1488,16,,,0,31,,1489,16,,,0
100,'5024',610,,1492,16,,,0,32,,1493,16,,,0,70,,1494,16,,,0,30,,1495,16,,,0,75,,1496,16,,,0,35,,1497,16,,,0,77,,1498,16,,,0,72,,1500,16,,,0,36,,1501,16,,,0,77,,1499,16,,,0,31,,1502,16,,,0,70,,1503,16,,,0,30,,1504,16,,,0,71,,1505,16,,,0,30,,1506,16,,,0,70,,1507,16,,,0,30,,1508,16,,,0,70,,1509,16,,,0,30,,1510,16,,,0,70,,1511,16,,,0,30,,1512,16,,,0,69,,1513,16,,,0,24,,1514,16,,,0,70,,1515,16,,,0,30,,1516,16,,,0,75,,1517,16,,,0,34,,1518,16,,,0,74,,1519,16,,,0,35,,1520,16,,,0,75,,1521,16,,,0,75,,1522,16,,,0,34,,1523,16,,,0
200,'5021',619,,1628,21,,,0,35,,1629,21,,,0,81,,1630,21,,,0,86,,1631,21,,,0,80,,1632,21,,,0,42,,1633,21,,,0,82,,1634,21,,,0,95,,1635,21,,,0,89,,1636,21,,,0,46,,1637,21,,,0,81,,1638,21,,,0,80,,1639,21,,,0,40,,1640,21,,,0,80,,1641,21,,,0,80,,1642,21,,,0,40,,1643,21,,,0,79,,1644,21,,,0,80,,1645,21,,,0,39,,1646,21,,,0,79,,1647,21,,,0,80,,1648,21,,,0,40,,1650,21,,,0,78,,1649,21,,,0
200,'5022',545,,1651,21,,,0,76,,1652,21,,,0,27,,1653,21,,,0,72,,1654,21,,,0,17,,1655,21,,,0,15,,1656,21,,,0,69,,1657,21,,,0,12,,1658,21,,,0,15,,1659,21,,,0,60,,1660,21,,,0,20,,1661,21,,,0,22,,1662,21,,,0,61,,1663,21,,,0,22,,1664,21,,,0,22,,1665,21,,,0,63,,1666,21,,,0,22,,1667,21,,,0,62,,1668,21,,,0,23,,1669,21,,,0,22,,1670,21,,,0,61,,1671,21,,,0,23,,1672,21,,,0,26,,1673,21,,,0,68,,1674,21,,,0,25,,1675,21,,,0,62,,1676,21,,,0,16,,1677,21,,,0,16,,1678,21,,,0,56,,1679,21,,,0,14,,1680,21,,,0,15,,1681,21,,,0,14,,1682,21,,,0,15,,1683,21,,,0,55,,1684,21,,,0,15,,1685,21,,,0,15,,1686,21,,,0,15,,1687,21,,,0,61,,1688,21,,,0,15,,1689,21,,,0,20,,1690,21,,,0,59,,1691,21,,,0,20,,1692,21,,,0,19,,1698,21,,,0,69,,1693,21,,,0,24,,1694,21,,,0,64,,1695,21,,,0,24,,1699,21,,,0,23,,1696,21,,,0,70,,1697,21,,,0
200,'5024',620,,1700,21,,,0,35,,1701,21,,,0,75,,1702,21,,,0,71,,1703,21,,,0,33,,1704,21,,,0,71,,1705,21,,,0,36,,1706,21,,,0,84,,1707,21,,,0,75,,1708,21,,,0,33,,1709,21,,,0,70,,1711,21,,,0,30,,1712,21,,,0,68,,1713,21,,,0,30,,1710,21,,,0,70,,1714,21,,,0,30,,1715,21,,,0,70,,1716,21,,,0,29,,1717,21,,,0,70,,1718,21,,,0,30,,1720,21,,,0,29,,1721,21,,,0,70,,1719,21,,,0,28,,1722,21,,,0,67,,1723,21,,,0,29,,1724,21,,,0,76,,1725,21,,,0,78,,1726,21,,,0,35,,1727,21,,,0,75,,1728,21,,,0,34,,1729,21,,,0,74,,1730,21,,,0
1701,'5022',648,,2334,33,,,0,75,,2335,33,,,0,96,,2336,33,,,0,726,,2330,33,,,0,85,,2331,33,,,0,85,,2332,33,,,0,41,,2333,33,,,0,83,,2329,33,,,0
2100,'5021',854,,2344,24,,,0,100,,2345,24,,,0,173,,2337,24,,,0,131,,2339,24,,,0,170,,2338,24,,,0,177,,2340,24,,,0,128,,2341,24,,,0,168,,2342,24,,,0,130,,2343,24,,,0
2100,'5022',652,,2357,24,,,0,87,,2353,24,,,0,84,,2354,24,,,0,91,,2355,24,,,0,45,,2356,24,,,0,78,,2358,24,,,0,95,,2352,24,,,0,168,,2350,24,,,0,129,,2351,24,,,0,286,,2349,24,,,0,44,,2347,24,,,0,143,,2348,24,,,0,120,,2346,24,,,0
2100,'5024',816,,2366,24,,,0,132,,2368,24,,,0,180,,2367,24,,,0,182,,2362,24,,,0,117,,2363,24,,,0,104,,2364,24,,,0,99,,2365,24,,,0,100,,2360,24,,,0,173,,2361,24,,,0,133,,2359,24,,,0
2400,'5022',1444,,2404,12,,,0
1002100,'5022',1542,,2736,29,,,0,75,,2737,29,,,0
