101,'5021',625,,1524,22,,,0,80,,1525,22,,,0,45,,1526,22,,,0,80,,1527,22,,,0,80,,1528,22,,,0,37,,1529,22,,,0,94,,1530,22,,,0,88,,1531,22,,,0,86,,1532,22,,,0,40,,1533,22,,,0,80,,1534,22,,,0,79,,1535,22,,,0,40,,1536,22,,,0,80,,1537,22,,,0,80,,1538,22,,,0,40,,1539,22,,,0,81,,1540,22,,,0,80,,1541,22,,,0,42,,1542,22,,,0,80,,1543,22,,,0,81,,1544,22,,,0,82,,1545,22,,,0
101,'5022',550,,1547,22,,,0,66,,1548,22,,,0,31,,1549,22,,,0,69,,1550,22,,,0,23,,1546,22,,,0,14,,1551,22,,,0,56,,1552,22,,,0,22,,1553,22,,,0,21,,1554,22,,,0,63,,1555,22,,,0,20,,1556,22,,,0,21,,1557,22,,,0,62,,1558,22,,,0,22,,1559,22,,,0,62,,1560,22,,,0,22,,1561,22,,,0,23,,1562,22,,,0,62,,1563,22,,,0,21,,1564,22,,,0,23,,1565,22,,,0,65,,1566,22,,,0,26,,1567,22,,,0,59,,1568,22,,,0,24,,1569,22,,,0,18,,1570,22,,,0,56,,1571,22,,,0,16,,1572,22,,,0,15,,1573,22,,,0,15,,1574,22,,,0,54,,1575,22,,,0,15,,1576,22,,,0,15,,1577,22,,,0,15,,1578,22,,,0,56,,1579,22,,,0,15,,1580,22,,,0,13,,1581,22,,,0,14,,1582,22,,,0,12,,1583,22,,,0,61,,1584,22,,,0,20,,1585,22,,,0,20,,1586,22,,,0,59,,1594,22,,,0,30,,1587,22,,,0,65,,1588,22,,,0,23,,1589,22,,,0,67,,1595,22,,,0,23,,1590,22,,,0,30,,1591,22,,,0,74,,1592,22,,,0,73,,1593,22,,,0
101,'5024',625,,1597,22,,,0,75,,1596,22,,,0,30,,1598,22,,,0,72,,1599,22,,,0,29,,1600,22,,,0,75,,1601,22,,,0,42,,1602,22,,,0,74,,1603,22,,,0,32,,1604,22,,,0,69,,1605,22,,,0,30,,1606,22,,,0,67,,1607,22,,,0,28,,1608,22,,,0,70,,1609,22,,,0,30,,1610,22,,,0,70,,1611,22,,,0,30,,1612,22,,,0,70,,1613,22,,,0,31,,1614,22,,,0,70,,1615,22,,,0,30,,1616,22,,,0,69,,1617,22,,,0,27,,1618,22,,,0,69,,1619,22,,,0,38,,1620,22,,,0,79,,1621,22,,,0,78,,1622,22,,,0,35,,1623,22,,,0,75,,1624,22,,,0,35,,1625,22,,,0,72,,1627,22,,,0,75,,1626,22,,,0
201,'5021',618,,1731,23,0,33,0,40,,1732,23,0,33,0,79,,1733,23,0,33,0,80,,1734,23,0,33,0,87,,1735,23,0,33,0,46,,1736,23,0,33,0,79,,1737,23,0,33,0,82,,1738,23,0,33,0,37,,1751,23,0,33,0,80,,1739,23,0,33,0,79,,1740,23,0,33,0,39,,1741,23,0,33,0,80,,1742,23,0,33,0,80,,1743,23,0,33,0,40,,1744,23,0,33,0,80,,1745,23,0,33,0,80,,1746,23,0,33,0,41,,1748,23,0,33,0,79,,1747,23,0,33,0,79,,1749,23,0,33,0,39,,1750,23,0,33,0,85,,1753,23,0,33,0,99,,1752,23,0,33,0
201,'5022',514,,1754,23,0,33,0,35,,1755,23,0,33,0,80,,1756,23,0,33,0,75,,1757,23,0,33,0,17,,1758,23,0,33,0,15,,1759,23,0,33,0,15,,1760,23,0,33,0,57,,1761,23,0,33,0,18,,1762,23,0,33,0,18,,1763,23,0,33,0,57,,1764,23,0,33,0,20,,1765,23,0,33,0,17,,1766,23,0,33,0,20,,1767,23,0,33,0,61,,1768,23,0,33,0,21,,1769,23,0,33,0,63,,1770,23,0,33,0,26,,1771,23,0,33,0,22,,1772,23,0,33,0,62,,1773,23,0,33,0,22,,1774,23,0,33,0,23,,1775,23,0,33,0,62,,1776,23,0,33,0,23,,1777,23,0,33,0,60,,1778,23,0,33,0,23,,1779,23,0,33,0,15,,1780,23,0,33,0,17,,1782,23,0,33,0,56,,1783,23,0,33,0,14,,1784,23,0,33,0,18,,1785,23,0,33,0,54,,1786,23,0,33,0,14,,1788,23,0,33,0,13,,1787,23,0,33,0,14,,1789,23,0,33,0,15,,1790,23,0,33,0,55,,1791,23,0,33,0,16,,1792,23,0,33,0,22,,1793,23,0,33,0,60,,1794,23,0,33,0,25,,1795,23,0,33,0,24,,1803,23,0,33,0,65,,1796,23,0,33,0,25,,1797,23,0,33,0,64,,1798,23,0,33,0,27,,1804,23,0,33,0,64,,1799,23,0,33,0,29,,1800,23,0,33,0,71,,1801,23,0,33,0,34,,1802,23,0,33,0
201,'5024',602,,1807,23,0,33,0,31,,1808,23,0,33,0,68,,1809,23,0,33,0,35,,1810,23,0,33,0,75,,1811,23,0,33,0,35,,1806,23,0,33,0,71,,1812,23,0,33,0,34,,1813,23,0,33,0,77,,1814,23,0,33,0,30,,1815,23,0,33,0,70,,1816,23,0,33,0,30,,1817,23,0,33,0,70,,1819,23,0,33,0,28,,1820,23,0,33,0,69,,1821,23,0,33,0,29,,1818,23,0,33,0,70,,1822,23,0,33,0,30,,1823,23,0,33,0,70,,1824,23,0,33,0,31,,1825,23,0,33,0,70,,1826,23,0,33,0,26,,1827,23,0,33,0,70,,1828,23,0,33,0,30,,1830,23,0,33,0,75,,1831,23,0,33,0,76,,1832,23,0,33,0,36,,1829,23,0,33,0,76,,1833,23,0,33,0,37,,1835,23,0,33,0,75,,1834,23,0,33,0,75,,1836,23,0,33,0,36,,1837,23,0,33,0
1701,'5022',627,,2334,4,0,29 23,0,75,,2335,4,0,29 23,0,51,,2336,4,0,29 23,0,765,,2330,4,0,29 23,0,85,,2331,4,0,29 23,0,45,,2332,4,0,29 23,0,85,,2333,4,0,29 23,0,85,,2329,4,0,29 23,0
2101,'5021',803,,2377,4,,,0,99,,2369,4,,,0,133,,2370,4,,,0,168,,2371,4,,,0,129,,2372,4,,,0,177,,2373,4,,,0,129,,2374,4,,,0,172,,2375,4,,,0,131,,2376,4,,,0
2101,'5022',601,,2389,4,,,0,44,,2390,4,,,0,166,,2388,4,,,0,92,,2387,4,,,0,37,,2391,4,,,0,94,,2386,4,,,0,125,,2379,4,,,0,167,,2384,4,,,0,103,,2380,4,,,0,74,,2381,4,,,0,107,,2385,4,,,0,49,,2383,4,,,0,148,,2378,4,,,0,122,,2382,4,,,0
2101,'5024',726,,2400,4,,,0,129,,2401,4,,,0,178,,2399,4,,,0,125,,2395,4,,,0,167,,2393,4,,,0,106,,2394,4,,,0,101,,2396,4,,,0,101,,2397,4,,,0,168,,2398,4,,,0,131,,2392,4,,,0
2201,'5022',742,,2402,4,,,0,686,,2403,4,,,0
1002101,'5022',720,,2738,4,,,0
