300,'5014',554,,4236,17,,,0,72,,4237,17,,,0,30,,4238,17,,,0,74,,4239,17,,,0,73,,4240,17,,,0,35,,4241,17,,,0,74,,4242,17,,,0,35,,4243,17,,,0,74,,4244,17,,,0,35,,4235,17,,,0,74,,4245,17,,,0,74,,4246,17,,,0,35,,4247,17,,,0,75,,4248,17,,,0,40,,4249,17,,,0,75,,4250,17,,,0,75,,4251,17,,,0,40,,4252,17,,,0,76,,4253,17,,,0,34,,4254,17,,,0,77,,4255,17,,,0,77,,4256,17,,,0,36,,4258,17,,,0,75,,4257,17,,,0,30,,4259,17,,,0,100,,4260,17,,,0,103,,4261,17,,,0,101,,4262,17,,,0
300,'5015',607,,4287,17,,,0,50,,4286,17,,,0,99,,4288,17,,,0,89,,4263,17,,,0,68,,4264,17,,,0,40,,4265,17,,,0,75,,4267,17,,,0,30,,4268,17,,,0,75,,4269,17,,,0,75,,4266,17,,,0,33,,4270,17,,,0,80,,4271,17,,,0,35,,4272,17,,,0,75,,4273,17,,,0,81,,4274,17,,,0,35,,4275,17,,,0,70,,4276,17,,,0,36,,4277,17,,,0,76,,4278,17,,,0,75,,4279,17,,,0,46,,4280,17,,,0,75,,4281,17,,,0,76,,4282,17,,,0,50,,4283,17,,,0,101,,4284,17,,,0,100,,4285,17,,,0
300,'5221',637,,4289,17,,,0,95,,4290,17,,,0,89,,4303,17,,,0,94,,4292,17,,,0,90,,4293,17,,,0,98,,4294,17,,,0,55,,4291,17,,,0,99,,4295,17,,,0,101,,4296,17,,,0,100,,4297,17,,,0,100,,4298,17,,,0,144,,4299,17,,,0,98,,4300,17,,,0,56,,4301,17,,,0,100,,4302,17,,,0
301,'5014',600,,4305,29,,,0,43,,4306,29,,,0,76,,4307,29,,,0,32,,4308,29,,,0,75,,4309,29,,,0,75,,4310,29,,,0,36,,4311,29,,,0,76,,4312,29,,,0,36,,4304,29,,,0,75,,4313,29,,,0,76,,4314,29,,,0,35,,4315,29,,,0,76,,4316,29,,,0,35,,4317,29,,,0,76,,4318,29,,,0,80,,4319,29,,,0,35,,4320,29,,,0,74,,4321,29,,,0,40,,4322,29,,,0,76,,4323,29,,,0,31,,4324,29,,,0,75,,4325,29,,,0,75,,4326,29,,,0,33,,4327,29,,,0,75,,4328,29,,,0,29,,4329,29,,,0,99,,4330,29,,,0,100,,4331,29,,,0
301,'5015',602,,4358,29,,,0,55,,4357,29,,,0,92,,4356,29,,,0,100,,4359,29,,,0,92,,4333,29,,,0,71,,4334,29,,,0,40,,4335,29,,,0,77,,4336,29,,,0,30,,4337,29,,,0,75,,4338,29,,,0,75,,4339,29,,,0,35,,4340,29,,,0,80,,4341,29,,,0,76,,4342,29,,,0,35,,4343,29,,,0,80,,4344,29,,,0,35,,4345,29,,,0,69,,4346,29,,,0,35,,4347,29,,,0,74,,4348,29,,,0,74,,4349,29,,,0,44,,4350,29,,,0,75,,4351,29,,,0,35,,4352,29,,,0,88,,4353,29,,,0,100,,4354,29,,,0
301,'5221',627,,4363,29,,,0,101,,4364,29,,,0,96,,4366,29,,,0,91,,4375,29,,,0,96,,4361,29,,,0,90,,4367,29,,,0,101,,4368,29,,,0,56,,4365,29,,,0,101,,4369,29,,,0,141,,4370,29,,,0,100,,4371,29,,,0,58,,4372,29,,,0,144,,4373,29,,,0,56,,4374,29,,,0,93,,4360,29,,,0
601,'5014',546,,4571,2,,,0,77,,4572,2,,,0,78,,4574,2,,,0,35,,4575,2,,,0,80,,4576,2,,,0,85,,4573,2,,,0,35,,4577,2,,,0,115,,4578,2,,,0,160,,4579,2,,,0,125,,4580,2,,,0,85,,4581,2,,,0,85,,4563,2,,,0,48,,4564,2,,,0,82,,4565,2,,,0,80,,4567,2,,,0,85,,4568,2,,,0,43,,4569,2,,,0,102,,4566,2,,,0,110,,4570,2,,,0,155,,4561,2,,,0,110,,4562,2,,,0
601,'5015',551,,4584,2,,,0,100,,4585,2,,,0,100,,4583,2,,,0,95,,4586,2,,,0,100,,4587,2,,,0,100,,4588,2,,,0,95,,4589,2,,,0,100,,4590,2,,,0,100,,4591,2,,,0,100,,4592,2,,,0,100,,4593,2,,,0,100,,4594,2,,,0,105,,4595,2,,,0,105,,4596,2,,,0,95,,4597,2,,,0,110,,4598,2,,,0,155,,4599,2,,,0,110,,4582,2,,,0
601,'5221',546,,4600,2,,,0,110,,4601,2,,,0,145,,4602,2,,,0,105,,4603,2,,,0,45,,4605,2,,,0,100,,4606,2,,,0,90,,4607,2,,,0,100,,4604,2,,,0,100,,4608,2,,,0,100,,4609,2,,,0,100,,4610,2,,,0,100,,4611,2,,,0,105,,4612,2,,,0,160,,4613,2,,,0,110,,4614,2,,,0
3100,'5014',727,,4798,2,,,0,30,,4799,2,,,0,73,,4800,2,,,0,102,,4801,2,,,0,107,,4802,2,,,0,109,,4803,2,,,0,109,,4804,2,,,0,154,,4805,2,,,0,98,,4806,2,,,0,39,,4807,2,,,0,73,,4808,2,,,0,36,,4809,2,,,0,77,,4810,2,,,0,75,,4811,2,,,0
3100,'5015',903,,4815,2,,,0,105,,4819,2,,,0,109,,4813,2,,,0,110,,4812,2,,,0,109,,4814,2,,,0,115,,4816,2,,,0,155,,4818,2,,,0,111,,4817,2,,,0
3100,'5221',1009,,4826,2,,,0,109,,4820,2,,,0,109,,4821,2,,,0,110,,4822,2,,,0,115,,4823,2,,,0,156,,4825,2,,,0,110,,4824,2,,,0
1003100,'5014',639,,6127,2,,,0,69,,6128,2,,,0,30,,6129,2,,,0,71,,6130,2,,,0,49,,6131,2,,,0,144,,6132,2,,,0,110,,6133,2,,,0,108,,6134,2,,,0,115,,6135,2,,,0,112,,6136,2,,,0,80,,6137,2,,,0,73,,6124,2,,,0,36,,6125,2,,,0,77,,6123,2,,,0,34,,6126,2,,,0,79,,6138,2,,,0,86,,6139,2,,,0,121,,6140,2,,,0,104,,6141,2,,,0,109,,6142,2,,,0
1003100,'5015',731,,6156,2,,,0,100,,6145,2,,,0,100,,6144,2,,,0,108,,6143,2,,,0,110,,6151,2,,,0,151,,6155,2,,,0,114,,6148,2,,,0,114,,6152,2,,,0,111,,6149,2,,,0,111,,6150,2,,,0,75,,6146,2,,,0,115,,6147,2,,,0,102,,6154,2,,,0,100,,6153,2,,,0
1003100,'5221',729,,6168,2,,,0,102,,6160,2,,,0,102,,6158,2,,,0,107,,6162,2,,,0,110,,6159,2,,,0,150,,6157,2,,,0,114,,6163,2,,,0,115,,6164,2,,,0,111,,6161,2,,,0,181,,6165,2,,,0,120,,6166,2,,,0,104,,6167,2,,,0
24003100,'5014',531,,6214,2,,,0,69,,6211,2,,,0,30,,6212,2,,,0,29,,6213,2,,,0
