5201,'5014',706,,5387,15,,,0,96,,5388,15,,,0,114,,5389,15,,,0,103,,5390,15,,,0,110,,5391,15,,,0,100,,5392,15,,,0,110,,5393,15,,,0,100,,5394,15,,,0,105,,5395,15,,,0,100,,5396,15,,,0,106,,5382,15,,,0,95,,5383,15,,,0,111,,5384,15,,,0,100,,5385,15,,,0,170,,5386,15,,,0,132,,5381,15,,,0
5201,'5015',746,,5411,15,,,0,100,,5404,15,,,0,100,,5410,15,,,0,99,,5403,15,,,0,99,,5407,15,,,0,100,,5401,15,,,0,100,,5408,15,,,0,100,,5400,15,,,0,101,,5409,15,,,0,100,,5399,15,,,0,100,,5406,15,,,0,101,,5398,15,,,0,100,,5405,15,,,0,110,,5402,15,,,0,169,,5397,15,,,0,134,,5412,15,,,0
5201,'5221',846,,5423,15,,,0,100,,5421,15,,,0,100,,5414,15,,,0,100,,5413,15,,,0,100,,5416,15,,,0,100,,5417,15,,,0,100,,5415,15,,,0,100,,5418,15,,,0,100,,5419,15,,,0,100,,5420,15,,,0,110,,5422,15,,,0,99,,5424,15,,,0,90,,5425,15,,,0
5401,'5014',600,,5475,45,,,0,100,,5477,74,,,0,117,,5478,74,,,0,91,,5479,74,,,0,112,,5480,74,,,0,106,,5481,74,,,0,112,,5482,74,,,0,100,,5476,74,,,0,113,,5483,74,,,0,104,,5484,74,,,0,100,,5485,74,,,0,97,,5486,74,,,0,103,,5487,74,,,0,94,,5488,74,,,0,109,,5489,74,,,0,99,,5490,74,,,0,169,,5491,74,,,0
5401,'5015',748,,5508,45,,,0,99,,5507,74,,,0,103,,5499,74,,,0,101,,5505,74,,,0,102,,5498,74,,,0,100,,5504,74,,,0,100,,5496,74,,,0,100,,5503,74,,,0,100,,5495,74,,,0,99,,5502,74,,,0,98,,5494,74,,,0,100,,5501,74,,,0,99,,5493,74,,,0,99,,5500,74,,,0,109,,5492,74,,,0,172,,5497,74,,,0
5401,'5221',847,,5518,45,,,0,98,,5519,74,,,0,103,,5517,74,,,0,103,,5510,74,,,0,101,,5511,74,,,0,100,,5512,74,,,0,100,,5513,74,,,0,97,,5515,74,,,0,99,,5509,74,,,0,100,,5514,74,,,0,99,,5516,74,,,0,108,,5520,74,,,0,100,,5521,74,,,0
5801,'5014',557,,5654,17,,,0,94,,5650,28,,,0,173,,5651,28,,,0,123,,5652,28,,,0,101,,5653,28,,,0,101,,5643,28,,,0,101,,5644,28,,,0,101,,5645,28,,,0,104,,5646,28,,,0,99,,5647,28,,,0,97,,5648,28,,,0,98,,5649,28,,,0,99,,5641,28,,,0,159,,5642,28,,,0,129,,5640,28,,,0
5801,'5015',816,,5667,28,,,0,119,,5663,28,,,0,100,,5662,28,,,0,100,,5666,28,,,0,100,,5658,28,,,0,100,,5657,28,,,0,100,,5661,28,,,0,100,,5665,28,,,0,100,,5664,28,,,0,100,,5660,28,,,0,101,,5656,28,,,0,170,,5655,28,,,0,130,,5659,28,,,0,100,,5668,28,,,0
5801,'5221',816,,5679,28,,,0,120,,5675,28,,,0,100,,5669,28,,,0,100,,5677,28,,,0,100,,5670,28,,,0,99,,5671,28,,,0,100,,5672,28,,,0,100,,5678,28,,,0,100,,5673,28,,,0,101,,5674,28,,,0,100,,5676,28,,,0,95,,5680,28,,,0,100,,5681,28,,,0
5900,'5014',1625,,5682,12,,,0,95,,5683,12,,,0
5901,'5014',652,,5685,19,,,0,100,,5684,19,,,0
