100,'5021',625,,1416,31,,,0,81,,1417,31,,,0,40,,1418,31,,,0,82,,1419,31,,,0,80,,1420,31,,,0,50,,1421,31,,,0,88,,1422,31,,,0,80,,1423,31,,,0,86,,1424,31,,,0,38,,1437,31,,,0,80,,1425,31,,,0,80,,1426,31,,,0,41,,1427,31,,,0,80,,1428,31,,,0,80,,1429,31,,,0,40,,1430,31,,,0,79,,1431,31,,,0,79,,1432,31,,,0,40,,1433,31,,,0,77,,1434,31,,,0,77,,1435,31,,,0,36,,1436,31,,,0,85,,1438,31,,,0,93,,1439,31,,,0
100,'5022',535,,1441,31,,,0,70,,1442,31,,,0,34,,1440,31,,,0,20,,1444,31,,,0,62,,1445,31,,,0,22,,1443,31,,,0,15,,1446,31,,,0,61,,1447,31,,,0,17,,1448,31,,,0,15,,1449,31,,,0,55,,1450,31,,,0,17,,1452,31,,,0,18,,1451,31,,,0,15,,1453,31,,,0,60,,1454,31,,,0,19,,1455,31,,,0,22,,1456,31,,,0,62,,1457,31,,,0,22,,1458,31,,,0,64,,1459,31,,,0,27,,1461,31,,,0,22,,1460,31,,,0,62,,1462,31,,,0,24,,1463,31,,,0,63,,1465,31,,,0,23,,1464,31,,,0,24,,1466,31,,,0,63,,1467,31,,,0,23,,1468,31,,,0,16,,1469,31,,,0,54,,1470,31,,,0,17,,1471,31,,,0,14,,1472,31,,,0,17,,1473,31,,,0,54,,1474,31,,,0,14,,1475,31,,,0,13,,1476,31,,,0,12,,1477,31,,,0,53,,1478,31,,,0,13,,1479,31,,,0,17,,1480,31,,,0,19,,1481,31,,,0,60,,1482,31,,,0,23,,1483,31,,,0,23,,1490,31,,,0,64,,1484,31,,,0,23,,1485,31,,,0,64,,1486,31,,,0,25,,1491,31,,,0,23,,1487,31,,,0,68,,1488,31,,,0,30,,1489,31,,,0
100,'5024',621,,1492,31,,,0,33,,1493,31,,,0,70,,1494,31,,,0,30,,1495,31,,,0,75,,1496,31,,,0,76,,1497,31,,,0,37,,1498,31,,,0,72,,1500,31,,,0,38,,1501,31,,,0,77,,1499,31,,,0,71,,1502,31,,,0,30,,1503,31,,,0,70,,1504,31,,,0,32,,1505,31,,,0,70,,1506,31,,,0,30,,1507,31,,,0,70,,1508,31,,,0,30,,1509,31,,,0,70,,1510,31,,,0,29,,1511,31,,,0,70,,1512,31,,,0,29,,1513,31,,,0,24,,1514,31,,,0,69,,1515,31,,,0,29,,1516,31,,,0,75,,1517,31,,,0,73,,1518,31,,,0,34,,1519,31,,,0,75,,1520,31,,,0,34,,1521,31,,,0,75,,1522,31,,,0,34,,1523,31,,,0
201,'5021',610,,1731,12,0,33,0,40,,1732,12,0,33,0,79,,1733,12,0,33,0,80,,1734,12,0,33,0,46,,1735,12,0,33,0,86,,1736,12,0,33,0,79,,1737,12,0,33,0,81,,1738,12,0,33,0,37,,1751,12,0,33,0,80,,1739,12,0,33,0,39,,1740,12,0,33,0,78,,1741,12,0,33,0,80,,1742,12,0,33,0,40,,1743,12,0,33,0,80,,1744,12,0,33,0,80,,1745,12,0,33,0,40,,1746,12,0,33,0,81,,1748,12,0,33,0,79,,1747,12,0,33,0,40,,1749,12,0,33,0,80,,1750,12,0,33,0,85,,1753,12,0,33,0,99,,1752,12,0,33,0
201,'5022',506,,1754,12,0,33,0,35,,1755,12,0,33,0,80,,1756,12,0,33,0,34,,1757,12,0,33,0,57,,1758,12,0,33,0,15,,1759,12,0,33,0,14,,1760,12,0,33,0,16,,1761,12,0,33,0,59,,1762,12,0,33,0,18,,1763,12,0,33,0,17,,1764,12,0,33,0,60,,1765,12,0,33,0,17,,1766,12,0,33,0,20,,1767,12,0,33,0,61,,1768,12,0,33,0,21,,1769,12,0,33,0,23,,1770,12,0,33,0,65,,1771,12,0,33,0,21,,1772,12,0,33,0,62,,1773,12,0,33,0,22,,1774,12,0,33,0,23,,1775,12,0,33,0,62,,1776,12,0,33,0,23,,1777,12,0,33,0,20,,1778,12,0,33,0,63,,1779,12,0,33,0,11,,1780,12,0,33,0,19,,1781,12,0,9 10 19,0,2,,1782,12,0,33,0,56,,1783,12,0,33,0,14,,1784,12,0,33,0,18,,1785,12,0,33,0,14,,1786,12,0,33,0,54,,1788,12,0,33,0,13,,1787,12,0,33,0,14,,1789,12,0,33,0,15,,1790,12,0,33,0,56,,1791,12,0,33,0,16,,1792,12,0,33,0,22,,1793,12,0,33,0,21,,1794,12,0,33,0,65,,1795,12,0,33,0,24,,1803,12,0,33,0,65,,1796,12,0,33,0,25,,1797,12,0,33,0,64,,1798,12,0,33,0,27,,1804,12,0,33,0,24,,1799,12,0,33,0,69,,1800,12,0,33,0,33,,1801,12,0,33,0,74,,1802,12,0,33,0
201,'5024',554,,1807,12,0,33,0,71,,1808,12,0,33,0,28,,1809,12,0,33,0,75,,1810,12,0,33,0,75,,1811,12,0,33,0,34,,1806,12,0,33,0,71,,1812,12,0,33,0,34,,1813,12,0,33,0,77,,1814,12,0,33,0,30,,1815,12,0,33,0,70,,1816,12,0,33,0,29,,1817,12,0,33,0,69,,1819,12,0,33,0,28,,1820,12,0,33,0,69,,1821,12,0,33,0,29,,1818,12,0,33,0,70,,1822,12,0,33,0,30,,1823,12,0,33,0,70,,1824,12,0,33,0,31,,1825,12,0,33,0,70,,1826,12,0,33,0,26,,1827,12,0,33,0,70,,1828,12,0,33,0,30,,1830,12,0,33,0,76,,1831,12,0,33,0,36,,1832,12,0,33,0,77,,1829,12,0,33,0,76,,1833,12,0,33,0,37,,1835,12,0,33,0,75,,1834,12,0,33,0,35,,1836,12,0,33,0,76,,1837,12,0,33,0
300,'5021',642,,1838,25,,,0,95,,1839,25,,,0,89,,1852,25,,,0,94,,1841,25,,,0,90,,1842,25,,,0,99,,1843,25,,,0,95,,1840,25,,,0,99,,1844,25,,,0,101,,1845,25,,,0,100,,1846,25,,,0,100,,1847,25,,,0,104,,1848,25,,,0,97,,1849,25,,,0,96,,1850,25,,,0,100,,1851,25,,,0
300,'5022',559,,1854,25,,,0,71,,1855,25,,,0,29,,1856,25,,,0,75,,1857,25,,,0,74,,1858,25,,,0,35,,1859,25,,,0,75,,1860,25,,,0,35,,1861,25,,,0,75,,1862,25,,,0,75,,1853,25,,,0,35,,1863,25,,,0,74,,1864,25,,,0,35,,1865,25,,,0,75,,1866,25,,,0,80,,1867,25,,,0,33,,1868,25,,,0,76,,1869,25,,,0,40,,1870,25,,,0,76,,1871,25,,,0,74,,1872,25,,,0,37,,1873,25,,,0,76,,1874,25,,,0,36,,1876,25,,,0,75,,1875,25,,,0,30,,1877,25,,,0,101,,1878,25,,,0,101,,1879,25,,,0,143,,1880,25,,,0
300,'5024',612,,1905,25,,,0,90,,1904,25,,,0,99,,1906,25,,,0,49,,1881,25,,,0,69,,1882,25,,,0,40,,1883,25,,,0,75,,1885,25,,,0,70,,1886,25,,,0,35,,1887,25,,,0,75,,1884,25,,,0,34,,1888,25,,,0,80,,1889,25,,,0,75,,1890,25,,,0,35,,1891,25,,,0,81,,1892,25,,,0,35,,1893,25,,,0,70,,1894,25,,,0,35,,1895,25,,,0,76,,1896,25,,,0,75,,1897,25,,,0,46,,1898,25,,,0,75,,1899,25,,,0,75,,1900,25,,,0,50,,1901,25,,,0,101,,1902,25,,,0,100,,1903,25,,,0
401,'5021',625,,1992,46,,,0,109,,1979,46,,,0,100,,1980,46,,,0,100,,1981,46,,,0,100,,1982,46,,,0,101,,1983,46,,,0,101,,1984,46,,,0,100,,1985,46,,,0,100,,1986,46,,,0,100,,1987,46,,,0,100,,1988,46,,,0,100,,1989,46,,,0,100,,1990,46,,,0,99,,1991,46,,,0
401,'5022',625,,2011,46,,,0,110,,2008,46,,,0,17,,2002,46,,,0,87,,2003,46,,,0,97,,2004,46,,,0,100,,2005,46,,,0,101,,2006,46,,,0,100,,2007,46,,,0,100,,2009,46,,,0,103,,2010,46,,,0,63,,1997,46,,,0,35,,1998,46,,,0,102,,1999,46,,,0,98,,2000,46,,,0,98,,2001,46,,,0,100,,1994,46,,,0,99,,1995,46,,,0,100,,1996,46,,,0,120,,1993,46,,,0
401,'5024',626,,2024,46,,,0,108,,2027,46,,,0,101,,2028,46,,,0,100,,2012,46,,,0,101,,2013,46,,,0,101,,2025,46,,,0,100,,2023,46,,,0,100,,2022,46,,,0,100,,2021,46,,,0,100,,2017,46,,,0,100,,2020,46,,,0,100,,2019,46,,,0,99,,2018,46,,,0,100,,2016,46,,,0,99,,2015,46,,,0,99,,2014,46,,,0,122,,2026,46,,,0
700,'5024',530,,2236,8,0,22 23,0,100,,2237,8,0,22 23,0,199,,2238,8,0,22 23,0,200,,2239,8,0,22 23,0,200,,2240,8,0,22 23,0,200,,2241,8,0,22 23,0,200,,2242,8,0,22 23,0,400,,2244,8,0,22 23,0
900,'5021',711,,2247,52,0,17 10,0,100,,2248,52,0,17 10,0,101,,2249,52,0,17 10,0,101,,2246,52,0,17 10,0,106,,2250,52,0,17 10,0,95,,2251,52,0,17 10,0,105,,2252,52,0,17 10,0,100,,2253,52,0,17 10,0,100,,2254,52,0,17 10,0,99,,2255,52,0,17 10,0,100,,2256,52,0,17 10,0,100,,2257,52,0,17 10,0,100,,2258,52,0,17 10,0,95,,2259,52,0,17 10,0
900,'5022',610,,2276,52,0,17 10,0,110,,2265,52,0,17 10,0,97,,2266,52,0,17 10,0,104,,2267,52,0,17 10,0,100,,2268,52,0,17 10,0,101,,2269,52,0,17 10,0,100,,2270,52,0,17 10,0,101,,2271,52,0,17 10,0,100,,2272,52,0,17 10,0,101,,2273,52,0,17 10,0,100,,2274,52,0,17 10,0,100,,2275,52,0,17 10,0,99,,2261,52,0,17 10,0,98,,2262,52,0,17 10,0,99,,2263,52,0,17 10,0,99,,2264,52,0,17 10,0,100,,2260,52,0,17 10,0
900,'5024',711,,2277,52,0,9 10,0,100,,2278,52,0,9 10,0,101,,2279,52,0,9 10,0,101,,2280,52,0,9 10,0,105,,2281,52,0,9 10,0,96,,2282,52,0,9 10,0,106,,2283,52,0,9 10,0,100,,2284,52,0,9 10,0,100,,2285,52,0,17 10,0,100,,2286,52,0,9 10,0,104,,2287,61,0,9 10,0,94,,2288,52,0,17 10,0,100,,2289,52,0,9 10,0,95,,2290,52,0,9 10,0,99,,2291,52,0,9 10,0,105,,2292,52,0,17 10,0
1501,'5022',648,,2318,46,,,0,84,,2320,46,,,0,123,,2317,46,,,0,681,,2319,46,,,0,205,,2316,46,,,0,89,,2315,46,,,0
1501,'5024',953,,2321,46,,,0,172,,2322,46,,,0,428,,2323,46,,,0,172,,2324,46,,,0
1600,'5022',804,,2328,38,,,0,124,,2326,38,,,0,682,,2327,38,,,0,48,,2325,38,,,0
2600,'5022',1523,,2406,54,,,0
2601,'5022',806,,2407,65,,,0
1000700,'5024',729,,2728,8,0,24,0,200,,2729,8,0,24,0,200,,2730,8,0,24,0,200,,2731,8,0,24,0,400,,2733,8,0,24,0,200,,2734,8,0,24,0,200,,2735,8,0,24,0
