'3277',3100,95700,4,'',0,15000,4,'',0,11000,4,'',0,11000,4,'',0,11000,4,'',0,19400,4,'',0,7600,4,'',0,3500,4,'',0,7500,4,'',0
'3281',3100,92700,4,'',0,10000,4,'',0,11500,4,'',0,11000,4,'',0,15000,4,'',0,11500,4,'',0,11500,4,'',0,11000,4,'',0
'3282',3100,114200,4,'',0,11000,4,'',0,15000,4,'',0,11500,4,'',0,11500,4,'',0,10300,4,'',0
'3277',3200,203500,4,'',0
'3282',3200,82100,4,'',0,10400,4,'',0,88700,4,'',0,11000,4,'',0,11500,4,'',0
'3277',3300,61500,4,'',0,3000,4,'',0,7000,4,'',0,3100,4,'',0,7300,4,'',0,3600,4,'',0,65900,4,'',0,52000,4,'',0,9500,4,'',0
'3277',3301,55000,,'',0,7000,,'',0,3000,,'',0,7000,,'',0,3000,,'',0,7500,,'',0,3300,,'',0,7200,,'',0,7000,,'',0,4000,,'',0,7500,,'',0,3500,,'',0,7500,,'',0,7500,,'',0,3500,,'',0,7500,,'',0,3500,,'',0,8000,,'',0,7500,,'',0,3500,,'',0,7500,,'',0,3500,,'',0,7500,,'',0,3500,,'',0,8500,,'',0,7000,,'',0,3000,,'',0,6500,,'',0
'3281',3300,200600,4,'',0,9900,4,'',0
'3281',3301,75500,,'',0,7000,,'',0,3300,,'',0,7200,,'',0,7000,,'',0,4000,,'',0,7500,,'',0,3500,,'',0,7500,,'',0,7500,,'',0,3500,,'',0,7500,,'',0,4000,,'',0,7500,,'',0,7500,,'',0,3500,,'',0,7500,,'',0,3500,,'',0,7500,,'',0,12000,,'',0,10000,,'',0
'3282',3301,82500,,'',0,10500,,'',0,11000,,'',0,7500,,'',0,3500,,'',0,7500,,'',0,7500,,'',0,3500,,'',0,7500,,'',0,4000,,'',0,7500,,'',0,7500,,'',0,3500,,'',0,7500,,'',0,11000,,'',0,12000,,'',0,10000,,'',0
'3277',3400,61500,4,'',0,3000,4,'',0,7100,4,'',0,2700,4,'',0,7500,4,'',0,3400,4,'',0,7000,4,'',0,3200,4,'',0,7400,4,'',0,7200,4,'',0,3500,4,'',0,7500,4,'',0,3500,4,'',0,7500,4,'',0,3500,4,'',0,7700,4,'',0,8400,4,'',0,3200,4,'',0,7800,4,'',0,7400,4,'',0,3800,4,'',0,7400,4,'',0,3500,4,'',0,7400,4,'',0,8400,4,'',0,9700,4,'',0,9900,4,'',0
'3277',3401,55000,,'',0,7000,,'',0,3000,,'',0,7000,,'',0,3000,,'',0,7500,,'',0,3300,,'',0,7200,,'',0,7000,,'',0,3500,,'',0,7500,,'',0,3500,,'',0,7500,,'',0,3500,,'',0,7500,,'',0,7500,,'',0,4000,,'',0,7500,,'',0,8000,,'',0,3500,,'',0,7500,,'',0,3500,,'',0,7500,,'',0,3500,,'',0,8500,,'',0,10000,,'',0,10000,,'',0
'3281',3400,81700,4,'',0,3000,4,'',0,7400,4,'',0,3200,4,'',0,7000,4,'',0,3500,4,'',0,7600,4,'',0,7500,4,'',0,3500,4,'',0,7500,4,'',0,3500,4,'',0,7500,4,'',0,8000,4,'',0,3500,4,'',0,8000,4,'',0,3500,4,'',0,7500,4,'',0,7500,4,'',0,11000,4,'',0,11400,4,'',0
'3281',3401,75500,,'',0,7000,,'',0,3300,,'',0,7200,,'',0,7000,,'',0,3500,,'',0,7500,,'',0,3500,,'',0,7500,,'',0,3500,,'',0,7500,,'',0,7500,,'',0,4000,,'',0,7500,,'',0,8000,,'',0,3500,,'',0,7500,,'',0,3500,,'',0,11000,,'',0,15500,,'',0
'3282',3400,84300,4,'',0,17800,4,'',0,11100,4,'',0,7500,4,'',0,3500,4,'',0,7500,4,'',0,3500,4,'',0,7500,4,'',0,8000,4,'',0,3500,4,'',0,8000,4,'',0,3500,4,'',0,7500,4,'',0,18400,4,'',0
'3282',3401,82300,,'',0,17700,,'',0,11000,,'',0,3500,,'',0,7500,,'',0,3500,,'',0,7500,,'',0,7500,,'',0,4000,,'',0,7500,,'',0,8000,,'',0,3500,,'',0,7500,,'',0,14500,,'',0
'3277',3500,74400,4,'',0,6500,4,'',0,3600,4,'',0,35900,4,'',0,33200,4,'',0,26800,4,'',0
'3277',3501,72500,,'',0,2500,,'',0,7500,,'',0,32000,,'',0,37000,,'',0,23000,,'',0
'3281',3500,84300,4,'',0,67200,4,'',0,22000,4,'',0
'3281',3501,82400,,'',0,63100,,'',0,26000,,'',0
'3282',3500,100000,4,'',0,21500,4,'',0,63400,4,'',0
'3282',3501,94000,,'',0,21500,,'',0,67500,,'',0
'3277',3900,84500,,'',0,9100,4,'',0,900,,'',0,9200,4,'',0,800,,'',0,9200,4,'',0,7800,,'',0,9200,4,'',0,800,,'',0,9200,4,'',0,800,,'',0,9200,4,'',0,3300,,'',0,9200,4,'',0,800,,'',0,9200,4,'',0,7300,,'',0,5100,4,'',0
'3281',3900,84500,,'',0,9000,4,'',0,1000,,'',0,9000,4,'',0,1000,,'',0,9100,4,'',0,900,,'',0,9300,4,'',0,700,,'',0,9300,4,'',0,700,,'',0,9400,4,'',0,7600,,'',0,9200,4,'',0,800,,'',0,9100,4,'',0,2900,,'',0,8900,4,'',0
'3282',3900,84500,,'',0,8900,4,'',0,6600,,'',0,5000,4,'',0,5500,,'',0,5000,4,'',0,6500,,'',0,9000,4,'',0,2000,,'',0,9000,4,'',0,2500,,'',0,9000,4,'',0,6500,,'',0,4900,4,'',0,9100,,'',0,8800,4,'',0
'3277',1003100,92700,4,'',0,10100,4,'',0,11400,4,'',0,11000,4,'',0,15000,4,'',0,15400,4,'',0,29600,4,'',0,8100,4,'',0
'3281',1003100,85300,4,'',0,10400,4,'',0,15000,4,'',0,11000,4,'',0,11000,4,'',0,11500,4,'',0,11500,4,'',0,15000,4,'',0,11000,4,'',0,3500,4,'',0
'3282',1003100,110700,4,'',0,11000,4,'',0,11000,4,'',0,11500,4,'',0,11500,4,'',0,14800,4,'',0
