100,'5021',604,,4246,,,0,40,,4247,,,0,80,,4248,,,0,80,,4249,,,0,40,,4250,,,0,88,,4251,,,0,87,,4252,,,0,40,,4253,,,0,83,,4254,,,0,78,,4267,,,0,80,,4255,,,0,40,,4256,,,0,80,,4257,,,0,80,,4258,,,0,40,,4259,,,0,80,,4260,,,0,80,,4261,,,0,40,,4262,,,0,80,,4263,,,0,38,,4264,,,0,79,,4265,,,0,77,,4266,,,0,86,,4268,,,0,55,,4269,,,0
100,'5022',514,,4271,,,0,30,,4272,,,0,71,,4270,,,0,20,,4274,,,0,21,,4275,,,0,60,,4273,,,0,15,,4276,,,0,20,,4277,,,0,55,,4278,,,0,17,,4279,,,0,15,,4280,,,0,17,,4282,,,0,58,,4281,,,0,15,,4283,,,0,20,,4284,,,0,59,,4285,,,0,20,,4286,,,0,22,,4287,,,0,62,,4288,,,0,23,,4289,,,0,66,,4291,,,0,22,,4290,,,0,22,,4292,,,0,63,,4293,,,0,23,,4295,,,0,22,,4294,,,0,63,,4296,,,0,22,,4297,,,0,65,,4298,,,0,16,,4299,,,0,14,,4300,,,0,16,,4301,,,0,54,,4302,,,0,17,,4303,,,0,14,,4304,,,0,14,,4305,,,0,54,,4306,,,0,14,,4307,,,0,15,,4308,,,0,14,,4309,,,0,57,,4310,,,0,20,,4311,,,0,20,,4312,,,0,64,,4313,,,0,23,,4320,,,0,24,,4314,,,0,65,,4315,,,0,24,,4316,,,0,65,,4321,,,0,24,,4317,,,0,28,,4318,,,0,71,,4319,,,0
100,'5024',559,,4322,,,0,70,,4323,,,0,30,,4324,,,0,70,,4325,,,0,75,,4326,,,0,35,,4327,,,0,75,,4328,,,0,32,,4330,,,0,76,,4331,,,0,37,,4329,,,0,70,,4332,,,0,30,,4333,,,0,70,,4334,,,0,30,,4335,,,0,70,,4336,,,0,30,,4337,,,0,70,,4338,,,0,30,,4339,,,0,70,,4340,,,0,30,,4341,,,0,70,,4342,,,0,30,,4343,,,0,65,,4344,,,0,30,,4345,,,0,70,,4346,,,0,35,,4347,,,0,75,,4348,,,0,75,,4349,,,0,35,,4350,,,0,75,,4351,,,0,35,,4352,,,0,75,,4353,,,0
101,'5021',637,,4354,4,,0,80,,4355,4,,0,85,,4356,4,,0,40,,4357,4,,0,80,,4358,4,,0,78,,4359,4,,0,55,,4360,4,,0,89,,4361,4,,0,86,,4362,4,,0,80,,4363,4,,0,40,,4364,4,,0,80,,4365,4,,0,80,,4366,4,,0,40,,4367,4,,0,80,,4368,4,,0,80,,4369,4,,0,40,,4370,4,,0,80,,4371,4,,0,80,,4372,4,,0,40,,4373,4,,0,80,,4374,4,,0,82,,4375,4,,0
101,'5022',601,,4377,4,,0,27,,4378,4,,0,31,,4379,4,,0,70,,4380,4,,0,24,,4376,4,,0,54,,4381,4,,0,16,,4382,4,,0,21,,4383,4,,0,60,,4384,4,,0,23,,4385,4,,0,21,,4386,4,,0,61,,4387,4,,0,22,,4388,4,,0,23,,4389,4,,0,62,,4390,4,,0,22,,4391,4,,0,63,,4392,4,,0,22,,4393,4,,0,21,,4394,4,,0,63,,4395,4,,0,26,,4396,4,,0,26,,4397,4,,0,60,,4398,4,,0,25,,4399,4,,0,58,,4400,4,,0,16,,4401,4,,0,16,,4402,4,,0,15,,4403,4,,0,55,,4404,4,,0,14,,4405,4,,0,15,,4406,4,,0,15,,4407,4,,0,55,,4408,4,,0,15,,4409,4,,0,15,,4410,4,,0,12,,4411,4,,0,13,,4412,4,,0,52,,4413,4,,0,21,,4414,4,,0,20,,4415,4,,0,60,,4416,4,,0,19,,4424,4,,0,29,,4417,4,,0,65,,4418,4,,0,23,,4419,4,,0,66,,4425,4,,0,23,,4420,4,,0,70,,4421,4,,0,34,,4422,4,,0,72,,4423,4,,0
101,'5024',637,,4427,4,,0,75,,4426,4,,0,30,,4428,4,,0,72,,4429,4,,0,29,,4430,4,,0,75,,4431,4,,0,83,,4432,4,,0,34,,4433,4,,0,73,,4434,4,,0,30,,4435,4,,0,70,,4436,4,,0,27,,4437,4,,0,70,,4438,4,,0,30,,4439,4,,0,70,,4440,4,,0,30,,4441,4,,0,70,,4442,4,,0,30,,4443,4,,0,70,,4444,4,,0,30,,4445,4,,0,70,,4446,4,,0,28,,4447,4,,0,67,,4448,4,,0,29,,4449,4,,0,78,,4450,4,,0,38,,4451,4,,0,76,,4452,4,,0,35,,4453,4,,0,75,,4454,4,,0,75,,4455,4,,0,32,,4457,4,,0,75,,4456,4,,0
200,'5021',605,,4458,,,0,35,,4459,,,0,80,,4460,,,0,85,,4461,,,0,40,,4462,,,0,80,,4463,,,0,80,,4464,,,0,95,,4465,,,0,49,,4466,,,0,86,,4467,,,0,80,,4468,,,0,40,,4469,,,0,80,,4470,,,0,80,,4471,,,0,40,,4472,,,0,80,,4473,,,0,80,,4474,,,0,40,,4475,,,0,80,,4476,,,0,80,,4477,,,0,40,,4478,,,0,80,,4480,,,0,80,,4479,,,0
200,'5022',530,,4481,,,0,75,,4482,,,0,27,,4483,,,0,71,,4484,,,0,15,,4485,,,0,15,,4486,,,0,24,,4487,,,0,55,,4488,,,0,16,,4489,,,0,21,,4490,,,0,60,,4491,,,0,23,,4492,,,0,21,,4493,,,0,61,,4494,,,0,22,,4495,,,0,23,,4496,,,0,62,,4497,,,0,22,,4498,,,0,63,,4499,,,0,22,,4500,,,0,21,,4501,,,0,63,,4502,,,0,26,,4503,,,0,66,,4504,,,0,20,,4505,,,0,25,,4506,,,0,58,,4507,,,0,16,,4508,,,0,16,,4509,,,0,15,,4510,,,0,55,,4511,,,0,14,,4512,,,0,15,,4513,,,0,15,,4514,,,0,55,,4515,,,0,15,,4516,,,0,15,,4517,,,0,62,,4518,,,0,15,,4519,,,0,20,,4520,,,0,20,,4521,,,0,60,,4522,,,0,19,,4528,,,0,69,,4523,,,0,25,,4524,,,0,25,,4525,,,0,64,,4529,,,0,23,,4526,,,0,70,,4527,,,0
200,'5024',605,,4530,,,0,35,,4531,,,0,75,,4532,,,0,30,,4533,,,0,72,,4534,,,0,30,,4535,,,0,75,,4536,,,0,83,,4537,,,0,35,,4538,,,0,73,,4539,,,0,30,,4541,,,0,70,,4542,,,0,27,,4543,,,0,70,,4540,,,0,30,,4544,,,0,70,,4545,,,0,30,,4546,,,0,70,,4547,,,0,30,,4548,,,0,70,,4550,,,0,30,,4551,,,0,70,,4549,,,0,28,,4552,,,0,67,,4553,,,0,29,,4554,,,0,77,,4555,,,0,38,,4556,,,0,76,,4557,,,0,76,,4558,,,0,34,,4559,,,0,75,,4560,,,0
201,'5021',641,,4561,4,,0,80,,4562,4,,0,79,,4563,4,,0,40,,4564,4,,0,87,,4565,4,,0,87,,4566,4,,0,39,,4567,4,,0,84,,4568,4,,0,78,,4581,4,,0,40,,4569,4,,0,80,,4570,4,,0,80,,4571,4,,0,40,,4572,4,,0,80,,4573,4,,0,80,,4574,4,,0,40,,4575,4,,0,80,,4576,4,,0,80,,4578,4,,0,38,,4577,4,,0,79,,4579,4,,0,78,,4580,4,,0,44,,4583,4,,0,97,,4582,4,,0
201,'5022',537,,4584,4,,0,75,,4585,4,,0,41,,4586,4,,0,75,,4587,4,,0,19,,4588,4,,0,55,,4589,4,,0,17,,4590,4,,0,16,,4591,4,,0,17,,4592,4,,0,58,,4593,4,,0,15,,4594,4,,0,20,,4595,4,,0,58,,4596,4,,0,20,,4597,4,,0,22,,4598,4,,0,62,,4599,4,,0,23,,4600,4,,0,26,,4601,4,,0,62,,4602,4,,0,22,,4603,4,,0,62,,4604,4,,0,23,,4605,4,,0,22,,4606,4,,0,63,,4607,4,,0,21,,4608,4,,0,27,,4609,4,,0,56,,4610,4,,0,14,,4612,4,,0,16,,4613,4,,0,14,,4614,4,,0,57,,4615,4,,0,14,,4616,4,,0,14,,4618,4,,0,13,,4617,4,,0,54,,4619,4,,0,15,,4620,4,,0,14,,4621,4,,0,16,,4622,4,,0,62,,4623,4,,0,20,,4624,4,,0,64,,4625,4,,0,23,,4633,4,,0,25,,4626,4,,0,64,,4627,4,,0,24,,4628,4,,0,66,,4634,4,,0,23,,4629,4,,0,29,,4630,4,,0,71,,4631,4,,0,33,,4632,4,,0
201,'5024',624,,4637,4,,0,31,,4638,4,,0,69,,4639,4,,0,35,,4640,4,,0,75,,4641,4,,0,75,,4636,4,,0,32,,4642,4,,0,75,,4643,4,,0,38,,4644,4,,0,70,,4645,4,,0,30,,4646,4,,0,70,,4647,4,,0,30,,4649,4,,0,70,,4650,4,,0,30,,4651,4,,0,70,,4648,4,,0,30,,4652,4,,0,70,,4653,4,,0,30,,4654,4,,0,69,,4655,4,,0,30,,4656,4,,0,66,,4657,4,,0,30,,4658,4,,0,70,,4660,4,,0,34,,4661,4,,0,76,,4662,4,,0,75,,4659,4,,0,34,,4663,4,,0,76,,4665,4,,0,35,,4664,4,,0,75,,4666,4,,0,76,,4667,4,,0
