3101,'5014',620,,4827,1,,,0,85,,4828,1,,,0,30,,4830,1,,,0,71,,4831,1,,,0,32,,4829,1,,,0,87,,4833,1,,,0,105,,4834,1,,,0,110,,4835,1,,,0,110,,4832,1,,,0,155,,4836,1,,,0,114,,4837,1,,,0,81,,4839,1,,,0,36,,4840,1,,,0,76,,4841,1,,,0,34,,4838,1,,,0,71,,4842,1,,,0,18,,4843,1,,,0
3101,'5015',755,,4847,1,,,0,103,,4846,1,,,0,142,,4844,1,,,0,110,,4851,1,,,0,110,,4852,1,,,0,110,,4845,1,,,0,115,,4850,1,,,0,155,,4848,1,,,0,110,,4849,1,,,0,110,,4853,1,,,0
3101,'5221',755,,4860,1,,,0,247,,4857,1,,,0,218,,4854,1,,,0,110,,4858,1,,,0,115,,4856,1,,,0,155,,4859,1,,,0,110,,4855,1,,,0
3201,'5014',550,,4862,1,0,5 49,0,70,,4863,1,0,5 49,0,30,,4864,1,0,5 49,0,70,,4861,1,0,5 49,0,30,,4865,1,0,5 49,0,72,,4866,1,0,5 49,0,33,,4867,1,0,5 49,0,70,,4868,1,0,5 49,0,32,,4869,1,0,5 49,0,73,,4870,1,0,5 49,0,75,,4871,1,0,5 49,0,35,,4872,1,0,5 49,0,75,,4873,1,0,5 49,0,35,,4874,1,0,5 49,0,75,,4875,1,0,5 49,0,80,,4876,1,0,5 49,0,37,,4877,1,0,5 49,0,78,,4878,1,0,5 49,0,80,,4879,1,0,5 49,0,35,,4880,1,0,5 49,0,77,,4881,1,0,5 49,0,33,,4882,1,0,5 49,0,72,,4883,1,0,5 49,0,38,,4884,1,0,5 49,0,87,,4885,1,0,5 49,0,68,,4886,1,0,5 49,0,95,,4887,1,0,5 49,0,105,,4888,1,0,5 49,0
3201,'5015',755,,4900,1,0,5 49,0,70,,4891,1,0,5 49,0,33,,4911,1,0,5 49,0,72,,4889,1,0,5 49,0,70,,4892,1,0,5 49,0,35,,4897,1,0,5 49,0,75,,4890,1,0,5 49,0,35,,4909,1,0,5 49,0,75,,4894,1,0,5 49,0,35,,4893,1,0,5 49,0,75,,4898,1,0,5 49,0,75,,4895,1,0,5 49,0,40,,4910,1,0,5 49,0,75,,4899,1,0,5 49,0,80,,4896,1,0,5 49,0,35,,4905,1,0,5 49,0,75,,4901,1,0,5 49,0,35,,4912,1,0,5 49,0,75,,4902,1,0,5 49,0,35,,4904,1,0,5 49,0,85,,4903,1,0,5 49,0,70,,4907,1,0,5 49,0,30,,4906,1,0,5 49,0,170,,4908,1,0,5 49,0
3201,'5221',755,,4927,1,0,5 49,0,103,,4926,1,0,5 49,0,144,,4921,1,0,5 49,0,33,,4928,1,0,5 49,0,75,,4915,1,0,5 49,0,35,,4914,1,0,5 49,0,75,,4922,1,0,5 49,0,35,,4913,1,0,5 49,0,75,,4923,1,0,5 49,0,75,,4918,1,0,5 49,0,40,,4924,1,0,5 49,0,75,,4919,1,0,5 49,0,80,,4920,1,0,5 49,0,35,,4917,1,0,5 49,0,75,,4925,1,0,5 49,0,35,,4916,1,0,5 49,0,110,,4929,1,0,5 49,0,155,,4930,1,0,5 49,0
3201,'5357',2505,,4931,1,0,5 49,0
1003101,'5014',650,,6169,1,,,0,70,,6170,1,,,0,30,,6171,1,,,0,72,,6172,1,,,0,33,,6173,1,,,0,102,,6174,1,,,0,148,,6175,1,,,0,110,,6176,1,,,0,110,,6177,1,,,0,115,,6178,1,,,0,100,,6179,1,,,0,78,,6180,1,,,0,35,,6181,1,,,0,75,,6182,1,,,0,73,,6183,1,,,0,51,,6184,1,,,0,90,,6185,1,,,0,163,,6186,1,,,0,110,,6187,1,,,0
1003101,'5015',825,,6193,1,,,0,105,,6199,1,,,0,105,,6188,1,,,0,110,,6189,1,,,0,110,,6190,1,,,0,150,,6192,1,,,0,115,,6197,1,,,0,115,,6195,1,,,0,110,,6194,1,,,0,110,,6191,1,,,0,155,,6196,1,,,0,100,,6198,1,,,0
1003101,'5221',858,,6207,1,,,0,252,,6206,1,,,0,35,,6200,1,,,0,110,,6202,1,,,0,150,,6203,1,,,0,115,,6204,1,,,0,115,,6205,1,,,0,110,,6201,1,,,0,110,,6208,1,,,0,155,,6209,1,,,0,100,,6210,1,,,0
