300,'5021',635,,4668,,,0,95,,4669,,,0,88,,4682,,,0,93,,4671,,,0,90,,4672,,,0,58,,4673,,,0,95,,4670,,,0,99,,4674,,,0,101,,4675,,,0,100,,4676,,,0,100,,4677,,,0,104,,4678,,,0,98,,4679,,,0,96,,4680,,,0,100,,4681,,,0
300,'5022',551,,4684,,,0,70,,4685,,,0,29,,4686,,,0,74,,4687,,,0,34,,4688,,,0,75,,4689,,,0,74,,4690,,,0,35,,4691,,,0,75,,4692,,,0,35,,4683,,,0,75,,4693,,,0,74,,4694,,,0,35,,4695,,,0,75,,4696,,,0,40,,4697,,,0,72,,4698,,,0,36,,4699,,,0,80,,4700,,,0,76,,4701,,,0,34,,4702,,,0,78,,4703,,,0,76,,4704,,,0,37,,4706,,,0,75,,4705,,,0,30,,4707,,,0,101,,4708,,,0,102,,4709,,,0,104,,4710,,,0
300,'5024',605,,4735,,,0,50,,4734,,,0,99,,4736,,,0,87,,4711,,,0,68,,4712,,,0,40,,4713,,,0,75,,4715,,,0,30,,4716,,,0,75,,4717,,,0,75,,4714,,,0,33,,4718,,,0,80,,4719,,,0,35,,4720,,,0,75,,4721,,,0,81,,4722,,,0,35,,4723,,,0,70,,4724,,,0,36,,4725,,,0,76,,4726,,,0,75,,4727,,,0,46,,4728,,,0,75,,4729,,,0,36,,4730,,,0,90,,4731,,,0,102,,4732,,,0,101,,4733,,,0
301,'5021',624,,4740,,,0,101,,4741,,,0,96,,4743,,,0,91,,4752,,,0,96,,4738,,,0,50,,4744,,,0,101,,4745,,,0,96,,4742,,,0,101,,4746,,,0,101,,4747,,,0,100,,4748,,,0,98,,4749,,,0,104,,4750,,,0,96,,4751,,,0,93,,4737,,,0
301,'5022',557,,4754,,,0,83,,4755,,,0,76,,4756,,,0,33,,4757,,,0,75,,4758,,,0,35,,4759,,,0,75,,4760,,,0,75,,4761,,,0,35,,4753,,,0,76,,4762,,,0,36,,4763,,,0,75,,4764,,,0,75,,4765,,,0,36,,4766,,,0,75,,4767,,,0,41,,4768,,,0,75,,4769,,,0,76,,4770,,,0,40,,4771,,,0,76,,4772,,,0,32,,4773,,,0,72,,4774,,,0,75,,4775,,,0,33,,4776,,,0,75,,4777,,,0,29,,4778,,,0,100,,4779,,,0,99,,4780,,,0
301,'5024',559,,4807,,,0,95,,4806,,,0,92,,4805,,,0,100,,4808,,,0,92,,4782,,,0,71,,4783,,,0,40,,4784,,,0,77,,4785,,,0,30,,4786,,,0,75,,4787,,,0,75,,4788,,,0,35,,4789,,,0,80,,4790,,,0,36,,4791,,,0,75,,4792,,,0,80,,4793,,,0,35,,4794,,,0,69,,4795,,,0,35,,4796,,,0,74,,4797,,,0,34,,4798,,,0,84,,4799,,,0,75,,4800,,,0,35,,4801,,,0,88,,4802,,,0,100,,4803,,,0
2400,'5022',1514,,5234,0,15 16 11 12,0
3101,'5021',818,,5273,,,0,209,,5270,,,0,220,,5267,,,0,110,,5271,,,0,154,,5269,,,0,115,,5272,,,0,109,,5268,,,0
3101,'5022',645,,5274,,,0,83,,5275,,,0,72,,5277,,,0,32,,5278,,,0,72,,5276,,,0,47,,5280,,,0,106,,5281,,,0,150,,5282,,,0,110,,5279,,,0,116,,5283,,,0,118,,5284,,,0,78,,5286,,,0,75,,5287,,,0,36,,5288,,,0,72,,5285,,,0,31,,5289,,,0,58,,5290,,,0
3101,'5024',818,,5294,,,0,104,,5293,,,0,103,,5291,,,0,112,,5298,,,0,110,,5299,,,0,110,,5292,,,0,155,,5297,,,0,115,,5295,,,0,110,,5296,,,0,108,,5300,,,0
1003101,'5021',923,,5622,,,0,215,,5621,,,0,75,,5615,,,0,110,,5617,,,0,110,,5618,,,0,114,,5619,,,0,155,,5620,,,0,110,,5616,,,0,109,,5623,,,0,115,,5624,,,0,98,,5625,,,0
1003101,'5022',715,,5626,,,0,32,,5627,,,0,72,,5628,,,0,32,,5629,,,0,72,,5630,,,0,102,,5631,,,0,109,,5632,,,0,110,,5633,,,0,110,,5634,,,0,159,,5635,,,0,99,,5636,,,0,38,,5637,,,0,74,,5638,,,0,34,,5639,,,0,71,,5640,,,0,91,,5641,,,0,90,,5642,,,0,121,,5643,,,0,108,,5644,,,0
1003101,'5024',852,,5650,,,0,105,,5656,,,0,146,,5645,,,0,111,,5646,,,0,110,,5647,,,0,110,,5649,,,0,115,,5654,,,0,155,,5652,,,0,109,,5651,,,0,109,,5648,,,0,115,,5653,,,0,100,,5655,,,0
