200,'4528',545,,4026,19,,,0,74,,4027,19,,,0,29,,4028,19,,,0,71,,4029,19,,,0,16,,4030,19,,,0,15,,4031,19,,,0,63,,4032,19,,,0,16,,4033,19,,,0,16,,4034,19,,,0,61,,4035,19,,,0,20,,4036,19,,,0,23,,4037,19,,,0,61,,4038,19,,,0,21,,4039,19,,,0,22,,4040,19,,,0,63,,4041,19,,,0,23,,4042,19,,,0,62,,4043,19,,,0,23,,4044,19,,,0,22,,4045,19,,,0,61,,4046,19,,,0,23,,4047,19,,,0,26,,4048,19,,,0,66,,4049,19,,,0,20,,4050,19,,,0,66,,4051,19,,,0,18,,4052,19,,,0,15,,4053,19,,,0,16,,4054,19,,,0,55,,4055,19,,,0,14,,4056,19,,,0,15,,4057,19,,,0,15,,4058,19,,,0,54,,4059,19,,,0,15,,4060,19,,,0,14,,4061,19,,,0,15,,4062,19,,,0,58,,4063,19,,,0,20,,4064,19,,,0,20,,4065,19,,,0,60,,4066,19,,,0,19,,4067,19,,,0,20,,4073,19,,,0,69,,4068,19,,,0,25,,4069,19,,,0,65,,4070,19,,,0,23,,4074,19,,,0,23,,4071,19,,,0,69,,4072,19,,,0
200,'5015',619,,4075,19,,,0,35,,4076,19,,,0,75,,4077,19,,,0,71,,4078,19,,,0,33,,4079,19,,,0,71,,4080,19,,,0,36,,4081,19,,,0,83,,4082,19,,,0,35,,4083,19,,,0,73,,4084,19,,,0,70,,4086,19,,,0,30,,4087,19,,,0,28,,4088,19,,,0,70,,4085,19,,,0,30,,4089,19,,,0,70,,4090,19,,,0,30,,4091,19,,,0,69,,4092,19,,,0,30,,4093,19,,,0,70,,4095,19,,,0,29,,4096,19,,,0,70,,4094,19,,,0,28,,4097,19,,,0,67,,4098,19,,,0,29,,4099,19,,,0,77,,4100,19,,,0,78,,4101,19,,,0,35,,4102,19,,,0,75,,4103,19,,,0,34,,4104,19,,,0,74,,4105,19,,,0
200,'5221',618,,4106,19,,,0,35,,4107,19,,,0,81,,4108,19,,,0,86,,4109,19,,,0,80,,4110,19,,,0,42,,4111,19,,,0,81,,4112,19,,,0,95,,4113,19,,,0,89,,4114,19,,,0,46,,4115,19,,,0,81,,4116,19,,,0,80,,4117,19,,,0,40,,4118,19,,,0,80,,4119,19,,,0,80,,4120,19,,,0,40,,4121,19,,,0,79,,4122,19,,,0,80,,4123,19,,,0,39,,4124,19,,,0,80,,4125,19,,,0,80,,4126,19,,,0,40,,4128,19,,,0,78,,4127,19,,,0
200,'5357',2434,,4129,19,,,0
301,'4528',605,,4305,38,,,0,43,,4306,38,,,0,76,,4307,38,,,0,34,,4308,38,,,0,75,,4309,38,,,0,74,,4310,38,,,0,36,,4311,38,,,0,76,,4312,38,,,0,37,,4304,38,,,0,76,,4313,38,,,0,76,,4314,38,,,0,35,,4315,38,,,0,76,,4316,38,,,0,35,,4317,38,,,0,76,,4318,38,,,0,80,,4319,38,,,0,35,,4320,38,,,0,74,,4321,38,,,0,40,,4322,38,,,0,76,,4323,38,,,0,70,,4324,38,,,0,35,,4325,38,,,0,74,,4326,38,,,0,33,,4327,38,,,0,75,,4328,38,,,0,29,,4329,38,,,0,98,,4330,38,,,0,100,,4331,38,,,0
301,'5015',607,,4358,38,,,0,95,,4357,38,,,0,52,,4356,38,,,0,101,,4359,38,,,0,92,,4333,38,,,0,72,,4334,38,,,0,40,,4335,38,,,0,77,,4336,38,,,0,70,,4337,38,,,0,35,,4338,38,,,0,75,,4339,38,,,0,35,,4340,38,,,0,80,,4341,38,,,0,77,,4342,38,,,0,35,,4343,38,,,0,80,,4344,38,,,0,35,,4345,38,,,0,68,,4346,38,,,0,75,,4347,38,,,0,34,,4348,38,,,0,73,,4349,38,,,0,44,,4350,38,,,0,75,,4351,38,,,0,75,,4352,38,,,0,48,,4353,38,,,0,99,,4354,38,,,0
301,'5221',632,,4363,38,,,0,101,,4364,38,,,0,96,,4366,38,,,0,92,,4375,38,,,0,96,,4361,38,,,0,90,,4367,38,,,0,102,,4368,38,,,0,96,,4365,38,,,0,101,,4369,38,,,0,101,,4370,38,,,0,100,,4371,38,,,0,98,,4372,38,,,0,104,,4373,38,,,0,95,,4374,38,,,0,53,,4360,38,,,0
601,'4528',603,,4571,32,,,0,39,,4572,32,,,0,78,,4574,32,,,0,38,,4575,32,,,0,80,,4576,32,,,0,84,,4573,32,,,0,35,,4577,32,,,0,156,,4578,32,,,0,121,,4579,32,,,0,125,,4580,32,,,0,84,,4581,32,,,0,87,,4563,32,,,0,88,,4564,32,,,0,82,,4565,32,,,0,39,,4567,32,,,0,84,,4568,32,,,0,81,,4569,32,,,0,102,,4566,32,,,0,109,,4570,32,,,0,113,,4561,32,,,0,109,,4562,32,,,0
601,'5015',607,,4584,32,,,0,100,,4585,32,,,0,101,,4583,32,,,0,97,,4586,32,,,0,100,,4587,32,,,0,100,,4588,32,,,0,96,,4589,32,,,0,102,,4590,32,,,0,100,,4591,32,,,0,99,,4592,32,,,0,100,,4593,32,,,0,100,,4594,32,,,0,105,,4595,32,,,0,103,,4596,32,,,0,95,,4597,32,,,0,109,,4598,32,,,0,114,,4599,32,,,0,110,,4582,32,,,0
601,'5221',602,,4600,32,,,0,111,,4601,32,,,0,106,,4602,32,,,0,105,,4603,32,,,0,86,,4605,32,,,0,101,,4606,32,,,0,90,,4607,32,,,0,101,,4604,32,,,0,100,,4608,32,,,0,100,,4609,32,,,0,100,,4610,32,,,0,99,,4611,32,,,0,104,,4612,32,,,0,119,,4613,32,,,0,110,,4614,32,,,0
