100,'4528',527,,3815,16,,,0,31,,3816,16,,,0,70,,3814,16,,,0,20,,3818,16,,,0,61,,3819,16,,,0,20,,3817,16,,,0,17,,3820,16,,,0,60,,3821,16,,,0,16,,3822,16,,,0,17,,3823,16,,,0,15,,3824,16,,,0,56,,3826,16,,,0,18,,3825,16,,,0,16,,3827,16,,,0,59,,3828,16,,,0,19,,3829,16,,,0,20,,3830,16,,,0,62,,3831,16,,,0,22,,3832,16,,,0,26,,3833,16,,,0,64,,3835,16,,,0,22,,3834,16,,,0,62,,3836,16,,,0,24,,3837,16,,,0,23,,3839,16,,,0,61,,3838,16,,,0,23,,3840,16,,,0,22,,3841,16,,,0,66,,3842,16,,,0,16,,3843,16,,,0,15,,3844,16,,,0,55,,3845,16,,,0,15,,3846,16,,,0,15,,3847,16,,,0,15,,3848,16,,,0,55,,3849,16,,,0,13,,3850,16,,,0,14,,3851,16,,,0,14,,3852,16,,,0,55,,3853,16,,,0,15,,3854,16,,,0,20,,3855,16,,,0,20,,3856,16,,,0,64,,3857,16,,,0,23,,3864,16,,,0,64,,3858,16,,,0,25,,3859,16,,,0,23,,3860,16,,,0,65,,3865,16,,,0,25,,3861,16,,,0,66,,3862,16,,,0,30,,3863,16,,,0
100,'4532',610,,3866,16,,,0,32,,3867,16,,,0,70,,3868,16,,,0,30,,3869,16,,,0,75,,3870,16,,,0,35,,3871,16,,,0,77,,3872,16,,,0,72,,3874,16,,,0,36,,3875,16,,,0,77,,3873,16,,,0,31,,3876,16,,,0,70,,3877,16,,,0,30,,3878,16,,,0,71,,3879,16,,,0,30,,3880,16,,,0,70,,3881,16,,,0,30,,3882,16,,,0,70,,3883,16,,,0,30,,3884,16,,,0,70,,3885,16,,,0,30,,3886,16,,,0,69,,3887,16,,,0,24,,3888,16,,,0,70,,3889,16,,,0,30,,3890,16,,,0,75,,3891,16,,,0,34,,3892,16,,,0,74,,3893,16,,,0,35,,3894,16,,,0,75,,3895,16,,,0,75,,3896,16,,,0,34,,3897,16,,,0
100,'5221',616,,3898,16,,,0,41,,3899,16,,,0,80,,3900,16,,,0,80,,3901,16,,,0,40,,3902,16,,,0,90,,3903,16,,,0,87,,3904,16,,,0,80,,3905,16,,,0,44,,3906,16,,,0,78,,3919,16,,,0,80,,3907,16,,,0,40,,3908,16,,,0,81,,3909,16,,,0,80,,3910,16,,,0,40,,3911,16,,,0,80,,3912,16,,,0,79,,3913,16,,,0,40,,3914,16,,,0,80,,3915,16,,,0,77,,3916,16,,,0,39,,3917,16,,,0,76,,3918,16,,,0,85,,3920,16,,,0,95,,3921,16,,,0
200,'4528',546,,4026,21,,,0,74,,4027,21,,,0,29,,4028,21,,,0,71,,4029,21,,,0,16,,4030,21,,,0,15,,4031,21,,,0,63,,4032,21,,,0,16,,4033,21,,,0,17,,4034,21,,,0,61,,4035,21,,,0,20,,4036,21,,,0,23,,4037,21,,,0,61,,4038,21,,,0,21,,4039,21,,,0,22,,4040,21,,,0,63,,4041,21,,,0,23,,4042,21,,,0,62,,4043,21,,,0,23,,4044,21,,,0,22,,4045,21,,,0,61,,4046,21,,,0,23,,4047,21,,,0,26,,4048,21,,,0,66,,4049,21,,,0,20,,4050,21,,,0,66,,4051,21,,,0,18,,4052,21,,,0,15,,4053,21,,,0,16,,4054,21,,,0,55,,4055,21,,,0,14,,4056,21,,,0,15,,4057,21,,,0,15,,4058,21,,,0,54,,4059,21,,,0,15,,4060,21,,,0,14,,4061,21,,,0,15,,4062,21,,,0,58,,4063,21,,,0,20,,4064,21,,,0,20,,4065,21,,,0,60,,4066,21,,,0,19,,4067,21,,,0,20,,4073,21,,,0,69,,4068,21,,,0,24,,4069,21,,,0,65,,4070,21,,,0,23,,4074,21,,,0,23,,4071,21,,,0,69,,4072,21,,,0
200,'4532',620,,4075,21,,,0,35,,4076,21,,,0,75,,4077,21,,,0,71,,4078,21,,,0,33,,4079,21,,,0,71,,4080,21,,,0,36,,4081,21,,,0,84,,4082,21,,,0,75,,4083,21,,,0,33,,4084,21,,,0,70,,4086,21,,,0,30,,4087,21,,,0,68,,4088,21,,,0,30,,4085,21,,,0,70,,4089,21,,,0,30,,4090,21,,,0,70,,4091,21,,,0,29,,4092,21,,,0,70,,4093,21,,,0,30,,4095,21,,,0,29,,4096,21,,,0,70,,4094,21,,,0,28,,4097,21,,,0,67,,4098,21,,,0,29,,4099,21,,,0,76,,4100,21,,,0,78,,4101,21,,,0,35,,4102,21,,,0,75,,4103,21,,,0,34,,4104,21,,,0,74,,4105,21,,,0
200,'5221',619,,4106,21,,,0,35,,4107,21,,,0,81,,4108,21,,,0,86,,4109,21,,,0,80,,4110,21,,,0,42,,4111,21,,,0,82,,4112,21,,,0,95,,4113,21,,,0,89,,4114,21,,,0,46,,4115,21,,,0,81,,4116,21,,,0,80,,4117,21,,,0,40,,4118,21,,,0,80,,4119,21,,,0,80,,4120,21,,,0,40,,4121,21,,,0,79,,4122,21,,,0,80,,4123,21,,,0,39,,4124,21,,,0,79,,4125,21,,,0,80,,4126,21,,,0,40,,4128,21,,,0,78,,4127,21,,,0
1701,'4528',647,,4730,33,,,0,76,,4731,33,,,0,92,,4732,33,,,0,727,,4726,33,,,0,88,,4727,33,,,0,85,,4728,33,,,0,40,,4729,33,,,0,84,,4725,33,,,0
2100,'4528',652,,4744,24,,,0,87,,4740,24,,,0,84,,4741,24,,,0,96,,4742,24,,,0,85,,4743,24,,,0,33,,4745,24,,,0,99,,4739,24,,,0,165,,4737,24,,,0,132,,4738,24,,,0,282,,4736,24,,,0,44,,4734,24,,,0,143,,4735,24,,,0,120,,4733,24,,,0
2100,'4532',816,,4753,24,,,0,134,,4755,24,,,0,179,,4754,24,,,0,183,,4749,24,,,0,118,,4750,24,,,0,103,,4751,24,,,0,98,,4752,24,,,0,99,,4747,24,,,0,175,,4748,24,,,0,133,,4746,24,,,0
2100,'5221',854,,4763,24,,,0,100,,4764,24,,,0,175,,4756,24,,,0,172,,4758,24,,,0,133,,4757,24,,,0,173,,4759,24,,,0,129,,4760,24,,,0,170,,4761,24,,,0,129,,4762,24,,,0
74700,'5328',1012,,5937,4,,,0,25,,5933,4,,,0,15,,5932,4,,,0,80,,5936,4,,,0,25,,5934,4,,,0,65,,5939,4,,,0,25,,5935,4,,,0,90,,5940,4,,,0,176,,5938,4,,,0,25,,5942,4,,,0,65,,5941,4,,,0,25,,5944,4,,,0,25,,5943,4,,,0,65,,5945,4,,,0
74700,'5360',1012,,5958,4,,,0,25,,5953,4,,,0,15,,5947,4,,,0,80,,5957,4,,,0,25,,5955,4,,,0,65,,5956,4,,,0,25,,5954,4,,,0,90,,5959,4,,,0,176,,5946,4,,,0,25,,5948,4,,,0,65,,5950,4,,,0,25,,5951,4,,,0,25,,5949,4,,,0,65,,5952,4,,,0
1002100,'4528',1537,,6120,29,,,0,80,,6121,29,,,0
