200,'4944',635,,285,,,0,75,,286,,,0,35,,287,,,0,72,,288,,,0,33,,289,,,0,72,,290,,,0,37,,291,,,0,84,,292,,,0,76,,293,,,0,33,,294,,,0,71,,295,,,0,31,,296,,,0,68,,297,,,0,30,,298,,,0,70,,299,,,0,30,,300,,,0,70,,301,,,0,29,,302,,,0,70,,303,,,0,30,,305,,,0,69,,306,,,0,29,,304,,,0,68,,307,,,0,27,,308,,,0,67,,309,,,0,35,,310,,,0,78,,311,,,0,35,,312,,,0,75,,313,,,0,73,,314,,,0,33,,315,,,0
200,'4946',634,,213,,,0,75,,214,,,0,41,,215,,,0,86,,216,,,0,81,,217,,,0,83,,218,,,0,42,,219,,,0,96,,220,,,0,90,,221,,,0,87,,222,,,0,41,,223,,,0,80,,224,,,0,80,,225,,,0,40,,226,,,0,80,,227,,,0,80,,228,,,0,38,,229,,,0,80,,230,,,0,79,,231,,,0,37,,232,,,0,79,,233,,,0,80,,235,,,0,38,,234,,,0
200,'4955',601,,1628,,,0,36,,1629,,,0,68,,1630,,,0,32,,1631,,,0,21,,1632,,,0,55,,1633,,,0,27,,1634,,,0,12,,1635,,,0,55,,1636,,,0,19,,1637,,,0,22,,1638,,,0,62,,1639,,,0,21,,1640,,,0,23,,1641,,,0,62,,1642,,,0,24,,1643,,,0,62,,1644,,,0,22,,1645,,,0,23,,1646,,,0,62,,1647,,,0,21,,1648,,,0,23,,1649,,,0,66,,1650,,,0,31,,1651,,,0,64,,1652,,,0,22,,1653,,,0,16,,1654,,,0,55,,1655,,,0,16,,1656,,,0,14,,1657,,,0,15,,1658,,,0,54,,1659,,,0,15,,1660,,,0,14,,1661,,,0,15,,1662,,,0,53,,1663,,,0,15,,1664,,,0,21,,1665,,,0,14,,1666,,,0,60,,1667,,,0,19,,1668,,,0,20,,1669,,,0,59,,1675,,,0,28,,1670,,,0,62,,1671,,,0,24,,1672,,,0,24,,1676,,,0,63,,1673,,,0,30,,1674,,,0
200,'4957',635,,1677,,,0,75,,1678,,,0,35,,1679,,,0,72,,1680,,,0,33,,1681,,,0,72,,1682,,,0,37,,1683,,,0,84,,1684,,,0,76,,1685,,,0,33,,1686,,,0,71,,1687,,,0,31,,1688,,,0,68,,1689,,,0,30,,1690,,,0,70,,1691,,,0,30,,1692,,,0,70,,1693,,,0,29,,1694,,,0,70,,1695,,,0,30,,1697,,,0,69,,1698,,,0,29,,1696,,,0,68,,1699,,,0,27,,1700,,,0,67,,1701,,,0,35,,1702,,,0,78,,1703,,,0,35,,1704,,,0,75,,1705,,,0,73,,1706,,,0,33,,1707,,,0
200,'4958',634,,1708,,,0,75,,1709,,,0,41,,1710,,,0,86,,1711,,,0,81,,1712,,,0,83,,1713,,,0,42,,1714,,,0,96,,1715,,,0,90,,1716,,,0,87,,1717,,,0,41,,1718,,,0,80,,1719,,,0,80,,1720,,,0,40,,1721,,,0,80,,1722,,,0,80,,1723,,,0,38,,1724,,,0,80,,1725,,,0,79,,1726,,,0,37,,1727,,,0,79,,1728,,,0,80,,1730,,,0,38,,1729,,,0
900,'4944',649,,862,0,13 14,0,100,,863,0,13 14,0,100,,864,0,13 14,0,101,,865,0,13 14,0,105,,866,0,13 14,0,95,,867,0,13 14,0,105,,868,0,13 14,0,100,,869,0,13 14,0,100,,870,0,13 14,0,100,,871,0,13 14,0,104,,872,0,13 14,0,96,,873,0,13 14,0,100,,874,0,13 14,0,95,,875,0,13 14,0,100,,876,0,13 14,0,105,,877,0,13 14,0
900,'4946',649,,832,0,13 14,0,100,,833,0,13 14,0,100,,834,0,13 14,0,100,,831,0,13 14,0,106,,835,0,13 14,0,95,,836,0,13 14,0,105,,837,0,13 14,0,100,,838,0,13 14,0,100,,839,0,13 14,0,100,,840,0,13 14,0,100,,841,0,13 14,0,100,,842,0,13 14,0,100,,843,0,13 14,0,95,,844,0,13 14,0
900,'4955',549,,2262,0,13 14,0,107,,2251,0,13 14,0,94,,2252,0,13 14,0,107,,2253,0,13 14,0,100,,2254,0,13 14,0,100,,2255,0,13 14,0,100,,2256,0,13 14,0,100,,2257,0,13 14,0,100,,2258,0,13 14,0,101,,2259,0,13 14,0,100,,2260,0,13 14,0,100,,2261,0,13 14,0,100,,2247,0,13 14,0,99,,2248,0,13 14,0,100,,2249,0,13 14,0,99,,2250,0,13 14,0,100,,2246,0,13 14,0
900,'4957',649,,2263,0,13 14,0,100,,2264,0,13 14,0,100,,2265,0,13 14,0,101,,2266,0,13 14,0,105,,2267,0,13 14,0,95,,2268,0,13 14,0,105,,2269,0,13 14,0,100,,2270,0,13 14,0,100,,2271,0,13 14,0,100,,2272,0,13 14,0,104,,2273,0,13 14,0,96,,2274,0,13 14,0,100,,2275,0,13 14,0,95,,2276,0,13 14,0,100,,2277,0,13 14,0,105,,2278,0,13 14,0
900,'4958',649,,2280,0,13 14,0,100,,2281,0,13 14,0,100,,2282,0,13 14,0,100,,2279,0,13 14,0,106,,2283,0,13 14,0,95,,2284,0,13 14,0,105,,2285,0,13 14,0,100,,2286,0,13 14,0,100,,2287,0,13 14,0,100,,2288,0,13 14,0,100,,2289,0,13 14,0,100,,2290,0,13 14,0,100,,2291,0,13 14,0,95,,2292,0,13 14,0
2600,'4955',1441,,2406,0,13 14 11 12,0
2601,'4955',725,,2407,0,13 14 11 12,0
