100,'4759',531,,1417,24,,,0,70,,1418,24,,,0,33,,1416,24,,,0,20,,1420,24,,,0,62,,1421,24,,,0,21,,1419,24,,,0,15,,1422,24,,,0,61,,1423,24,,,0,17,,1424,24,,,0,15,,1425,24,,,0,55,,1426,24,,,0,17,,1428,24,,,0,18,,1427,24,,,0,15,,1429,24,,,0,60,,1430,24,,,0,19,,1431,24,,,0,21,,1432,24,,,0,62,,1433,24,,,0,22,,1434,24,,,0,24,,1435,24,,,0,67,,1437,24,,,0,22,,1436,24,,,0,62,,1438,24,,,0,24,,1439,24,,,0,23,,1441,24,,,0,63,,1440,24,,,0,23,,1442,24,,,0,63,,1443,24,,,0,23,,1444,24,,,0,16,,1445,24,,,0,14,,1446,24,,,0,57,,1447,24,,,0,14,,1448,24,,,0,17,,1449,24,,,0,54,,1450,24,,,0,14,,1451,24,,,0,14,,1452,24,,,0,12,,1453,24,,,0,14,,1454,24,,,0,53,,1455,24,,,0,17,,1456,24,,,0,19,,1457,24,,,0,60,,1458,24,,,0,23,,1459,24,,,0,23,,1466,24,,,0,64,,1460,24,,,0,23,,1461,24,,,0,64,,1462,24,,,0,25,,1467,24,,,0,24,,1463,24,,,0,68,,1464,24,,,0,30,,1465,24,,,0
100,'4970',621,,1468,24,,,0,81,,1469,24,,,0,40,,1470,24,,,0,81,,1471,24,,,0,80,,1472,24,,,0,50,,1473,24,,,0,88,,1474,24,,,0,80,,1475,24,,,0,85,,1476,24,,,0,38,,1489,24,,,0,80,,1477,24,,,0,80,,1478,24,,,0,41,,1479,24,,,0,80,,1480,24,,,0,80,,1481,24,,,0,40,,1482,24,,,0,79,,1483,24,,,0,79,,1484,24,,,0,40,,1485,24,,,0,77,,1486,24,,,0,38,,1487,24,,,0,76,,1488,24,,,0,85,,1490,24,,,0,94,,1491,24,,,0
100,'5024',616,,1492,24,,,0,32,,1493,24,,,0,70,,1494,24,,,0,30,,1495,24,,,0,75,,1496,24,,,0,36,,1497,24,,,0,77,,1498,24,,,0,72,,1500,24,,,0,38,,1501,24,,,0,77,,1499,24,,,0,31,,1502,24,,,0,70,,1503,24,,,0,30,,1504,24,,,0,71,,1505,24,,,0,30,,1506,24,,,0,70,,1507,24,,,0,30,,1508,24,,,0,70,,1509,24,,,0,30,,1510,24,,,0,70,,1511,24,,,0,30,,1512,24,,,0,69,,1513,24,,,0,24,,1514,24,,,0,69,,1515,24,,,0,29,,1516,24,,,0,75,,1517,24,,,0,34,,1518,24,,,0,74,,1519,24,,,0,75,,1520,24,,,0,34,,1521,24,,,0,75,,1522,24,,,0,34,,1523,24,,,0
200,'4759',551,,1628,29,,,0,76,,1629,29,,,0,27,,1630,29,,,0,72,,1631,29,,,0,18,,1632,29,,,0,15,,1633,29,,,0,69,,1634,29,,,0,12,,1635,29,,,0,15,,1636,29,,,0,60,,1637,29,,,0,21,,1638,29,,,0,22,,1639,29,,,0,61,,1640,29,,,0,23,,1641,29,,,0,62,,1642,29,,,0,23,,1643,29,,,0,22,,1644,29,,,0,62,,1645,29,,,0,23,,1646,29,,,0,22,,1647,29,,,0,61,,1648,29,,,0,23,,1649,29,,,0,66,,1650,29,,,0,28,,1651,29,,,0,25,,1652,29,,,0,62,,1653,29,,,0,16,,1654,29,,,0,16,,1655,29,,,0,56,,1656,29,,,0,14,,1657,29,,,0,15,,1658,29,,,0,14,,1659,29,,,0,55,,1660,29,,,0,15,,1661,29,,,0,15,,1662,29,,,0,14,,1663,29,,,0,55,,1664,29,,,0,21,,1665,29,,,0,14,,1666,29,,,0,60,,1667,29,,,0,19,,1668,29,,,0,20,,1669,29,,,0,19,,1675,29,,,0,68,,1670,29,,,0,24,,1671,29,,,0,64,,1672,29,,,0,24,,1676,29,,,0,63,,1673,29,,,0,30,,1674,29,,,0
200,'4970',624,,1677,29,,,0,35,,1678,29,,,0,81,,1679,29,,,0,86,,1680,29,,,0,81,,1681,29,,,0,43,,1682,29,,,0,82,,1683,29,,,0,96,,1684,29,,,0,89,,1685,29,,,0,86,,1686,29,,,0,41,,1687,29,,,0,80,,1688,29,,,0,80,,1689,29,,,0,40,,1690,29,,,0,80,,1691,29,,,0,80,,1692,29,,,0,38,,1693,29,,,0,80,,1694,29,,,0,79,,1695,29,,,0,39,,1696,29,,,0,79,,1697,29,,,0,40,,1699,29,,,0,78,,1698,29,,,0
200,'5024',625,,1700,29,,,0,75,,1701,29,,,0,35,,1702,29,,,0,72,,1703,29,,,0,33,,1704,29,,,0,71,,1705,29,,,0,37,,1706,29,,,0,84,,1707,29,,,0,76,,1708,29,,,0,33,,1709,29,,,0,70,,1711,29,,,0,30,,1712,29,,,0,68,,1713,29,,,0,30,,1710,29,,,0,70,,1714,29,,,0,30,,1715,29,,,0,70,,1716,29,,,0,29,,1717,29,,,0,70,,1718,29,,,0,30,,1720,29,,,0,69,,1721,29,,,0,29,,1719,29,,,0,68,,1722,29,,,0,27,,1723,29,,,0,69,,1724,29,,,0,35,,1725,29,,,0,78,,1726,29,,,0,35,,1727,29,,,0,75,,1728,29,,,0,34,,1729,29,,,0,73,,1730,29,,,0
300,'4759',553,,1839,16,,,0,70,,1840,16,,,0,29,,1841,16,,,0,74,,1842,16,,,0,74,,1843,16,,,0,35,,1844,16,,,0,74,,1845,16,,,0,35,,1846,16,,,0,75,,1847,16,,,0,35,,1838,16,,,0,75,,1848,16,,,0,74,,1849,16,,,0,35,,1850,16,,,0,75,,1851,16,,,0,40,,1852,16,,,0,72,,1853,16,,,0,76,,1854,16,,,0,40,,1855,16,,,0,76,,1856,16,,,0,34,,1857,16,,,0,78,,1858,16,,,0,76,,1859,16,,,0,37,,1861,16,,,0,75,,1860,16,,,0,30,,1862,16,,,0,101,,1863,16,,,0,102,,1864,16,,,0,103,,1865,16,,,0
300,'4970',636,,1866,16,,,0,95,,1867,16,,,0,89,,1880,16,,,0,93,,1869,16,,,0,90,,1870,16,,,0,98,,1871,16,,,0,55,,1868,16,,,0,99,,1872,16,,,0,101,,1873,16,,,0,100,,1874,16,,,0,100,,1875,16,,,0,144,,1876,16,,,0,58,,1877,16,,,0,96,,1878,16,,,0,100,,1879,16,,,0
300,'5024',606,,1905,16,,,0,50,,1904,16,,,0,99,,1906,16,,,0,88,,1881,16,,,0,68,,1882,16,,,0,40,,1883,16,,,0,75,,1885,16,,,0,30,,1886,16,,,0,75,,1887,16,,,0,75,,1884,16,,,0,33,,1888,16,,,0,80,,1889,16,,,0,35,,1890,16,,,0,75,,1891,16,,,0,81,,1892,16,,,0,35,,1893,16,,,0,70,,1894,16,,,0,36,,1895,16,,,0,76,,1896,16,,,0,75,,1897,16,,,0,46,,1898,16,,,0,75,,1899,16,,,0,36,,1900,16,,,0,90,,1901,16,,,0,101,,1902,16,,,0,101,,1903,16,,,0
501,'4759',604,,2098,1,,,0,26,,2099,1,,,0,74,,2100,1,,,0,32,,2101,1,,,0,73,,2102,1,,,0,35,,2104,1,,,0,77,,2103,1,,,0,34,,2105,1,,,0,75,,2106,1,,,0,73,,2107,1,,,0,34,,2108,1,,,0,75,,2109,1,,,0,35,,2110,1,,,0,79,,2111,1,,,0,30,,2112,1,,,0,72,,2113,1,,,0,85,,2114,1,,,0,37,,2115,1,,,0,73,,2116,1,,,0,79,,2117,1,,,0,39,,2118,1,,,0,77,,2119,1,,,0,36,,2120,1,,,0,71,,2121,1,,,0,102,,2122,1,,,0,102,,2123,1,,,0,106,,2124,1,,,0
501,'4970',618,,2126,1,,,0,95,,2125,1,,,0,87,,2139,1,,,0,52,,2127,1,,,0,90,,2128,1,,,0,96,,2129,1,,,0,94,,2130,1,,,0,99,,2131,1,,,0,100,,2133,1,,,0,100,,2134,1,,,0,100,,2135,1,,,0,104,,2132,1,,,0,100,,2136,1,,,0,97,,2137,1,,,0,100,,2138,1,,,0
501,'5024',639,,2163,1,,,0,98,,2164,1,,,0,86,,2142,1,,,0,27,,2143,1,,,0,80,,2140,1,,,0,74,,2141,1,,,0,29,,2144,1,,,0,75,,2145,1,,,0,35,,2146,1,,,0,73,,2147,1,,,0,38,,2148,1,,,0,75,,2149,1,,,0,75,,2150,1,,,0,41,,2151,1,,,0,75,,2152,1,,,0,31,,2153,1,,,0,76,,2154,1,,,0,76,,2155,1,,,0,36,,2156,1,,,0,86,,2157,1,,,0,76,,2158,1,,,0,36,,2160,1,,,0,91,,2161,1,,,0,102,,2162,1,,,0,101,,2159,1,,,0
700,'5024',525,,2236,1,0,22 23,0,100,,2237,1,0,22 23,0,199,,2238,1,0,22 23,0,200,,2239,1,0,22 23,0,200,,2240,1,0,22 23,0,199,,2241,1,0,22 23,0,200,,2242,1,0,22 23,0,401,,2244,1,0,22 23,0
900,'5024',1648,,2287,1,0,13 14,0
1201,'4759',703,,2312,1,,,0,39,,2313,1,,,0,86,,2314,1,,,0,77,,2309,1,,,0,115,,2310,1,,,0,119,,2311,1,,,0,164,,2304,1,,,0,126,,2306,1,,,0,171,,2307,1,,,0,42,,2308,1,,,0,85,,2305,1,,,0
2600,'4759',1426,,2406,1,0,13 14 11 12,0
2601,'4759',715,,2407,1,0,13 14 11 12,0
1000700,'5024',724,,2728,1,0,24,0,199,,2729,1,0,24,0,200,,2730,1,0,24,0,200,,2731,1,0,24,0,400,,2733,1,0,24,0,200,,2734,1,0,24,0,201,,2735,1,0,24,0
