700,'4944',535,,821,0,22 23,0,100,,822,0,22 23,0,200,,823,0,22 23,0,200,,824,0,22 23,0,201,,825,0,22 23,0,200,,826,0,22 23,0,200,,827,0,22 23,0,199,,828,0,22 23,0,200,,829,0,22 23,0,270,,830,0,22 23,0
700,'4946',535,,811,0,22 23,0,100,,805,0,22 23,0,200,,804,0,22 23,0,200,,806,0,22 23,0,201,,807,0,22 23,0,200,,808,0,22 23,0,200,,809,0,22 23,0,199,,810,0,22 23,0
700,'4955',625,,2224,0,22 23,0,210,,2225,0,22 23,0,200,,2226,0,22 23,0,200,,2227,0,22 23,0,201,,2222,0,22 23,0,200,,2223,0,22 23,0,200,,2221,0,22 23,0,199,,2219,0,22 23,0,270,,2220,0,22 23,0
700,'4957',535,,2228,0,22 23,0,100,,2229,0,22 23,0,200,,2230,0,22 23,0,200,,2231,0,22 23,0,201,,2232,0,22 23,0,200,,2233,0,22 23,0,200,,2234,0,22 23,0,199,,2235,0,22 23,0,200,,2236,0,22 23,0,270,,2237,0,22 23,0
700,'4958',535,,2245,0,22 23,0,100,,2239,0,22 23,0,200,,2238,0,22 23,0,200,,2240,0,22 23,0,201,,2241,0,22 23,0,200,,2242,0,22 23,0,200,,2243,0,22 23,0,199,,2244,0,22 23,0
1000700,'4944',735,,1313,0,24,0,200,,1314,0,24,0,201,,1315,0,24,0,200,,1316,0,24,0,200,,1317,0,24,0,200,,1318,0,24,0,199,,1319,0,24,0,200,,1320,0,24,0
1000700,'4946',735,,1297,0,24,0,200,,1296,0,24,0,201,,1298,0,24,0,200,,1300,0,24,0,200,,1299,0,24,0,200,,1301,0,24,0,199,,1302,0,24,0
1000700,'4955',735,,2718,0,24,0,15,,2717,0,24,0,185,,2719,0,24,0,200,,2720,0,24,0,201,,2711,0,24,0,200,,2714,0,24,0,70,,2715,0,24,0,130,,2716,0,24,0,199,,2712,0,24,0,200,,2713,0,24,0
1000700,'4957',735,,2721,0,24,0,200,,2722,0,24,0,201,,2723,0,24,0,200,,2724,0,24,0,200,,2725,0,24,0,200,,2726,0,24,0,199,,2727,0,24,0,200,,2728,0,24,0
1000700,'4958',735,,2730,0,24,0,200,,2729,0,24,0,201,,2731,0,24,0,200,,2733,0,24,0,200,,2732,0,24,0,200,,2734,0,24,0,199,,2735,0,24,0
