100,'4528',528,,3815,18,,,0,72,,3816,18,,,0,30,,3814,18,,,0,20,,3818,18,,,0,61,,3819,18,,,0,20,,3817,18,,,0,17,,3820,18,,,0,60,,3821,18,,,0,16,,3822,18,,,0,17,,3823,18,,,0,15,,3824,18,,,0,56,,3826,18,,,0,18,,3825,18,,,0,16,,3827,18,,,0,59,,3828,18,,,0,19,,3829,18,,,0,20,,3830,18,,,0,62,,3831,18,,,0,22,,3832,18,,,0,26,,3833,18,,,0,64,,3835,18,,,0,22,,3834,18,,,0,62,,3836,18,,,0,24,,3837,18,,,0,23,,3839,18,,,0,61,,3838,18,,,0,23,,3840,18,,,0,22,,3841,18,,,0,66,,3842,18,,,0,16,,3843,18,,,0,15,,3844,18,,,0,55,,3845,18,,,0,15,,3846,18,,,0,15,,3847,18,,,0,15,,3848,18,,,0,55,,3849,18,,,0,13,,3850,18,,,0,14,,3851,18,,,0,14,,3852,18,,,0,55,,3853,18,,,0,15,,3854,18,,,0,20,,3855,18,,,0,20,,3856,18,,,0,64,,3857,18,,,0,23,,3864,18,,,0,64,,3858,18,,,0,25,,3859,18,,,0,23,,3860,18,,,0,65,,3865,18,,,0,25,,3861,18,,,0,66,,3862,18,,,0,30,,3863,18,,,0
100,'4532',612,,3866,18,,,0,32,,3867,18,,,0,70,,3868,18,,,0,30,,3869,18,,,0,75,,3870,18,,,0,35,,3871,18,,,0,77,,3872,18,,,0,72,,3874,18,,,0,36,,3875,18,,,0,77,,3873,18,,,0,31,,3876,18,,,0,70,,3877,18,,,0,30,,3878,18,,,0,71,,3879,18,,,0,30,,3880,18,,,0,70,,3881,18,,,0,30,,3882,18,,,0,70,,3883,18,,,0,30,,3884,18,,,0,70,,3885,18,,,0,30,,3886,18,,,0,69,,3887,18,,,0,24,,3888,18,,,0,70,,3889,18,,,0,30,,3890,18,,,0,75,,3891,18,,,0,34,,3892,18,,,0,74,,3893,18,,,0,35,,3894,18,,,0,75,,3895,18,,,0,75,,3896,18,,,0,34,,3897,18,,,0
100,'5221',617,,3898,18,,,0,41,,3899,18,,,0,80,,3900,18,,,0,81,,3901,18,,,0,40,,3902,18,,,0,90,,3903,18,,,0,87,,3904,18,,,0,80,,3905,18,,,0,84,,3906,18,,,0,38,,3919,18,,,0,80,,3907,18,,,0,40,,3908,18,,,0,81,,3909,18,,,0,80,,3910,18,,,0,40,,3911,18,,,0,80,,3912,18,,,0,79,,3913,18,,,0,40,,3914,18,,,0,80,,3915,18,,,0,77,,3916,18,,,0,39,,3917,18,,,0,76,,3918,18,,,0,85,,3920,18,,,0,94,,3921,18,,,0
200,'4528',548,,4026,23,,,0,74,,4027,23,,,0,29,,4028,23,,,0,71,,4029,23,,,0,16,,4030,23,,,0,15,,4031,23,,,0,63,,4032,23,,,0,16,,4033,23,,,0,17,,4034,23,,,0,61,,4035,23,,,0,20,,4036,23,,,0,23,,4037,23,,,0,61,,4038,23,,,0,21,,4039,23,,,0,22,,4040,23,,,0,63,,4041,23,,,0,23,,4042,23,,,0,62,,4043,23,,,0,23,,4044,23,,,0,22,,4045,23,,,0,61,,4046,23,,,0,23,,4047,23,,,0,66,,4048,23,,,0,26,,4049,23,,,0,20,,4050,23,,,0,66,,4051,23,,,0,18,,4052,23,,,0,15,,4053,23,,,0,56,,4054,23,,,0,15,,4055,23,,,0,14,,4056,23,,,0,15,,4057,23,,,0,55,,4058,23,,,0,14,,4059,23,,,0,15,,4060,23,,,0,14,,4061,23,,,0,15,,4062,23,,,0,58,,4063,23,,,0,20,,4064,23,,,0,20,,4065,23,,,0,60,,4066,23,,,0,19,,4067,23,,,0,20,,4073,23,,,0,69,,4068,23,,,0,24,,4069,23,,,0,65,,4070,23,,,0,23,,4074,23,,,0,23,,4071,23,,,0,69,,4072,23,,,0
200,'4532',621,,4075,23,,,0,35,,4076,23,,,0,75,,4077,23,,,0,72,,4078,23,,,0,33,,4079,23,,,0,71,,4080,23,,,0,36,,4081,23,,,0,84,,4082,23,,,0,75,,4083,23,,,0,33,,4084,23,,,0,70,,4086,23,,,0,30,,4087,23,,,0,68,,4088,23,,,0,30,,4085,23,,,0,70,,4089,23,,,0,30,,4090,23,,,0,70,,4091,23,,,0,29,,4092,23,,,0,70,,4093,23,,,0,30,,4095,23,,,0,69,,4096,23,,,0,30,,4094,23,,,0,28,,4097,23,,,0,67,,4098,23,,,0,29,,4099,23,,,0,76,,4100,23,,,0,78,,4101,23,,,0,35,,4102,23,,,0,75,,4103,23,,,0,34,,4104,23,,,0,73,,4105,23,,,0
200,'5221',620,,4106,23,,,0,35,,4107,23,,,0,81,,4108,23,,,0,86,,4109,23,,,0,81,,4110,23,,,0,42,,4111,23,,,0,82,,4112,23,,,0,95,,4113,23,,,0,89,,4114,23,,,0,46,,4115,23,,,0,81,,4116,23,,,0,80,,4117,23,,,0,40,,4118,23,,,0,80,,4119,23,,,0,80,,4120,23,,,0,40,,4121,23,,,0,79,,4122,23,,,0,80,,4123,23,,,0,39,,4124,23,,,0,79,,4125,23,,,0,80,,4126,23,,,0,40,,4128,23,,,0,78,,4127,23,,,0
1701,'4528',648,,4730,35,,,0,77,,4731,35,,,0,92,,4732,35,,,0,727,,4726,35,,,0,88,,4727,35,,,0,85,,4728,35,,,0,40,,4729,35,,,0,84,,4725,35,,,0
2100,'4528',653,,4744,26,,,0,88,,4740,26,,,0,84,,4741,26,,,0,96,,4742,26,,,0,85,,4743,26,,,0,33,,4745,26,,,0,99,,4739,26,,,0,165,,4737,26,,,0,132,,4738,26,,,0,282,,4736,26,,,0,84,,4734,26,,,0,103,,4735,26,,,0,120,,4733,26,,,0
2100,'4532',818,,4753,26,,,0,134,,4755,26,,,0,179,,4754,26,,,0,183,,4749,26,,,0,118,,4750,26,,,0,103,,4751,26,,,0,98,,4752,26,,,0,99,,4747,26,,,0,175,,4748,26,,,0,133,,4746,26,,,0
2100,'5221',856,,4763,26,,,0,100,,4764,26,,,0,175,,4756,26,,,0,172,,4758,26,,,0,133,,4757,26,,,0,173,,4759,26,,,0,129,,4760,26,,,0,170,,4761,26,,,0,129,,4762,26,,,0
1002100,'4528',1539,,6120,31,,,0,80,,6121,31,,,0
