101,'4528',541,,3923,11,,,0,67,,3924,11,,,0,30,,3925,11,,,0,69,,3926,11,,,0,22,,3922,11,,,0,15,,3927,11,,,0,15,,3928,11,,,0,61,,3929,11,,,0,21,,3930,11,,,0,62,,3931,11,,,0,21,,3932,11,,,0,21,,3933,11,,,0,61,,3934,11,,,0,22,,3935,11,,,0,21,,3936,11,,,0,62,,3937,11,,,0,23,,3938,11,,,0,21,,3939,11,,,0,61,,3940,11,,,0,22,,3941,11,,,0,66,,3942,11,,,0,26,,3943,11,,,0,20,,3944,11,,,0,64,,3945,11,,,0,18,,3946,11,,,0,15,,3947,11,,,0,56,,3948,11,,,0,15,,3949,11,,,0,15,,3950,11,,,0,15,,3951,11,,,0,55,,3952,11,,,0,15,,3953,11,,,0,15,,3954,11,,,0,14,,3955,11,,,0,55,,3956,11,,,0,15,,3957,11,,,0,13,,3958,11,,,0,13,,3959,11,,,0,61,,3960,11,,,0,20,,3961,11,,,0,20,,3962,11,,,0,60,,3970,11,,,0,29,,3963,11,,,0,25,,3964,11,,,0,67,,3965,11,,,0,24,,3971,11,,,0,63,,3966,11,,,0,30,,3967,11,,,0,77,,3968,11,,,0,32,,3969,11,,,0
101,'4532',616,,3973,11,,,0,35,,3972,11,,,0,70,,3974,11,,,0,32,,3975,11,,,0,67,,3976,11,,,0,35,,3977,11,,,0,82,,3978,11,,,0,74,,3979,11,,,0,32,,3980,11,,,0,68,,3981,11,,,0,29,,3982,11,,,0,67,,3983,11,,,0,28,,3984,11,,,0,70,,3985,11,,,0,30,,3986,11,,,0,70,,3987,11,,,0,30,,3988,11,,,0,70,,3989,11,,,0,31,,3990,11,,,0,70,,3991,11,,,0,30,,3992,11,,,0,69,,3993,11,,,0,28,,3994,11,,,0,70,,3995,11,,,0,38,,3996,11,,,0,79,,3997,11,,,0,38,,3998,11,,,0,76,,3999,11,,,0,76,,4000,11,,,0,35,,4001,11,,,0,72,,4003,11,,,0,35,,4002,11,,,0
101,'5221',617,,4004,11,,,0,40,,4005,11,,,0,85,,4006,11,,,0,80,,4007,11,,,0,79,,4008,11,,,0,36,,4009,11,,,0,94,,4010,11,,,0,88,,4011,11,,,0,84,,4012,11,,,0,40,,4013,11,,,0,80,,4014,11,,,0,79,,4015,11,,,0,40,,4016,11,,,0,80,,4017,11,,,0,80,,4018,11,,,0,40,,4019,11,,,0,81,,4020,11,,,0,81,,4021,11,,,0,43,,4022,11,,,0,80,,4023,11,,,0,81,,4024,11,,,0,43,,4025,11,,,0
200,'4528',557,,4026,37,,,0,74,,4027,37,,,0,69,,4028,37,,,0,32,,4029,37,,,0,17,,4030,37,,,0,55,,4031,37,,,0,23,,4032,37,,,0,16,,4033,37,,,0,58,,4034,37,,,0,21,,4035,37,,,0,21,,4036,37,,,0,63,,4037,37,,,0,21,,4038,37,,,0,21,,4039,37,,,0,62,,4040,37,,,0,23,,4041,37,,,0,23,,4042,37,,,0,62,,4043,37,,,0,23,,4044,37,,,0,62,,4045,37,,,0,21,,4046,37,,,0,23,,4047,37,,,0,66,,4048,37,,,0,26,,4049,37,,,0,20,,4050,37,,,0,66,,4051,37,,,0,18,,4052,37,,,0,15,,4053,37,,,0,56,,4054,37,,,0,15,,4055,37,,,0,14,,4056,37,,,0,15,,4057,37,,,0,55,,4058,37,,,0,14,,4059,37,,,0,15,,4060,37,,,0,14,,4061,37,,,0,55,,4062,37,,,0,18,,4063,37,,,0,19,,4064,37,,,0,60,,4065,37,,,0,20,,4066,37,,,0,19,,4067,37,,,0,60,,4073,37,,,0,29,,4068,37,,,0,64,,4069,37,,,0,25,,4070,37,,,0,23,,4074,37,,,0,61,,4071,37,,,0,29,,4072,37,,,0
200,'4532',630,,4075,37,,,0,75,,4076,37,,,0,35,,4077,37,,,0,72,,4078,37,,,0,33,,4079,37,,,0,71,,4080,37,,,0,37,,4081,37,,,0,84,,4082,37,,,0,76,,4083,37,,,0,33,,4084,37,,,0,71,,4086,37,,,0,30,,4087,37,,,0,68,,4088,37,,,0,30,,4085,37,,,0,70,,4089,37,,,0,30,,4090,37,,,0,70,,4091,37,,,0,29,,4092,37,,,0,70,,4093,37,,,0,30,,4095,37,,,0,69,,4096,37,,,0,29,,4094,37,,,0,68,,4097,37,,,0,27,,4098,37,,,0,68,,4099,37,,,0,35,,4100,37,,,0,78,,4101,37,,,0,35,,4102,37,,,0,75,,4103,37,,,0,74,,4104,37,,,0,33,,4105,37,,,0
200,'5221',629,,4106,37,,,0,75,,4107,37,,,0,41,,4108,37,,,0,86,,4109,37,,,0,81,,4110,37,,,0,43,,4111,37,,,0,82,,4112,37,,,0,96,,4113,37,,,0,90,,4114,37,,,0,86,,4115,37,,,0,41,,4116,37,,,0,80,,4117,37,,,0,80,,4118,37,,,0,40,,4119,37,,,0,80,,4120,37,,,0,80,,4121,37,,,0,38,,4122,37,,,0,80,,4123,37,,,0,79,,4124,37,,,0,38,,4125,37,,,0,79,,4126,37,,,0,80,,4128,37,,,0,38,,4127,37,,,0
200,'5357',2446,,4129,37,,,0
301,'4528',552,,4305,17,,,0,80,,4306,17,,,0,75,,4307,17,,,0,31,,4308,17,,,0,75,,4309,17,,,0,35,,4310,17,,,0,75,,4311,17,,,0,36,,4312,17,,,0,76,,4304,17,,,0,75,,4313,17,,,0,35,,4314,17,,,0,75,,4315,17,,,0,36,,4316,17,,,0,75,,4317,17,,,0,75,,4318,17,,,0,40,,4319,17,,,0,75,,4320,17,,,0,35,,4321,17,,,0,80,,4322,17,,,0,76,,4323,17,,,0,32,,4324,17,,,0,75,,4325,17,,,0,35,,4326,17,,,0,74,,4327,17,,,0,75,,4328,17,,,0,29,,4329,17,,,0,100,,4330,17,,,0,100,,4331,17,,,0,99,,4332,17,0,17 10,0
301,'4532',551,,4358,17,,,0,95,,4357,17,,,0,91,,4356,17,,,0,100,,4359,17,,,0,91,,4333,17,,,0,31,,4334,17,,,0,80,,4335,17,,,0,76,,4336,17,,,0,30,,4337,17,,,0,75,,4338,17,,,0,35,,4339,17,,,0,75,,4340,17,,,0,80,,4341,17,,,0,36,,4342,17,,,0,75,,4343,17,,,0,80,,4344,17,,,0,35,,4345,17,,,0,69,,4346,17,,,0,35,,4347,17,,,0,75,,4348,17,,,0,34,,4349,17,,,0,84,,4350,17,,,0,75,,4351,17,,,0,35,,4352,17,,,0,89,,4353,17,,,0,100,,4354,17,,,0,99,,4355,17,0,17 10,0
301,'5221',616,,4363,17,,,0,101,,4364,17,,,0,95,,4366,17,,,0,91,,4375,17,,,0,55,,4361,17,,,0,90,,4367,17,,,0,101,,4368,17,,,0,95,,4365,17,,,0,101,,4369,17,,,0,101,,4370,17,,,0,100,,4371,17,,,0,99,,4372,17,,,0,104,,4373,17,,,0,96,,4374,17,,,0,93,,4360,17,,,0,100,,4362,17,0,17 10,0
900,'4532',1653,,4669,9,0,34 2 13 14,0
24003100,'5357',2444,,6215,7,,,0
