101,'4528',547,,3923,18,,,0,67,,3924,18,,,0,30,,3925,18,,,0,70,,3926,18,,,0,22,,3922,18,,,0,15,,3927,18,,,0,56,,3928,18,,,0,21,,3929,18,,,0,21,,3930,18,,,0,62,,3931,18,,,0,21,,3932,18,,,0,21,,3933,18,,,0,61,,3934,18,,,0,22,,3935,18,,,0,21,,3936,18,,,0,62,,3937,18,,,0,23,,3938,18,,,0,61,,3939,18,,,0,21,,3940,18,,,0,23,,3941,18,,,0,66,,3942,18,,,0,26,,3943,18,,,0,20,,3944,18,,,0,64,,3945,18,,,0,18,,3946,18,,,0,15,,3947,18,,,0,56,,3948,18,,,0,15,,3949,18,,,0,15,,3950,18,,,0,15,,3951,18,,,0,55,,3952,18,,,0,15,,3953,18,,,0,15,,3954,18,,,0,14,,3955,18,,,0,55,,3956,18,,,0,15,,3957,18,,,0,12,,3958,18,,,0,13,,3959,18,,,0,61,,3960,18,,,0,20,,3961,18,,,0,20,,3962,18,,,0,60,,3970,18,,,0,29,,3963,18,,,0,65,,3964,18,,,0,26,,3965,18,,,0,24,,3971,18,,,0,63,,3966,18,,,0,30,,3967,18,,,0,76,,3968,18,,,0,32,,3969,18,,,0
101,'4532',622,,3973,18,,,0,35,,3972,18,,,0,70,,3974,18,,,0,32,,3975,18,,,0,68,,3976,18,,,0,75,,3977,18,,,0,42,,3978,18,,,0,74,,3979,18,,,0,32,,3980,18,,,0,69,,3981,18,,,0,29,,3982,18,,,0,67,,3983,18,,,0,28,,3984,18,,,0,70,,3985,18,,,0,30,,3986,18,,,0,70,,3987,18,,,0,30,,3988,18,,,0,70,,3989,18,,,0,31,,3990,18,,,0,70,,3991,18,,,0,30,,3992,18,,,0,69,,3993,18,,,0,28,,3994,18,,,0,69,,3995,18,,,0,38,,3996,18,,,0,79,,3997,18,,,0,78,,3998,18,,,0,35,,3999,18,,,0,76,,4000,18,,,0,35,,4001,18,,,0,72,,4003,18,,,0,35,,4002,18,,,0
101,'5221',622,,4004,18,,,0,80,,4005,18,,,0,45,,4006,18,,,0,80,,4007,18,,,0,79,,4008,18,,,0,37,,4009,18,,,0,94,,4010,18,,,0,88,,4011,18,,,0,85,,4012,18,,,0,40,,4013,18,,,0,80,,4014,18,,,0,79,,4015,18,,,0,40,,4016,18,,,0,80,,4017,18,,,0,80,,4018,18,,,0,40,,4019,18,,,0,81,,4020,18,,,0,81,,4021,18,,,0,42,,4022,18,,,0,80,,4023,18,,,0,81,,4024,18,,,0,43,,4025,18,,,0
201,'4528',512,,4130,19,,,0,35,,4131,19,,,0,78,,4132,19,,,0,75,,4133,19,,,0,18,,4134,19,,,0,16,,4135,19,,,0,17,,4136,19,,,0,55,,4137,19,,,0,15,,4138,19,,,0,18,,4139,19,,,0,16,,4140,19,,,0,59,,4141,19,,,0,19,,4142,19,,,0,19,,4143,19,,,0,62,,4144,19,,,0,22,,4145,19,,,0,65,,4146,19,,,0,24,,4147,19,,,0,21,,4148,19,,,0,62,,4149,19,,,0,23,,4150,19,,,0,23,,4151,19,,,0,62,,4152,19,,,0,22,,4153,19,,,0,62,,4154,19,,,0,25,,4155,19,,,0,16,,4156,19,,,0,15,,4157,19,,,0,54,,4158,19,,,0,15,,4159,19,,,0,15,,4160,19,,,0,15,,4161,19,,,0,54,,4163,19,,,0,14,,4162,19,,,0,14,,4164,19,,,0,15,,4165,19,,,0,55,,4166,19,,,0,17,,4167,19,,,0,22,,4168,19,,,0,60,,4169,19,,,0,25,,4170,19,,,0,23,,4178,19,,,0,64,,4171,19,,,0,26,,4172,19,,,0,65,,4173,19,,,0,25,,4179,19,,,0,25,,4174,19,,,0,68,,4175,19,,,0,32,,4176,19,,,0,74,,4177,19,,,0
201,'4532',559,,4181,19,,,0,71,,4182,19,,,0,28,,4183,19,,,0,75,,4184,19,,,0,75,,4185,19,,,0,34,,4180,19,,,0,71,,4186,19,,,0,34,,4187,19,,,0,77,,4188,19,,,0,30,,4189,19,,,0,70,,4190,19,,,0,29,,4191,19,,,0,70,,4193,19,,,0,28,,4194,19,,,0,69,,4195,19,,,0,29,,4192,19,,,0,70,,4196,19,,,0,30,,4197,19,,,0,70,,4198,19,,,0,31,,4199,19,,,0,70,,4200,19,,,0,26,,4201,19,,,0,70,,4202,19,,,0,30,,4204,19,,,0,76,,4205,19,,,0,36,,4206,19,,,0,76,,4203,19,,,0,76,,4207,19,,,0,37,,4209,19,,,0,75,,4208,19,,,0,35,,4210,19,,,0,76,,4211,19,,,0
201,'5221',615,,4212,19,,,0,40,,4213,19,,,0,79,,4214,19,,,0,80,,4215,19,,,0,86,,4216,19,,,0,46,,4217,19,,,0,79,,4218,19,,,0,82,,4219,19,,,0,37,,4232,19,,,0,80,,4220,19,,,0,79,,4221,19,,,0,38,,4222,19,,,0,80,,4223,19,,,0,80,,4224,19,,,0,40,,4225,19,,,0,80,,4226,19,,,0,80,,4227,19,,,0,41,,4229,19,,,0,79,,4228,19,,,0,80,,4230,19,,,0,39,,4231,19,,,0,85,,4234,19,,,0,99,,4233,19,,,0
500,'4528',619,,4425,17,,,0,84,,4426,17,,,0,37,,4427,17,,,0,75,,4428,17,,,0,36,,4429,17,,,0,73,,4430,17,,,0,76,,4431,17,,,0,36,,4432,17,,,0,78,,4433,17,,,0,37,,4434,17,,,0,76,,4435,17,,,0,75,,4436,17,,,0,36,,4437,17,,,0,76,,4438,17,,,0,37,,4439,17,,,0,80,,4440,17,,,0,75,,4441,17,,,0,34,,4442,17,,,0,80,,4443,17,,,0,34,,4444,17,,,0,69,,4445,17,,,0,35,,4446,17,,,0,73,,4447,17,,,0,73,,4448,17,,,0,34,,4449,17,,,0,69,,4450,17,,,0,97,,4451,17,,,0,100,,4452,17,,,0
500,'4532',621,,4477,17,,,0,95,,4476,17,,,0,92,,4475,17,,,0,102,,4478,17,,,0,92,,4453,17,,,0,34,,4454,17,,,0,81,,4455,17,,,0,37,,4456,17,,,0,71,,4458,17,,,0,75,,4459,17,,,0,35,,4460,17,,,0,75,,4457,17,,,0,40,,4461,17,,,0,77,,4462,17,,,0,75,,4463,17,,,0,40,,4464,17,,,0,75,,4465,17,,,0,28,,4466,17,,,0,74,,4467,17,,,0,33,,4468,17,,,0,73,,4469,17,,,0,83,,4470,17,,,0,34,,4471,17,,,0,75,,4472,17,,,0,88,,4473,17,,,0,99,,4474,17,,,0
500,'5221',645,,4479,17,,,0,103,,4480,17,,,0,96,,4481,17,,,0,92,,4493,17,,,0,97,,4482,17,,,0,90,,4483,17,,,0,104,,4485,17,,,0,96,,4486,17,,,0,101,,4487,17,,,0,102,,4484,17,,,0,100,,4488,17,,,0,96,,4489,17,,,0,103,,4490,17,,,0,95,,4491,17,,,0,93,,4492,17,,,0
900,'4532',716,,4659,59,,,0,100,,4660,59,,,0,102,,4661,59,,,0,101,,4662,59,,,0,105,,4663,59,,,0,96,,4664,59,,,0,106,,4665,59,,,0,100,,4666,59,,,0,200,,4668,59,,,0,103,,4669,68,,,0,194,,4671,59,,,0,95,,4672,59,,,0,99,,4673,59,,,0
1200,'4528',731,,4697,21,,,0,80,,4698,21,,,0,46,,4699,21,,,0,75,,4692,21,,,0,115,,4693,21,,,0,160,,4694,21,,,0,125,,4695,21,,,0,168,,4696,21,,,0,130,,4690,21,,,0,81,,4691,21,,,0,45,,4689,21,,,0
1000700,'4532',1006,,6106,63,,,0,605,,6109,55,,,0,592,,6112,63,,,0
1000700,'5221',2006,,6119,55,,,0
