300,'4729',555,,424,19,,,0,71,,425,19,,,0,29,,426,19,,,0,74,,427,19,,,0,73,,428,19,,,0,35,,429,19,,,0,75,,430,19,,,0,35,,431,19,,,0,75,,432,19,,,0,35,,423,19,,,0,75,,433,19,,,0,74,,434,19,,,0,35,,435,19,,,0,75,,436,19,,,0,40,,437,19,,,0,74,,438,19,,,0,76,,439,19,,,0,40,,440,19,,,0,75,,441,19,,,0,35,,442,19,,,0,76,,443,19,,,0,76,,444,19,,,0,36,,446,19,,,0,75,,445,19,,,0,30,,447,19,,,0,102,,448,19,,,0,101,,449,19,,,0,104,,450,19,,,0
300,'4739',608,,475,19,,,0,50,,474,19,,,0,99,,476,19,,,0,89,,451,19,,,0,68,,452,19,,,0,40,,453,19,,,0,75,,455,19,,,0,30,,456,19,,,0,75,,457,19,,,0,75,,454,19,,,0,33,,458,19,,,0,80,,459,19,,,0,35,,460,19,,,0,75,,461,19,,,0,81,,462,19,,,0,35,,463,19,,,0,70,,464,19,,,0,36,,465,19,,,0,76,,466,19,,,0,75,,467,19,,,0,46,,468,19,,,0,75,,469,19,,,0,76,,470,19,,,0,50,,471,19,,,0,101,,472,19,,,0,100,,473,19,,,0
300,'4958',638,,477,19,,,0,95,,478,19,,,0,89,,491,19,,,0,94,,480,19,,,0,90,,481,19,,,0,98,,482,19,,,0,55,,479,19,,,0,99,,483,19,,,0,101,,484,19,,,0,100,,485,19,,,0,100,,486,19,,,0,144,,487,19,,,0,98,,488,19,,,0,56,,489,19,,,0,100,,490,19,,,0
601,'4729',547,,760,4,,,0,79,,761,4,,,0,76,,763,4,,,0,36,,764,4,,,0,80,,765,4,,,0,84,,762,4,,,0,35,,766,4,,,0,115,,767,4,,,0,160,,768,4,,,0,125,,769,4,,,0,84,,770,4,,,0,87,,752,4,,,0,48,,753,4,,,0,82,,754,4,,,0,80,,756,4,,,0,84,,757,4,,,0,44,,758,4,,,0,101,,755,4,,,0,110,,759,4,,,0,155,,750,4,,,0,110,,751,4,,,0
601,'4739',552,,773,4,,,0,100,,774,4,,,0,100,,772,4,,,0,95,,775,4,,,0,100,,776,4,,,0,100,,777,4,,,0,95,,778,4,,,0,100,,779,4,,,0,100,,780,4,,,0,100,,781,4,,,0,100,,782,4,,,0,100,,783,4,,,0,105,,784,4,,,0,105,,785,4,,,0,95,,786,4,,,0,110,,787,4,,,0,155,,788,4,,,0,110,,771,4,,,0
601,'4958',547,,789,4,,,0,110,,790,4,,,0,145,,791,4,,,0,102,,792,4,,,0,48,,794,4,,,0,100,,795,4,,,0,90,,796,4,,,0,100,,793,4,,,0,100,,797,4,,,0,100,,798,4,,,0,100,,799,4,,,0,100,,800,4,,,0,105,,801,4,,,0,160,,802,4,,,0,110,,803,4,,,0
2401,'4729',738,,990,4,0,15 16 11 12,0
3100,'4729',727,,993,4,,,0,31,,994,4,,,0,70,,995,4,,,0,105,,996,4,,,0,107,,997,4,,,0,109,,998,4,,,0,109,,999,4,,,0,154,,1000,4,,,0,97,,1001,4,,,0,39,,1002,4,,,0,74,,1003,4,,,0,34,,1004,4,,,0,77,,1005,4,,,0,76,,1006,4,,,0
3100,'4739',904,,1010,4,,,0,105,,1014,4,,,0,109,,1008,4,,,0,110,,1007,4,,,0,109,,1009,4,,,0,115,,1011,4,,,0,155,,1013,4,,,0,111,,1012,4,,,0
3100,'4958',1010,,1021,4,,,0,109,,1015,4,,,0,109,,1016,4,,,0,110,,1017,4,,,0,115,,1018,4,,,0,156,,1019,4,,,0,110,,1020,4,,,0
1003100,'4729',640,,1328,4,,,0,69,,1329,4,,,0,30,,1330,4,,,0,68,,1331,4,,,0,50,,1332,4,,,0,146,,1333,4,,,0,109,,1334,4,,,0,108,,1335,4,,,0,115,,1336,4,,,0,110,,1337,4,,,0,80,,1338,4,,,0,34,,1325,4,,,0,76,,1326,4,,,0,79,,1324,4,,,0,33,,1327,4,,,0,80,,1339,4,,,0,85,,1340,4,,,0,124,,1341,4,,,0,102,,1342,4,,,0,108,,1343,4,,,0
1003100,'4739',731,,1357,4,,,0,101,,1346,4,,,0,100,,1345,4,,,0,108,,1344,4,,,0,110,,1352,4,,,0,151,,1356,4,,,0,114,,1349,4,,,0,114,,1353,4,,,0,111,,1350,4,,,0,111,,1351,4,,,0,75,,1347,4,,,0,115,,1348,4,,,0,102,,1355,4,,,0,99,,1354,4,,,0
1003100,'4958',730,,1369,4,,,0,102,,1361,4,,,0,102,,1359,4,,,0,107,,1363,4,,,0,110,,1360,4,,,0,150,,1358,4,,,0,114,,1364,4,,,0,115,,1365,4,,,0,111,,1362,4,,,0,181,,1366,4,,,0,120,,1367,4,,,0,104,,1368,4,,,0
24003100,'4729',531,,1415,4,,,0,69,,1412,4,,,0,30,,1413,4,,,0,29,,1414,4,,,0
