300,'4332',609,,1905,20,,,0,50,,1904,20,,,0,99,,3617,20,,,0,88,,1881,20,,,0,69,,1882,20,,,0,40,,1883,20,,,0,75,,1885,20,,,0,70,,1886,20,,,0,35,,1887,20,,,0,75,,1884,20,,,0,33,,1888,20,,,0,80,,1889,20,,,0,35,,1890,20,,,0,75,,1891,20,,,0,81,,1892,20,,,0,35,,1893,20,,,0,70,,1894,20,,,0,36,,1895,20,,,0,76,,1896,20,,,0,75,,1897,20,,,0,46,,1898,20,,,0,75,,1899,20,,,0,75,,1900,20,,,0,50,,3615,20,,,0,101,,1902,20,,,0,101,,3616,20,,,0
300,'4480',556,,1839,20,,,0,70,,1840,20,,,0,29,,1841,20,,,0,75,,1842,20,,,0,74,,1843,20,,,0,35,,1844,20,,,0,74,,1845,20,,,0,35,,1846,20,,,0,75,,1847,20,,,0,35,,1838,20,,,0,75,,1848,20,,,0,74,,1849,20,,,0,35,,1850,20,,,0,75,,1851,20,,,0,40,,1852,20,,,0,73,,1853,20,,,0,76,,1854,20,,,0,40,,1855,20,,,0,76,,1856,20,,,0,34,,1857,20,,,0,77,,1858,20,,,0,76,,1859,20,,,0,37,,1861,20,,,0,75,,1860,20,,,0,30,,3618,20,,,0,101,,1863,20,,,0,101,,3619,20,,,0,103,,1865,20,,,0
601,'4332',552,,2203,5,,,0,100,,3677,5,,,0,100,,2202,5,,,0,95,,3678,5,,,0,100,,3679,5,,,0,100,,3680,5,,,0,95,,2208,5,,,0,101,,3681,5,,,0,100,,3682,5,,,0,100,,2211,5,,,0,100,,2212,5,,,0,100,,3683,5,,,0,105,,2214,5,,,0,104,,2215,5,,,0,95,,3684,5,,,0,110,,2217,5,,,0,155,,2218,5,,,0,110,,2201,5,,,0
601,'4480',546,,2175,5,,,0,78,,2176,5,,,0,77,,2178,5,,,0,37,,2179,5,,,0,80,,2180,5,,,0,85,,3690,5,,,0,35,,2181,5,,,0,115,,2182,5,,,0,160,,2183,5,,,0,125,,2184,5,,,0,83,,2185,5,,,0,87,,2167,5,,,0,48,,2168,5,,,0,82,,3687,5,,,0,80,,2171,5,,,0,85,,3688,5,,,0,43,,3689,5,,,0,102,,2170,5,,,0,109,,2174,5,,,0,155,,3685,5,,,0,110,,3686,5,,,0
2401,'4480',738,,2405,5,0,15 16 11,0
3100,'4332',904,,2432,5,,,0,105,,2436,5,,,0,110,,2430,5,,,0,109,,2429,5,,,0,110,,2431,5,,,0,115,,2433,5,,,0,155,,2435,5,,,0,110,,2434,5,,,0
3100,'4480',727,,2408,5,,,0,31,,2409,5,,,0,71,,2410,5,,,0,104,,2411,5,,,0,107,,2412,5,,,0,110,,2413,5,,,0,109,,2414,5,,,0,154,,2415,5,,,0,96,,2416,5,,,0,40,,2417,5,,,0,74,,2418,5,,,0,34,,2419,5,,,0,76,,2420,5,,,0,76,,2421,5,,,0
1003100,'4332',732,,2784,5,,,0,100,,2773,5,,,0,100,,2772,5,,,0,109,,2771,5,,,0,110,,2779,5,,,0,150,,2783,5,,,0,115,,2776,5,,,0,114,,2780,5,,,0,111,,2777,5,,,0,110,,2778,5,,,0,75,,2774,5,,,0,115,,2775,5,,,0,102,,2782,5,,,0,100,,2781,5,,,0
1003100,'4480',640,,2743,5,,,0,69,,2744,5,,,0,30,,2745,5,,,0,68,,2746,5,,,0,50,,2747,5,,,0,146,,2748,5,,,0,109,,2749,5,,,0,109,,2750,5,,,0,115,,2751,5,,,0,109,,2752,5,,,0,81,,2753,5,,,0,74,,2740,5,,,0,36,,2741,5,,,0,79,,2739,5,,,0,32,,2742,5,,,0,80,,2754,5,,,0,85,,2755,5,,,0,122,,2756,5,,,0,104,,2757,5,,,0,109,,2758,5,,,0
24003100,'4480',532,,2830,5,,,0,69,,2827,5,,,0,29,,2828,5,,,0,29,,2829,5,,,0
