5200,'4327',755,,3079,1,,,0,99,,3077,1,,,0,98,,3076,1,,,0,103,,3075,1,,,0,103,,3074,1,,,0,101,,3073,1,,,0,100,,3071,1,,,0,100,,3069,1,,,0,97,,3072,1,,,0,99,,3070,1,,,0,100,,3078,1,,,0,99,,3080,1,,,0,148,,3081,1,,,0,101,,3082,1,,,0
5200,'4332',755,,3097,1,,,0,99,,3096,1,,,0,103,,3089,1,,,0,101,,3095,1,,,0,142,,3088,1,,,0,100,,3092,1,,,0,100,,3087,1,,,0,100,,3091,1,,,0,100,,3086,1,,,0,59,,3093,1,,,0,98,,3085,1,,,0,100,,3094,1,,,0,99,,3084,1,,,0,99,,3090,1,,,0,149,,3083,1,,,0
5200,'4480',605,,3111,1,,,0,100,,3112,1,,,0,123,,3113,1,,,0,90,,3114,1,,,0,112,,3108,1,,,0,105,,3109,1,,,0,112,,3110,1,,,0,100,,3105,1,,,0,153,,3106,1,,,0,103,,3107,1,,,0,104,,3103,1,,,0,97,,3104,1,,,0,101,,3101,1,,,0,95,,3102,1,,,0,105,,3099,1,,,0,100,,3100,1,,,0,130,,3098,1,,,0
5201,'4327',848,,3125,18,4,,0,100,,3123,18,4,,0,100,,3116,18,4,,0,100,,3115,18,4,,0,100,,3118,18,4,,0,100,,3119,18,4,,0,100,,3117,18,4,,0,100,,3120,18,4,,0,100,,3121,18,4,,0,100,,3122,18,4,,0,110,,3124,18,4,,0,99,,3126,18,4,,0,90,,3127,18,4,,0
5201,'4332',748,,3142,18,4,,0,100,,3135,18,4,,0,100,,3141,18,4,,0,100,,3134,18,4,,0,99,,3138,18,4,,0,100,,3132,18,4,,0,100,,3139,18,4,,0,100,,3131,18,4,,0,100,,3140,18,4,,0,100,,3130,18,4,,0,100,,3137,18,4,,0,101,,3129,18,4,,0,100,,3136,18,4,,0,110,,3133,18,4,,0,169,,3128,18,4,,0,174,,3143,18,4,,0
5201,'4480',705,,3150,18,4,,0,97,,3151,18,4,,0,115,,3152,18,4,,0,105,,3153,18,4,,0,110,,3154,18,4,,0,99,,3155,18,4,,0,105,,3156,18,4,,0,100,,3157,18,4,,0,110,,3158,18,4,,0,100,,3159,18,4,,0,106,,3145,18,4,,0,95,,3146,18,4,,0,109,,3147,18,4,,0,102,,3148,18,4,,0,169,,3149,18,4,,0,173,,3144,18,4,,0
5401,'4327',849,,3218,48,4,,0,1,,3219,1,0,38,0,97,,3219,77,4,,0,3,,3217,1,0,38,0,100,,3217,77,4,,0,100,,3211,1,0,38,0,3,,3210,77,4,,0,97,,3212,1,0,38,0,4,,3211,77,4,,0,96,,3213,1,0,38,0,4,,3212,77,4,,0,96,,3215,1,0,38,0,4,,3213,77,4,,0,96,,3209,1,0,38,0,1,,3215,77,4,,0,99,,3214,1,0,38,0,100,,3214,77,4,,0,99,,3216,77,4,,0,51,,3220,1,0,38,0,57,,3220,77,4,,0,43,,3221,1,0,38,0,57,,3221,77,4,,0
5401,'4332',750,,3238,48,4,,0,99,,3237,77,4,,0,1,,3229,1,0,38,0,100,,3235,1,0,38,0,2,,3229,77,4,,0,98,,3228,1,0,38,0,3,,3235,77,4,,0,97,,3234,1,0,38,0,5,,3228,77,4,,0,95,,3226,1,0,38,0,5,,3234,77,4,,0,95,,3233,1,0,38,0,5,,3226,77,4,,0,95,,3225,1,0,38,0,5,,3233,77,4,,0,95,,3232,1,0,38,0,5,,3225,77,4,,0,95,,3224,1,0,38,0,4,,3232,77,4,,0,96,,3231,1,0,38,0,2,,3224,77,4,,0,98,,3223,1,0,38,0,2,,3231,77,4,,0,98,,3230,1,0,38,0,1,,3223,77,4,,0,99,,3230,77,4,,0,50,,3222,1,0,38,0,59,,3222,77,4,,0,74,,3227,1,0,38,0,98,,3227,77,4,,0,5,,3236,1,0,38,0
5401,'4480',602,,3239,48,4,,0,3,,3241,1,0,38,0,97,,3241,77,4,,0,6,,3242,1,0,38,0,97,,3243,1,0,38,0,18,,3242,77,4,,0,87,,3243,77,4,,0,10,,3244,1,0,38,0,102,,3244,77,4,,0,3,,3245,1,0,38,0,103,,3245,77,4,,0,7,,3246,1,0,38,0,100,,3240,1,0,38,0,4,,3246,77,4,,0,101,,3240,77,4,,0,105,,3248,1,0,38,0,8,,3247,77,4,,0,97,,3249,1,0,38,0,9,,3248,77,4,,0,91,,3250,1,0,38,0,8,,3249,77,4,,0,97,,3251,1,0,38,0,95,,3252,1,0,38,0,8,,3251,77,4,,0,94,,3252,77,4,,0,48,,3253,1,0,38,0,100,,3253,77,4,,0,3,,3254,1,0,38,0,55,,3254,77,4,,0,75,,3255,1,0,38,0,94,,3255,77,4,,0
5700,'4327',820,,3272,1,,,0,120,,3269,1,,,0,100,,3263,1,,,0,100,,3271,1,,,0,100,,3264,1,,,0,100,,3265,1,,,0,100,,3266,1,,,0,100,,3270,1,,,0,100,,3267,1,,,0,100,,3268,1,,,0,100,,3273,1,,,0,95,,3274,1,,,0
5700,'4332',820,,3287,1,,,0,120,,3283,1,,,0,100,,3279,1,,,0,100,,3285,1,,,0,100,,3281,1,,,0,100,,3282,1,,,0,100,,3277,1,,,0,100,,3286,1,,,0,100,,3284,1,,,0,100,,3278,1,,,0,100,,3280,1,,,0,170,,3275,1,,,0,130,,3276,1,,,0,100,,3288,1,,,0
5700,'4480',600,,3295,1,,,0,55,,3296,1,,,0,145,,3297,1,,,0,100,,3298,1,,,0,53,,3299,1,,,0,100,,3300,1,,,0,102,,3301,1,,,0,100,,3302,1,,,0,100,,3303,1,,,0,147,,3304,1,,,0,98,,3291,1,,,0,56,,3292,1,,,0,96,,3293,1,,,0,98,,3294,1,,,0,160,,3290,1,,,0,130,,3289,1,,,0
5701,'4327',912,,3314,27,4,,0,100,,3310,27,4,,0,100,,3312,27,4,,0,100,,3305,27,4,,0,98,,3306,27,4,,0,100,,3307,27,4,,0,100,,3313,27,4,,0,100,,3308,27,4,,0,101,,3309,27,4,,0,100,,3311,27,4,,0,94,,3315,27,4,,0,100,,3316,27,4,,0
5701,'4332',911,,3328,27,4,,0,100,,3321,27,4,,0,98,,3327,27,4,,0,100,,3324,27,4,,0,100,,3323,27,4,,0,100,,3318,27,4,,0,100,,3326,27,4,,0,100,,3325,27,4,,0,101,,3322,27,4,,0,102,,3317,27,4,,0,130,,3319,27,4,,0,170,,3320,27,4,,0,100,,3329,27,4,,0
5701,'4480',627,,3340,27,4,,0,130,,3341,27,4,,0,93,,3342,27,4,,0,72,,3343,27,4,,0,100,,3344,27,4,,0,100,,3333,27,4,,0,100,,3334,27,4,,0,100,,3335,27,4,,0,101,,3336,27,4,,0,104,,3337,27,4,,0,96,,3338,27,4,,0,99,,3339,27,4,,0,99,,3330,27,4,,0,121,,3331,27,4,,0,170,,3332,27,4,,0
5801,'4327',755,,3355,1,0,47 48,0,62,,3355,31,4,,0,97,,3351,1,0,47 48,0,23,,3351,31,4,,0,77,,3345,1,0,47 48,0,23,,3345,31,4,,0,77,,3353,1,0,47 48,0,23,,3353,31,4,,0,77,,3346,1,0,47 48,0,23,,3346,31,4,,0,75,,3347,1,0,47 48,0,25,,3347,31,4,,0,75,,3348,1,0,47 48,0,25,,3348,31,4,,0,75,,3354,1,0,47 48,0,25,,3354,31,4,,0,75,,3349,1,0,47 48,0,25,,3349,31,4,,0,76,,3350,1,0,47 48,0,24,,3350,31,4,,0,76,,3352,1,0,47 48,0,24,,3352,31,4,,0,73,,3356,1,0,47 48,0,22,,3356,31,4,,0,78,,3357,1,0,47 48,0,22,,3357,31,4,,0
5801,'4332',755,,3370,1,0,47 48,0,62,,3370,31,4,,0,96,,3366,1,0,47 48,0,24,,3366,31,4,,0,76,,3365,1,0,47 48,0,24,,3365,31,4,,0,75,,3369,1,0,47 48,0,25,,3369,31,4,,0,75,,3361,1,0,47 48,0,25,,3361,31,4,,0,75,,3360,1,0,47 48,0,25,,3360,31,4,,0,75,,3364,1,0,47 48,0,25,,3364,31,4,,0,75,,3368,1,0,47 48,0,25,,3368,31,4,,0,75,,3367,1,0,47 48,0,25,,3367,31,4,,0,75,,3363,1,0,47 48,0,25,,3363,31,4,,0,77,,3359,1,0,47 48,0,23,,3359,31,4,,0,107,,3358,1,0,47 48,0,63,,3358,31,4,,0,107,,3362,1,0,47 48,0,23,,3362,31,4,,0,77,,3371,1,0,47 48,0,23,,3371,31,4,,0
5801,'4480',558,,3386,20,4,,0,72,,3382,1,0,47 48,0,23,,3382,31,4,,0,147,,3383,1,0,47 48,0,29,,3383,31,4,,0,96,,3384,1,0,47 48,0,25,,3384,31,4,,0,75,,3385,1,0,47 48,0,25,,3385,31,4,,0,75,,3375,1,0,47 48,0,27,,3375,31,4,,0,73,,3376,1,0,47 48,0,27,,3376,31,4,,0,73,,3377,1,0,47 48,0,27,,3377,31,4,,0,74,,3378,1,0,47 48,0,31,,3378,31,4,,0,73,,3379,1,0,47 48,0,27,,3379,31,4,,0,69,,3380,1,0,47 48,0,27,,3380,31,4,,0,72,,3381,1,0,47 48,0,25,,3381,31,4,,0,74,,3373,1,0,47 48,0,24,,3373,31,4,,0,97,,3374,1,0,47 48,0,63,,3374,31,4,,0,107,,3372,1,0,47 48,0,23,,3372,31,4,,0
5900,'4480',1610,,3387,1,,,0,17,,3387,15,,,0,78,,3388,1,,,0,17,,3388,15,,,0
5901,'4480',639,,3390,8,,,0,15,,3390,22,4,,0,85,,3389,8,,,0,15,,3389,22,4,,0
