100,'4528',530,,3815,21,,,0,72,,3816,21,,,0,30,,3814,21,,,0,20,,3818,21,,,0,61,,3819,21,,,0,20,,3817,21,,,0,17,,3820,21,,,0,60,,3821,21,,,0,16,,3822,21,,,0,17,,3823,21,,,0,15,,3824,21,,,0,56,,3826,21,,,0,18,,3825,21,,,0,17,,3827,21,,,0,59,,3828,21,,,0,19,,3829,21,,,0,21,,3830,21,,,0,62,,3831,21,,,0,22,,3832,21,,,0,26,,3833,21,,,0,64,,3835,21,,,0,22,,3834,21,,,0,62,,3836,21,,,0,24,,3837,21,,,0,23,,3839,21,,,0,61,,3838,21,,,0,23,,3840,21,,,0,22,,3841,21,,,0,66,,3842,21,,,0,16,,3843,21,,,0,15,,3844,21,,,0,55,,3845,21,,,0,15,,3846,21,,,0,15,,3847,21,,,0,15,,3848,21,,,0,55,,3849,21,,,0,12,,3850,21,,,0,14,,3851,21,,,0,14,,3852,21,,,0,55,,3853,21,,,0,15,,3854,21,,,0,20,,3855,21,,,0,60,,3856,21,,,0,24,,3857,21,,,0,22,,3864,21,,,0,64,,3858,21,,,0,25,,3859,21,,,0,23,,3860,21,,,0,65,,3865,21,,,0,25,,3861,21,,,0,66,,3862,21,,,0,30,,3863,21,,,0
100,'4532',614,,3866,21,,,0,32,,3867,21,,,0,70,,3868,21,,,0,30,,3869,21,,,0,75,,3870,21,,,0,35,,3871,21,,,0,77,,3872,21,,,0,72,,3874,21,,,0,38,,3875,21,,,0,77,,3873,21,,,0,31,,3876,21,,,0,70,,3877,21,,,0,30,,3878,21,,,0,71,,3879,21,,,0,30,,3880,21,,,0,70,,3881,21,,,0,30,,3882,21,,,0,70,,3883,21,,,0,30,,3884,21,,,0,70,,3885,21,,,0,30,,3886,21,,,0,69,,3887,21,,,0,24,,3888,21,,,0,69,,3889,21,,,0,29,,3890,21,,,0,75,,3891,21,,,0,34,,3892,21,,,0,74,,3893,21,,,0,75,,3894,21,,,0,35,,3895,21,,,0,75,,3896,21,,,0,34,,3897,21,,,0
100,'5221',619,,3898,21,,,0,81,,3899,21,,,0,40,,3900,21,,,0,81,,3901,21,,,0,80,,3902,21,,,0,50,,3903,21,,,0,87,,3904,21,,,0,80,,3905,21,,,0,85,,3906,21,,,0,38,,3919,21,,,0,80,,3907,21,,,0,80,,3908,21,,,0,41,,3909,21,,,0,80,,3910,21,,,0,80,,3911,21,,,0,40,,3912,21,,,0,79,,3913,21,,,0,79,,3914,21,,,0,40,,3915,21,,,0,77,,3916,21,,,0,39,,3917,21,,,0,76,,3918,21,,,0,85,,3920,21,,,0,94,,3921,21,,,0
200,'4528',550,,4026,26,,,0,74,,4027,26,,,0,29,,4028,26,,,0,71,,4029,26,,,0,16,,4030,26,,,0,15,,4031,26,,,0,63,,4032,26,,,0,16,,4033,26,,,0,18,,4034,26,,,0,61,,4035,26,,,0,21,,4036,26,,,0,23,,4037,26,,,0,61,,4038,26,,,0,21,,4039,26,,,0,62,,4040,26,,,0,23,,4041,26,,,0,23,,4042,26,,,0,62,,4043,26,,,0,23,,4044,26,,,0,22,,4045,26,,,0,61,,4046,26,,,0,23,,4047,26,,,0,66,,4048,26,,,0,26,,4049,26,,,0,20,,4050,26,,,0,66,,4051,26,,,0,18,,4052,26,,,0,15,,4053,26,,,0,56,,4054,26,,,0,15,,4055,26,,,0,14,,4056,26,,,0,15,,4057,26,,,0,55,,4058,26,,,0,14,,4059,26,,,0,15,,4060,26,,,0,14,,4061,26,,,0,55,,4062,26,,,0,18,,4063,26,,,0,19,,4064,26,,,0,20,,4065,26,,,0,60,,4066,26,,,0,19,,4067,26,,,0,20,,4073,26,,,0,69,,4068,26,,,0,24,,4069,26,,,0,65,,4070,26,,,0,23,,4074,26,,,0,62,,4071,26,,,0,29,,4072,26,,,0
200,'4532',623,,4075,26,,,0,35,,4076,26,,,0,75,,4077,26,,,0,72,,4078,26,,,0,33,,4079,26,,,0,71,,4080,26,,,0,36,,4081,26,,,0,84,,4082,26,,,0,76,,4083,26,,,0,33,,4084,26,,,0,70,,4086,26,,,0,30,,4087,26,,,0,68,,4088,26,,,0,30,,4085,26,,,0,70,,4089,26,,,0,30,,4090,26,,,0,70,,4091,26,,,0,29,,4092,26,,,0,70,,4093,26,,,0,30,,4095,26,,,0,69,,4096,26,,,0,29,,4094,26,,,0,68,,4097,26,,,0,27,,4098,26,,,0,29,,4099,26,,,0,76,,4100,26,,,0,78,,4101,26,,,0,35,,4102,26,,,0,75,,4103,26,,,0,34,,4104,26,,,0,73,,4105,26,,,0
200,'5221',622,,4106,26,,,0,35,,4107,26,,,0,81,,4108,26,,,0,86,,4109,26,,,0,81,,4110,26,,,0,42,,4111,26,,,0,82,,4112,26,,,0,96,,4113,26,,,0,89,,4114,26,,,0,86,,4115,26,,,0,41,,4116,26,,,0,80,,4117,26,,,0,80,,4118,26,,,0,40,,4119,26,,,0,80,,4120,26,,,0,80,,4121,26,,,0,38,,4122,26,,,0,80,,4123,26,,,0,39,,4124,26,,,0,79,,4125,26,,,0,80,,4126,26,,,0,40,,4128,26,,,0,78,,4127,26,,,0
1701,'4528',650,,4730,38,,,0,77,,4731,38,,,0,92,,4732,38,,,0,729,,4726,38,,,0,88,,4727,38,,,0,84,,4728,38,,,0,39,,4729,38,,,0,84,,4725,38,,,0
2100,'4528',655,,4744,29,,,0,88,,4740,29,,,0,84,,4741,29,,,0,97,,4742,29,,,0,85,,4743,29,,,0,33,,4745,29,,,0,99,,4739,29,,,0,166,,4737,29,,,0,132,,4738,29,,,0,281,,4736,29,,,0,84,,4734,29,,,0,102,,4735,29,,,0,120,,4733,29,,,0
2100,'4532',820,,4753,29,,,0,134,,4755,29,,,0,180,,4754,29,,,0,183,,4749,29,,,0,118,,4750,29,,,0,103,,4751,29,,,0,98,,4752,29,,,0,98,,4747,29,,,0,175,,4748,29,,,0,133,,4746,29,,,0
2100,'5221',858,,4763,29,,,0,100,,4764,29,,,0,175,,4756,29,,,0,172,,4758,29,,,0,134,,4757,29,,,0,172,,4759,29,,,0,129,,4760,29,,,0,170,,4761,29,,,0,129,,4762,29,,,0
1002100,'4528',1543,,6120,34,,,0,80,,6121,34,,,0
