'3450',300,62300,4,'',0,3200,4,'',0,7000,4,'',0,3000,4,'',0,7000,4,'',0,7500,4,'',0,3300,4,'',0,7000,4,'',0,3000,4,'',0,7400,4,'',0,3500,4,'',0,7000,4,'',0,3400,4,'',0,7400,4,'',0,3500,4,'',0,7500,4,'',0,7700,4,'',0,3700,4,'',0,7600,4,'',0,3500,4,'',0,7500,4,'',0,7200,4,'',0,3300,4,'',0,7500,4,'',0,3000,4,'',0,8500,4,'',0,8400,4,'',0,9900,4,'',0,9400,4,'',0,11300,4,'',0,10000,4,'',0,10000,4,'',0,10000,4,'',0
'3450',301,54000,,'',0,9000,,'',0,7000,,'',0,3000,,'',0,7000,,'',0,3000,,'',0,7500,,'',0,3300,,'',0,7000,,'',0,3000,,'',0,7400,,'',0,3500,,'',0,7000,,'',0,3400,,'',0,7400,,'',0,7500,,'',0,3500,,'',0,7700,,'',0,3700,,'',0,7600,,'',0,7500,,'',0,3500,,'',0,7200,,'',0,3300,,'',0,7500,,'',0,3000,,'',0,8500,,'',0,8400,,'',0,9900,,'',0,8900,0,'Montrose Exch Only',0,11300,,'',0,10000,,'',0,10000,,'',0,10000,0,'Montrose Exch Only',0
'3518',300,62500,4,'',0,10000,4,'',0,10000,4,'',0,3000,4,'',0,7000,4,'',0,3000,4,'',0,7000,4,'',0,3000,4,'',0,7000,4,'',0,7500,4,'',0,3000,4,'',0,7000,4,'',0,3500,4,'',0,7500,4,'',0,3000,4,'',0,7000,4,'',0,3500,4,'',0,7500,4,'',0,3000,4,'',0,7000,4,'',0,3000,4,'',0,7000,4,'',0,3000,4,'',0,7000,4,'',0,3000,4,'',0,7000,4,'',0,9500,4,'',0,9500,4,'',0,9000,4,'',0
'3518',301,63000,,'',0,10000,,'',0,10000,,'',0,7000,,'',0,3000,,'',0,7000,,'',0,3000,,'',0,7000,,'',0,3000,,'',0,7500,,'',0,3000,,'',0,7000,,'',0,3500,,'',0,7500,,'',0,3000,,'',0,7000,,'',0,3500,,'',0,7500,,'',0,3000,,'',0,7000,,'',0,3000,,'',0,7000,,'',0,3000,,'',0,7000,,'',0,3000,,'',0,7000,,'',0,9500,,'',0,9500,,'',0,8500,0,'Montrose Exch Only',0
'3628',300,62300,4,'',0,10200,4,'',0,3000,4,'',0,7000,4,'',0,7500,4,'',0,3300,4,'',0,7000,4,'',0,3000,4,'',0,7400,4,'',0,3500,4,'',0,7000,4,'',0,3400,4,'',0,7400,4,'',0,3500,4,'',0,7500,4,'',0,7700,4,'',0,3700,4,'',0,7600,4,'',0,3500,4,'',0,7500,4,'',0,7200,4,'',0,3300,4,'',0,7500,4,'',0,3000,4,'',0,8500,4,'',0,8400,4,'',0,9900,4,'',0,9400,4,'',0
'3628',301,54000,,'',0,9000,,'',0,10000,,'',0,7000,,'',0,3000,,'',0,7500,,'',0,3300,,'',0,7000,,'',0,3000,,'',0,7400,,'',0,3500,,'',0,7000,,'',0,3400,,'',0,7400,,'',0,7500,,'',0,3500,,'',0,7700,,'',0,3700,,'',0,7600,,'',0,7500,,'',0,3500,,'',0,7200,,'',0,3300,,'',0,7500,,'',0,3000,,'',0,8500,,'',0,8400,,'',0,9900,,'',0,8900,0,'Montrose Exch Only',0
'3689',300,70500,4,'',0,10000,4,'',0,10000,4,'',0,10000,4,'',0,10000,4,'',0,5000,4,'',0,9000,4,'',0,10000,4,'',0,9000,4,'',0,9000,4,'',0,9500,4,'',0,9500,4,'',0,9000,4,'',0,10000,4,'',0,10000,4,'',0
'3689',301,61000,,'',0,10000,,'',0,10000,,'',0,10000,,'',0,10000,,'',0,10000,,'',0,9000,,'',0,5000,,'',0,10000,,'',0,9000,,'',0,9000,,'',0,9500,,'',0,9500,,'',0,9000,,'',0,10000,,'',0,9500,0,'Montrose Exch Only',0
'3691',300,65500,4,'',0
'3691',301,70000,,'',0
'3694',300,65500,4,'',0
'3694',301,70000,,'',0
