5100,'4528',532,,5104,30,,,0,81,,5105,30,,,0,25,,5106,30,,,0,67,,5107,30,,,0,14,,5108,30,,,0,12,,5109,30,,,0,21,,5110,30,,,0,57,,5111,30,,,0,18,,5112,30,,,0,15,,5113,30,,,0,15,,5114,30,,,0,55,,5115,30,,,0,15,,5103,30,,,0,22,,5116,30,,,0,61,,5117,30,,,0,26,,5118,30,,,0,67,,5119,30,,,0,26,,5120,30,,,0,27,,5121,30,,,0,65,,5122,30,,,0,25,,5123,30,,,0,57,,5124,30,,,0,20,,5125,30,,,0,20,,5126,30,,,0,60,,5127,30,,,0,18,,5128,30,,,0,20,,5129,30,,,0,60,,5130,30,,,0,18,,5131,30,,,0,23,,5132,30,,,0,58,,5133,30,,,0,16,,5134,30,,,0,15,,5135,30,,,0,16,,5136,30,,,0,55,,5137,30,,,0,14,,5138,30,,,0,16,,5139,30,,,0,14,,5140,30,,,0,55,,5141,30,,,0,14,,5142,30,,,0,14,,5143,30,,,0,20,,5144,30,,,0,58,,5145,30,,,0,20,,5146,30,,,0,25,,5147,30,,,0,65,,5148,30,,,0,27,,5155,30,,,0,70,,5149,30,,,0,30,,5150,30,,,0,65,,5151,30,,,0,30,,5152,30,,,0,69,,5154,30,,,0,28,,5153,30,,,0
5100,'5015',759,,5191,30,,,0,144,,5187,30,,,0,30,,5188,30,,,0,74,,5156,30,,,0,30,,5157,30,,,0,70,,5159,30,,,0,21,,5160,30,,,0,25,,5158,30,,,0,66,,5189,30,,,0,21,,5161,30,,,0,18,,5162,30,,,0,58,,5163,30,,,0,19,,5164,30,,,0,18,,5165,30,,,0,59,,5166,30,,,0,17,,5167,30,,,0,18,,5168,30,,,0,58,,5169,30,,,0,18,,5170,30,,,0,18,,5171,30,,,0,18,,5172,30,,,0,57,,5173,30,,,0,18,,5190,30,,,0,19,,5174,30,,,0,65,,5175,30,,,0,25,,5176,30,,,0,58,,5177,30,,,0,25,,5178,30,,,0,24,,5179,30,,,0,58,,5180,30,,,0,25,,5185,30,,,0,24,,5195,30,,,0,59,,5184,30,,,0,20,,5186,30,,,0,70,,5194,30,,,0,30,,5183,30,,,0,80,,5193,30,,,0,24,,5182,30,,,0,70,,5192,30,,,0,29,,5181,30,,,0
5100,'5221',759,,5220,30,,,0,141,,5205,30,,,0,30,,5219,30,,,0,72,,5196,30,,,0,35,,5209,30,,,0,72,,5197,30,,,0,37,,5210,30,,,0,77,,5198,30,,,0,77,,5211,30,,,0,35,,5199,30,,,0,80,,5212,30,,,0,33,,5200,30,,,0,80,,5202,30,,,0,75,,5203,30,,,0,35,,5213,30,,,0,75,,5204,30,,,0,35,,5214,30,,,0,74,,5201,30,,,0,33,,5215,30,,,0,73,,5208,30,,,0,29,,5216,30,,,0,75,,5207,30,,,0,70,,5218,30,,,0,33,,5206,30,,,0,98,,5217,30,,,0
5701,'4528',615,,5610,13,,,0,128,,5611,13,,,0,93,,5612,13,,,0,73,,5613,13,,,0,100,,5614,13,,,0,99,,5603,13,,,0,100,,5604,13,,,0,100,,5605,13,,,0,100,,5606,13,,,0,103,,5607,13,,,0,97,,5608,13,,,0,100,,5609,13,,,0,100,,5600,13,,,0,121,,5601,13,,,0,171,,5602,13,,,0
5701,'5015',859,,5626,13,,,0,100,,5619,13,,,0,97,,5625,13,,,0,99,,5622,13,,,0,100,,5621,13,,,0,100,,5616,13,,,0,100,,5624,13,,,0,100,,5623,13,,,0,101,,5620,13,,,0,144,,5615,13,,,0,130,,5617,13,,,0,170,,5618,13,,,0,100,,5627,13,,,0
5701,'5221',900,,5637,13,,,0,100,,5633,13,,,0,59,,5635,13,,,0,100,,5628,13,,,0,98,,5629,13,,,0,100,,5630,13,,,0,100,,5636,13,,,0,100,,5631,13,,,0,102,,5632,13,,,0,100,,5634,13,,,0,94,,5638,13,,,0,100,,5639,13,,,0
7101,'4528',707,,5891,24,,,0,95,,5893,24,,,0,103,,5892,24,,,0,30,,5894,16,,,0,70,,5895,24,,,0,100,,5890,24,,,0,316,,5896,24,,,0,180,,5897,24,,,0,100,,5898,24,,,0,104,,5899,24,,,0,110,,5900,24,,,0
7101,'4623',2110,,5901,24,,,0,193,,5902,24,,,0
7101,'5015',1024,,5904,24,,,0,115,,5908,16,,,0,85,,5903,24,,,0,205,,5905,24,,,0,280,,5906,24,,,0,115,,5909,16,,,0,86,,5907,24,,,0,225,,5910,24,,,0,193,,5911,24,,,0
7101,'5221',1012,,5912,24,,,0,196,,5913,24,,,0,305,,5914,24,,,0,195,,5915,24,,,0
