300,'4528',558,,4236,23,,,0,72,,4237,23,,,0,70,,4238,23,,,0,34,,4239,23,,,0,73,,4240,23,,,0,35,,4241,23,,,0,75,,4242,23,,,0,35,,4243,23,,,0,74,,4244,23,,,0,75,,4235,23,,,0,35,,4245,23,,,0,74,,4246,23,,,0,35,,4247,23,,,0,75,,4248,23,,,0,80,,4249,23,,,0,35,,4250,23,,,0,75,,4251,23,,,0,40,,4252,23,,,0,76,,4253,23,,,0,74,,4254,23,,,0,36,,4255,23,,,0,76,,4256,23,,,0,36,,4258,23,,,0,75,,4257,23,,,0,30,,4259,23,,,0,100,,4260,23,,,0,103,,4261,23,,,0,101,,4262,23,,,0
300,'5015',611,,4287,23,,,0,90,,4286,23,,,0,99,,4288,23,,,0,49,,4263,23,,,0,68,,4264,23,,,0,40,,4265,23,,,0,75,,4267,23,,,0,70,,4268,23,,,0,35,,4269,23,,,0,75,,4266,23,,,0,34,,4270,23,,,0,80,,4271,23,,,0,75,,4272,23,,,0,35,,4273,23,,,0,81,,4274,23,,,0,35,,4275,23,,,0,70,,4276,23,,,0,35,,4277,23,,,0,76,,4278,23,,,0,75,,4279,23,,,0,46,,4280,23,,,0,75,,4281,23,,,0,76,,4282,23,,,0,50,,4283,23,,,0,101,,4284,23,,,0,100,,4285,23,,,0
300,'5221',641,,4289,23,,,0,95,,4290,23,,,0,89,,4303,23,,,0,94,,4292,23,,,0,90,,4293,23,,,0,98,,4294,23,,,0,95,,4291,23,,,0,99,,4295,23,,,0,101,,4296,23,,,0,100,,4297,23,,,0,100,,4298,23,,,0,104,,4299,23,,,0,98,,4300,23,,,0,96,,4301,23,,,0,100,,4302,23,,,0
3100,'4528',729,,4798,8,,,0,71,,4799,8,,,0,33,,4800,8,,,0,102,,4801,8,,,0,107,,4802,8,,,0,110,,4803,8,,,0,149,,4804,8,,,0,114,,4805,8,,,0,98,,4806,8,,,0,39,,4807,8,,,0,73,,4808,8,,,0,76,,4809,8,,,0,36,,4810,8,,,0,75,,4811,8,,,0
3100,'5015',906,,4815,8,,,0,105,,4819,8,,,0,110,,4813,8,,,0,109,,4812,8,,,0,110,,4814,8,,,0,115,,4816,8,,,0,155,,4818,8,,,0,110,,4817,8,,,0
3100,'5221',1012,,4826,8,,,0,109,,4820,8,,,0,109,,4821,8,,,0,110,,4822,8,,,0,115,,4823,8,,,0,156,,4825,8,,,0,110,,4824,8,,,0
1003100,'4528',641,,6127,8,,,0,69,,6128,8,,,0,31,,6129,8,,,0,71,,6130,8,,,0,89,,6131,8,,,0,104,,6132,8,,,0,110,,6133,8,,,0,109,,6134,8,,,0,115,,6135,8,,,0,112,,6136,8,,,0,80,,6137,8,,,0,73,,6124,8,,,0,36,,6125,8,,,0,77,,6123,8,,,0,33,,6126,8,,,0,79,,6138,8,,,0,86,,6139,8,,,0,121,,6140,8,,,0,104,,6141,8,,,0,108,,6142,8,,,0
1003100,'5015',733,,6156,8,,,0,101,,6145,8,,,0,100,,6144,8,,,0,109,,6143,8,,,0,110,,6151,8,,,0,150,,6155,8,,,0,115,,6148,8,,,0,114,,6152,8,,,0,111,,6149,8,,,0,110,,6150,8,,,0,75,,6146,8,,,0,115,,6147,8,,,0,102,,6154,8,,,0,99,,6153,8,,,0
1003100,'5221',732,,6168,8,,,0,102,,6160,8,,,0,102,,6158,8,,,0,107,,6162,8,,,0,110,,6159,8,,,0,150,,6157,8,,,0,114,,6163,8,,,0,115,,6164,8,,,0,111,,6161,8,,,0,181,,6165,8,,,0,120,,6166,8,,,0,104,,6167,8,,,0
24003100,'4528',533,,6214,8,,,0,69,,6211,8,,,0,30,,6212,8,,,0,69,,6213,8,,,0
