301,'4729',556,,493,24,0,32,0,83,,494,24,0,32,0,76,,495,24,0,32,0,32,,496,24,0,32,0,76,,497,24,0,32,0,35,,498,24,0,32,0,74,,499,24,0,32,0,76,,500,24,0,32,0,35,,492,24,0,32,0,75,,501,24,0,32,0,36,,502,24,0,32,0,75,,503,24,0,32,0,75,,504,24,0,32,0,36,,505,24,0,32,0,75,,506,24,0,32,0,41,,507,24,0,32,0,75,,508,24,0,32,0,73,,509,24,0,32,0,40,,510,24,0,32,0,75,,511,24,0,32,0,34,,512,24,0,32,0,74,,513,24,0,32,0,75,,514,24,0,32,0,33,,515,24,0,32,0,75,,516,24,0,32,0,30,,517,24,0,32,0,100,,518,24,0,32,0,99,,519,24,0,32,0
301,'4739',558,,546,24,0,32,0,95,,545,24,0,32,0,92,,544,24,0,32,0,100,,547,24,0,32,0,92,,521,24,0,32,0,71,,522,24,0,32,0,40,,523,24,0,32,0,76,,524,24,0,32,0,30,,525,24,0,32,0,75,,526,24,0,32,0,75,,527,24,0,32,0,35,,528,24,0,32,0,80,,529,24,0,32,0,36,,530,24,0,32,0,75,,531,24,0,32,0,80,,532,24,0,32,0,35,,533,24,0,32,0,69,,534,24,0,32,0,35,,535,24,0,32,0,75,,536,24,0,32,0,34,,537,24,0,32,0,84,,538,24,0,32,0,75,,539,24,0,32,0,35,,540,24,0,32,0,88,,541,24,0,32,0,100,,542,24,0,32,0
301,'4958',623,,551,24,0,32,0,101,,552,24,0,32,0,96,,553,24,0,32,0,91,,563,24,0,32,0,96,,549,24,0,32,0,50,,554,24,0,32,0,101,,555,24,0,32,0,95,,556,24,0,32,0,101,,557,24,0,32,0,101,,558,24,0,32,0,100,,559,24,0,32,0,99,,560,24,0,32,0,104,,561,24,0,32,0,96,,562,24,0,32,0,93,,548,24,0,32,0
2400,'4729',1512,,989,21,,,0
3101,'4729',644,,1022,15,,,0,83,,1023,15,,,0,31,,1025,15,,,0,73,,1026,15,,,0,72,,1024,15,,,0,46,,1028,15,,,0,106,,1029,15,,,0,151,,1030,15,,,0,110,,1027,15,,,0,116,,1031,15,,,0,117,,1032,15,,,0,79,,1034,15,,,0,75,,1035,15,,,0,36,,1036,15,,,0,72,,1033,15,,,0,30,,1037,15,,,0,18,,1038,15,,,0
3101,'4739',816,,1042,15,,,0,104,,1041,15,,,0,103,,1039,15,,,0,112,,1046,15,,,0,110,,1047,15,,,0,110,,1040,15,,,0,156,,1045,15,,,0,115,,1043,15,,,0,109,,1044,15,,,0,108,,1048,15,,,0
3101,'4958',817,,1055,15,,,0,208,,1052,15,,,0,220,,1049,15,,,0,110,,1053,15,,,0,154,,1051,15,,,0,115,,1054,15,,,0,109,,1050,15,,,0
1003101,'4729',714,,1370,18,,,0,31,,1371,18,,,0,73,,1372,18,,,0,32,,1373,18,,,0,72,,1374,18,,,0,101,,1375,18,,,0,110,,1376,18,,,0,110,,1377,18,,,0,110,,1378,18,,,0,158,,1379,18,,,0,100,,1380,18,,,0,38,,1381,18,,,0,74,,1382,18,,,0,34,,1383,18,,,0,70,,1384,18,,,0,91,,1385,18,,,0,90,,1386,18,,,0,121,,1387,18,,,0,109,,1388,18,,,0
1003101,'4739',850,,1394,18,,,0,105,,1400,18,,,0,146,,1389,18,,,0,111,,1390,18,,,0,110,,1391,18,,,0,111,,1393,18,,,0,115,,1398,18,,,0,154,,1396,18,,,0,109,,1395,18,,,0,109,,1392,18,,,0,115,,1397,18,,,0,100,,1399,18,,,0
1003101,'4958',922,,1408,18,,,0,214,,1407,18,,,0,75,,1401,18,,,0,110,,1403,18,,,0,110,,1404,18,,,0,114,,1405,18,,,0,155,,1406,18,,,0,110,,1402,18,,,0,109,,1409,18,,,0,115,,1410,18,,,0,99,,1411,18,,,0
