301,'4944',606,,562,,,0,95,,561,,,0,52,,560,,,0,101,,563,,,0,92,,537,,,0,72,,538,,,0,40,,539,,,0,77,,540,,,0,70,,541,,,0,35,,542,,,0,75,,543,,,0,35,,544,,,0,80,,545,,,0,77,,546,,,0,35,,547,,,0,80,,548,,,0,35,,549,,,0,68,,550,,,0,75,,551,,,0,34,,552,,,0,73,,553,,,0,44,,554,,,0,75,,555,,,0,75,,556,,,0,48,,557,,,0,99,,558,,,0
301,'4946',631,,495,,,0,101,,496,,,0,96,,497,,,0,92,,507,,,0,96,,493,,,0,90,,498,,,0,102,,499,,,0,96,,500,,,0,101,,501,,,0,101,,502,,,0,100,,503,,,0,98,,504,,,0,104,,505,,,0,95,,506,,,0,53,,492,,,0
301,'4955',604,,1908,,,0,43,,1909,,,0,76,,1910,,,0,34,,1911,,,0,76,,1912,,,0,75,,1913,,,0,33,,1914,,,0,76,,1915,,,0,36,,1907,,,0,76,,1916,,,0,76,,1917,,,0,35,,1918,,,0,75,,1919,,,0,37,,1920,,,0,75,,1921,,,0,81,,1922,,,0,35,,1923,,,0,73,,1924,,,0,40,,1925,,,0,75,,1926,,,0,72,,1927,,,0,34,,1928,,,0,74,,1929,,,0,33,,1930,,,0,75,,1931,,,0,30,,1932,,,0,99,,1933,,,0,99,,1934,,,0
301,'4957',606,,1961,,,0,95,,1960,,,0,52,,1959,,,0,101,,1962,,,0,92,,1936,,,0,72,,1937,,,0,40,,1938,,,0,77,,1939,,,0,70,,1940,,,0,35,,1941,,,0,75,,1942,,,0,35,,1943,,,0,80,,1944,,,0,77,,1945,,,0,35,,1946,,,0,80,,1947,,,0,35,,1948,,,0,68,,1949,,,0,75,,1950,,,0,34,,1951,,,0,73,,1952,,,0,44,,1953,,,0,75,,1954,,,0,75,,1955,,,0,48,,1956,,,0,99,,1957,,,0
301,'4958',631,,1966,,,0,101,,1967,,,0,96,,1968,,,0,92,,1978,,,0,96,,1964,,,0,90,,1969,,,0,102,,1970,,,0,96,,1971,,,0,101,,1972,,,0,101,,1973,,,0,100,,1974,,,0,98,,1975,,,0,104,,1976,,,0,95,,1977,,,0,53,,1963,,,0
601,'4944',606,,788,,,0,100,,789,,,0,101,,787,,,0,96,,790,,,0,100,,791,,,0,100,,792,,,0,56,,793,,,0,142,,794,,,0,100,,795,,,0,99,,796,,,0,100,,797,,,0,100,,798,,,0,105,,799,,,0,103,,800,,,0,95,,801,,,0,110,,802,,,0,114,,803,,,0,110,,786,,,0
601,'4946',601,,750,,,0,111,,751,,,0,106,,752,,,0,102,,753,,,0,88,,755,,,0,101,,756,,,0,50,,757,,,0,141,,754,,,0,100,,758,,,0,100,,759,,,0,100,,760,,,0,59,,761,,,0,145,,762,,,0,119,,763,,,0,110,,764,,,0
601,'4955',602,,2175,,,0,40,,2176,,,0,77,,2178,,,0,38,,2179,,,0,81,,2180,,,0,82,,2177,,,0,35,,2181,,,0,156,,2182,,,0,121,,2183,,,0,125,,2184,,,0,87,,2185,,,0,84,,2167,,,0,88,,2168,,,0,42,,2169,,,0,79,,2171,,,0,84,,2172,,,0,82,,2173,,,0,101,,2170,,,0,109,,2174,,,0,114,,2165,,,0,109,,2166,,,0
601,'4957',606,,2188,,,0,100,,2189,,,0,101,,2187,,,0,96,,2190,,,0,100,,2191,,,0,100,,2192,,,0,56,,2193,,,0,142,,2194,,,0,100,,2195,,,0,99,,2196,,,0,100,,2197,,,0,100,,2198,,,0,105,,2199,,,0,103,,2200,,,0,95,,2201,,,0,110,,2202,,,0,114,,2203,,,0,110,,2186,,,0
601,'4958',601,,2204,,,0,111,,2205,,,0,106,,2206,,,0,102,,2207,,,0,88,,2209,,,0,101,,2210,,,0,50,,2211,,,0,141,,2208,,,0,100,,2212,,,0,100,,2213,,,0,100,,2214,,,0,59,,2215,,,0,145,,2216,,,0,119,,2217,,,0,110,,2218,,,0
