301,'4327',620,,1939,19,,,0,101,,1940,19,,,0,95,,1942,19,,,0,91,,1951,19,,,0,96,,1937,19,,,0,50,,1943,19,,,0,101,,1944,19,,,0,95,,1941,19,,,0,101,,1945,19,,,0,101,,1946,19,,,0,100,,1947,19,,,0,99,,1948,19,,,0,104,,1949,19,,,0,96,,1950,19,,,0,93,,1936,19,,,0
301,'4332',555,,1977,19,,,0,95,,1976,19,,,0,91,,1975,19,,,0,100,,3622,19,,,0,92,,1952,19,,,0,71,,1953,19,,,0,40,,1954,19,,,0,76,,1955,19,,,0,30,,1956,19,,,0,75,,1957,19,,,0,75,,1958,19,,,0,35,,1959,19,,,0,80,,1960,19,,,0,36,,1961,19,,,0,75,,1962,19,,,0,80,,1963,19,,,0,35,,1964,19,,,0,69,,1965,19,,,0,35,,1966,19,,,0,75,,1967,19,,,0,34,,1968,19,,,0,84,,1969,19,,,0,75,,1970,19,,,0,35,,1971,19,,,0,89,,3620,19,,,0,100,,1973,19,,,0
301,'4480',553,,1908,19,,,0,83,,1909,19,,,0,76,,1910,19,,,0,32,,1911,19,,,0,75,,1912,19,,,0,35,,1913,19,,,0,75,,1914,19,,,0,75,,1915,19,,,0,35,,1907,19,,,0,75,,1916,19,,,0,36,,1917,19,,,0,75,,1918,19,,,0,75,,1919,19,,,0,36,,1920,19,,,0,75,,1921,19,,,0,40,,1922,19,,,0,75,,1923,19,,,0,76,,1924,19,,,0,40,,1925,19,,,0,76,,1926,19,,,0,33,,1927,19,,,0,73,,1928,19,,,0,35,,1929,19,,,0,73,,1930,19,,,0,75,,1931,19,,,0,30,,3623,19,,,0,100,,1933,19,,,0,99,,3624,19,,,0
401,'4327',600,,3638,2,0,27,0,108,,3625,2,0,27,0,100,,3626,2,0,27,0,100,,3627,2,0,27,0,100,,3628,2,0,27,0,100,,3629,2,0,27,0,101,,3630,2,0,27,0,100,,3631,2,0,27,0,100,,3632,2,0,27,0,100,,3633,2,0,27,0,100,,3634,2,0,27,0,100,,3635,2,0,27,0,100,,3636,2,0,27,0,100,,3637,2,0,27,0
401,'4332',600,,2024,2,0,27,0,108,,2027,2,0,27,0,100,,2028,2,0,27,0,100,,2012,2,0,27,0,100,,2013,2,0,27,0,101,,3646,2,0,27,0,100,,3645,2,0,27,0,100,,2022,2,0,27,0,100,,3644,2,0,27,0,100,,3641,2,0,27,0,100,,2020,2,0,27,0,100,,3643,2,0,27,0,100,,3642,2,0,27,0,100,,3640,2,0,27,0,100,,2015,2,0,27,0,99,,3639,2,0,27,0,122,,3647,2,0,27,0
401,'4480',600,,3666,2,0,27,0,108,,3663,2,0,27,0,17,,3657,2,0,27,0,86,,3658,2,0,27,0,97,,3659,2,0,27,0,100,,3660,2,0,27,0,101,,3661,2,0,27,0,100,,3662,2,0,27,0,100,,3664,2,0,27,0,101,,3665,2,0,27,0,21,,3652,2,0,27,0,78,,3653,2,0,27,0,102,,3654,2,0,27,0,98,,3655,2,0,27,0,100,,3656,2,0,27,0,100,,3649,2,0,27,0,99,,3650,2,0,27,0,100,,3651,2,0,27,0,122,,3648,2,0,27,0
1501,'4332',920,,2321,2,0,18,0,130,,2322,2,0,18,0,470,,2323,2,0,18,0,130,,2324,2,0,18,0
1501,'4480',615,,2318,2,0,18,0,43,,2320,2,0,18,0,159,,2317,2,0,18,0,683,,2319,2,0,18,0,205,,2316,2,0,18,0,50,,2315,2,0,18,0
24003100,'5352',2541,,3811,9,,,0
24003100,'5354',2241,,3812,9,,,0
24003100,'5356',2446,,3813,9,,,0
