201,'4327',611,,1783,13,,,0,40,,1784,13,,,0,79,,1785,13,,,0,80,,1786,13,,,0,46,,1787,13,,,0,86,,1788,13,,,0,79,,1789,13,,,0,81,,1790,13,,,0,37,,1803,13,,,0,80,,1791,13,,,0,39,,1792,13,,,0,78,,1793,13,,,0,80,,1794,13,,,0,40,,1795,13,,,0,80,,1796,13,,,0,80,,1797,13,,,0,40,,1798,13,,,0,81,,1800,13,,,0,79,,1799,13,,,0,40,,1801,13,,,0,80,,1802,13,,,0,85,,1805,13,,,0,99,,1804,13,,,0
201,'4332',555,,1807,13,,,0,71,,1808,13,,,0,28,,1809,13,,,0,75,,1810,13,,,0,75,,1811,13,,,0,34,,1806,13,,,0,71,,1812,13,,,0,34,,1813,13,,,0,77,,1814,13,,,0,30,,1815,13,,,0,70,,1816,13,,,0,29,,1817,13,,,0,69,,1819,13,,,0,28,,1820,13,,,0,69,,1821,13,,,0,29,,1818,13,,,0,70,,1822,13,,,0,30,,1823,13,,,0,70,,1824,13,,,0,31,,1825,13,,,0,70,,1826,13,,,0,26,,1827,13,,,0,70,,1828,13,,,0,30,,1830,13,,,0,76,,1831,13,,,0,36,,1832,13,,,0,77,,1829,13,,,0,76,,1833,13,,,0,37,,1835,13,,,0,75,,1834,13,,,0,35,,1836,13,,,0,76,,1837,13,,,0
201,'4480',507,,1731,13,,,0,35,,1732,13,,,0,80,,1733,13,,,0,34,,1734,13,,,0,57,,1735,13,,,0,15,,1736,13,,,0,14,,1737,13,,,0,16,,1738,13,,,0,59,,1739,13,,,0,18,,1740,13,,,0,17,,1741,13,,,0,60,,1742,13,,,0,17,,1743,13,,,0,20,,1744,13,,,0,61,,1745,13,,,0,21,,1746,13,,,0,23,,1747,13,,,0,65,,1748,13,,,0,21,,1749,13,,,0,62,,1750,13,,,0,22,,1751,13,,,0,23,,1752,13,,,0,62,,1753,13,,,0,23,,1754,13,,,0,20,,1755,13,,,0,63,,1756,13,,,0,11,,1757,13,,,0,5,,1782,1,0,9 10 19,0,14,,1758,13,0,9 10 19,0,2,,1759,13,,,0,56,,1760,13,,,0,14,,1761,13,,,0,18,,1762,13,,,0,14,,1763,13,,,0,54,,1765,13,,,0,13,,1764,13,,,0,14,,1766,13,,,0,15,,1767,13,,,0,56,,1768,13,,,0,16,,1769,13,,,0,22,,1770,13,,,0,61,,1771,13,,,0,25,,1772,13,,,0,24,,1780,13,,,0,65,,1773,13,,,0,25,,1774,13,,,0,64,,1775,13,,,0,27,,1781,13,,,0,24,,1776,13,,,0,69,,1777,13,,,0,33,,1778,13,,,0,74,,1779,13,,,0
401,'4327',626,,2011,47,4,,0
401,'4332',2257,,2026,47,4,,0
401,'4480',626,,1997,47,4,,0,110,,1994,47,4,,0,17,,1988,47,4,,0,751,,1983,47,4,,0,752,,1979,47,4,,0
900,'4327',712,,2264,53,4,,0,100,,2265,53,4,,0,101,,2266,53,4,,0,101,,2263,53,4,,0,106,,2267,53,4,,0,95,,2268,53,4,,0,105,,2269,53,4,,0,100,,2270,53,4,,0,100,,2271,53,4,,0,99,,2272,53,4,,0,100,,2273,53,4,,0,100,,2274,53,4,,0,100,,2275,53,4,,0,95,,2276,53,4,,0
900,'4332',712,,2277,53,,,0,100,,2278,53,,,0,101,,2279,53,,,0,101,,2280,53,,,0,105,,2281,53,,,0,96,,2282,53,,,0,106,,2283,53,,,0,100,,2284,53,,,0,100,,2285,53,4,,0,100,,2286,53,,,0,104,,2287,62,,,0,94,,2288,53,4,,0,100,,2289,53,,,0,95,,2290,53,,,0,99,,2291,53,,,0
900,'4480',611,,2262,53,4,,0,110,,2251,53,4,,0,97,,2252,53,4,,0,104,,2253,53,4,,0,100,,2254,53,4,,0,101,,2255,53,4,,0,100,,2256,53,4,,0,101,,2257,53,4,,0,100,,2258,53,4,,0,101,,2259,53,4,,0,100,,2260,53,4,,0,100,,2261,53,4,,0,99,,2247,53,4,,0,98,,2248,53,4,,0,99,,2249,53,4,,0,99,,2250,53,4,,0
2600,'4480',1524,,2406,55,0,9 10 11 12,0
2601,'4480',807,,2407,66,0,9 10 11 12,0
