'1781',3200,75900,,'',0,10000,,'',0,14100,,'',0,10500,,'',0,11000,,'',0,11000,,'',0,11100,,'',0,11000,,'',0,10900,,'',0,15000,,'',0,10900,,'',0,3500,,'',0,7000,,'',0,3500,,'',0,17000,,'',0
'1781',3201,75900,4,'',0,10000,4,'',0,14100,4,'',0,10500,4,'',0,11000,4,'',0,11000,4,'',0,11100,4,'',0,11000,4,'',0,10900,4,'',0,15000,4,'',0,10900,4,'',0,3500,4,'',0,7000,4,'',0,3500,4,'',0,17000,4,'',0
'2091',3200,85800,,'',0,9600,,'',0,10200,,'',0,14600,,'',0,10500,,'',0,10500,,'',0,10500,,'',0,10500,,'',0,10400,,'',0,10000,,'',0
'2091',3201,85800,4,'',0,9600,4,'',0,10200,4,'',0,14600,4,'',0,10500,4,'',0,10500,4,'',0,10500,4,'',0,10500,4,'',0,10400,4,'',0,10000,4,'',0
'3047',3200,60800,,'',0,3100,,'',0,7000,,'',0,3000,,'',0,7000,,'',0,3100,,'',0,7000,,'',0,3500,,'',0,7000,,'',0,3500,,'',0,7500,,'',0,7500,,'',0,3500,,'',0,7500,,'',0,3600,,'',0,7500,,'',0,3500,,'',0,7900,,'',0,7700,,'',0,3400,,'',0,8000,,'',0,7400,,'',0,3700,,'',0,7900,,'',0,4000,,'',0,6700,,'',0,9200,,'',0,10800,,'',0
'3047',3201,60800,4,'',0,3100,4,'',0,7000,4,'',0,3000,4,'',0,7000,4,'',0,3100,4,'',0,7000,4,'',0,3500,4,'',0,7000,4,'',0,3500,4,'',0,7500,4,'',0,7500,4,'',0,3500,4,'',0,7500,4,'',0,3600,4,'',0,7500,4,'',0,3500,4,'',0,7900,4,'',0,7700,4,'',0,3400,4,'',0,8000,4,'',0,7400,4,'',0,3700,4,'',0,7900,4,'',0,4000,4,'',0,6700,4,'',0,9200,4,'',0,10800,4,'',0
'3048',3200,60800,,'',0,3100,,'',0,7000,,'',0,3000,,'',0,7000,,'',0,3100,,'',0,7000,,'',0,3500,,'',0,7000,,'',0,3500,,'',0,7500,,'',0,7500,,'',0,3500,,'',0,7500,,'',0,3600,,'',0,7500,,'',0,3500,,'',0,7900,,'',0,7700,,'',0,3400,,'',0,8000,,'',0,7400,,'',0,3700,,'',0,7900,,'',0,4000,,'',0,6700,,'',0,9200,,'',0,10800,,'',0
'3048',3201,60800,4,'',0,3100,4,'',0,7000,4,'',0,3000,4,'',0,7000,4,'',0,3100,4,'',0,7000,4,'',0,3500,4,'',0,7000,4,'',0,3500,4,'',0,7500,4,'',0,7500,4,'',0,3500,4,'',0,7500,4,'',0,3600,4,'',0,7500,4,'',0,3500,4,'',0,7900,4,'',0,7700,4,'',0,3400,4,'',0,8000,4,'',0,7400,4,'',0,3700,4,'',0,7900,4,'',0,4000,4,'',0,6700,4,'',0,9200,4,'',0,10800,4,'',0
'3051',3200,82900,,'',0,10100,,'',0,10200,,'',0,10800,,'',0,11000,,'',0,15100,,'',0,11000,,'',0,10900,,'',0,11000,,'',0,10900,,'',0
'3051',3201,82900,4,'',0,10100,4,'',0,10200,4,'',0,10800,4,'',0,11000,4,'',0,15100,4,'',0,11000,4,'',0,10900,4,'',0,11000,4,'',0,10900,4,'',0
