1,100,'4332',1492,1493,1494,1495,1496,1497,1498,1499,1500,1501,1502,1503,1504,1505,1506,1507,1508,1509,1510,1511,1512,1513,1514,1515,1516,1517,1518,1519,1520,1521,1522,1523
1,100,'4480',1416,1417,1418,1419,1420,1421,1422,1423,1424,1425,1426,1427,1428,1429,1430,1431,1432,1433,1434,1435,1436,1437,1438,1439,1440,1441,1442,1443,1444,1445,1446,1447,1448,1449,1450,1451,1452,1453,1454,1455,1456,1457,1458,1459,1460,1461,1462,1463,1464,1465,1466,1467
1,101,'4332',1596,1597,1598,1599,1600,1601,1602,1603,1604,1605,1606,1607,1608,1609,1610,1611,1612,1613,1614,1615,1616,1617,1618,1619,1620,1621,1622,1623,1624,1625,1626,1627
1,101,'4480',1524,1525,1526,1527,1528,1529,1530,1531,1532,1533,1534,1535,1536,1537,1538,1539,1540,1541,1542,1543,1544,1545,1546,1547,1548,1549,1550,1551,1552,1553,1554,1555,1556,1557,1558,1559,1560,1561,1562,1563,1564,1565,1566,1567,1568,1569,1570,1571,1572,1573
2,200,'4332',1700,1701,1702,1703,1704,1705,1706,1707,1708,1709,1710,1711,1712,1713,1714,1715,1716,1717,1718,1719,1720,1721,1722,1723,1724,1725,1726,1727,1728,1729,1730
2,200,'4480',1628,1629,1630,1631,1632,1633,1634,1635,1636,1637,1638,1639,1640,1641,1642,1643,1644,1645,1646,1647,1648,1649,1650,1651,1652,1653,1654,1655,1656,1657,1658,1659,1660,1661,1662,1663,1664,1665,1666,1667,1668,1669,1670,1671,1672,1673,1674,1675,1676
2,200,'4663',3792
2,201,'4332',1806,1807,1808,1809,1810,1811,1812,1813,1814,1815,1816,1817,1818,1819,1820,1821,1822,1823,1824,1825,1826,1827,1828,1829,1830,1831,1832,1833,1834,1835,1836,1837
2,201,'4480',1731,1732,1733,1734,1735,1736,1737,1738,1739,1740,1741,1742,1743,1744,1745,1746,1747,1748,1749,1750,1751,1752,1753,1754,1755,1756,1757,1758,1759,1760,1761,1762,1763,1764,1765,1766,1767,1768,1769,1770,1771,1772,1773,1774,1775,1776,1777,1778,1779,1780,1781,1782
3,300,'4332',1881,1882,1883,1884,1885,1886,1887,1888,1889,1890,1891,1892,1893,1894,1895,1896,1897,1898,1899,1900,3615,1902,3616,1904,1905,3617
3,300,'4480',1838,1839,1840,1841,1842,1843,1844,1845,1846,1847,1848,1849,1850,1851,1852,1853,1854,1855,1856,1857,1858,1859,1860,1861,3618,1863,3619,1865
3,301,'4332',1952,1953,1954,1955,1956,1957,1958,1959,1960,1961,1962,1963,1964,1965,1966,1967,1968,1969,1970,1971,3620,1973,3621,1975,1976,1977,3622
3,301,'4480',1907,1908,1909,1910,1911,1912,1913,1914,1915,1916,1917,1918,1919,1920,1921,1922,1923,1924,1925,1926,1927,1928,1929,1930,1931,3623,1933,3624,1935
4,401,'4332',2012,2013,3639,2015,3640,3641,3642,3643,2020,3644,2022,3645,2024,3646,3647,2027,2028
4,401,'4480',3648,3649,3650,3651,3652,3653,3654,3655,3656,3657,3658,3659,3660,3661,3662,3663,3664,3665,3666
5,500,'4332',2072,2073,2074,2075,2076,2077,2078,2079,2080,2081,2082,2083,2084,2085,2086,2087,2088,2089,2090,2091,3667,2093,2094,2095,2096,3668
5,500,'4480',2029,2030,2031,2032,2033,2034,2035,2036,2037,2038,2039,2040,2041,2042,2043,2044,2045,2046,2047,2048,2049,2050,2051,2052,2053,3669,2055,3670
5,501,'4332',2140,2141,2142,2143,2144,2145,2146,2147,2148,2149,2150,2151,2152,2153,2154,2155,2156,2157,2158,3671,2160,3672,2162,2163,3673
5,501,'4480',2098,2099,2100,2101,2102,2103,2104,2105,2106,2107,2108,2109,2110,2111,2112,2113,2114,2115,2116,2117,2118,2119,2120,3674,2122,3675,2124
6,601,'4332',2201,2202,2203,3677,3678,3679,3680,2208,3681,3682,2211,2212,3683,2214,2215,3684,2217,2218
6,601,'4480',3685,3686,2167,2168,3687,2170,2171,3688,3689,2174,2175,2176,3690,2178,2179,2180,2181,2182,2183,2184,2185
7,700,'4332',2236,2237,2238,3699,2240,3700,3701,3702,3703,3704
7,700,'4480',3705,3706,3707,3708,3709,3710,3711,3712,3713
9,900,'4332',2277,2278,2279,2280,2281,3728,3729,2284,3730,3731,2287,3732,3733,3734,2291,3735
9,900,'4480',3736,3737,3738,3739,3740,3741,3742,3743,3744,3745,3746,3747,3748,3749,3750,3751,3752
12,1200,'4480',3753,3754,2295,2296,2297,2298,2299,2300,2301,2302,3755
12,1201,'4480',2304,3756,2306,3757,2308,2309,2310,2311,2312,2313,3758
15,1501,'4332',2321,2322,2323,2324
15,1501,'4480',2315,2316,2317,2318,2319,2320
16,1600,'4480',2325,2326,2327,2328
17,1701,'4480',2329,3759,2331,2332,2333,2334,2335,3760
21,2100,'4332',2359,2360,2361,2362,2363,2364,2365,3761,2367,2368
21,2100,'4480',2337,2338,2339,2340,2341,2342,2343,3762,2345,3763,2347,2348,3764
21,2101,'4332',2392,2393,2394,2395,2396,2397,2398,2399,3765,2401
21,2101,'4480',2369,2370,2371,2372,2373,2374,2375,2376,2377,2378,3766,2380,3767,3768
22,2201,'4480',2402,2403
24,2400,'4480',2404
24,2401,'4480',2405
26,2600,'4480',2406
26,2601,'4480',2407
31,3100,'4332',2429,2430,2431,2432,2433,2434,2435,2436
31,3100,'4480',2408,2409,2410,2411,2412,2413,2414,2415,2416,2417,2418,2419,2420,2421
31,3101,'4332',2461,2462,2463,2464,2465,2466,2467,2468,2469,2470
31,3101,'4480',2437,2438,2439,2440,2441,2442,2443,2444,2445,2446,2447,2448,2449,2450,2451,2452,2453
32,3201,'4332',2517,2518,2519,2520,2521,2522,2523,2524,2525,2526,2527,2528,2529,2530,2531,2532,2533,2534,2535,2536,2537,2538,2539,2540
32,3201,'4480',2471,2472,2473,2474,2475,2476,2477,2478,2479,2480,2481,2482,2483,2484,2485,2486,2487,2488,2489,2490,2491,2492,2493,2494,2495,2496,2497,2498
32,3201,'4663',3795
33,3301,'4332',2586,2587,2588,2589,2590,2591,2592,2593,2594,2595,2596,2597,2598,2599,2600,2601,2602,2603,2604,2605,2606
33,3301,'4480',2541,2542,2543,2544,2545,2546,2547,2548,2549,2550,2551,2552,2553,2554,2555,2556,2557,2558,2559,2560,2561,2562,2563,2564,2565,2566,2567,2568
33,3301,'4663',3798
34,3401,'4332',2648,2649,2650,2651,2652,2653,2654,2655,2656,2657,2658,2659,2660,2661,2662,2663,2664,2665,2666,2667
34,3401,'4480',2607,2608,2609,2610,2611,2612,2613,2614,2615,2616,2617,2618,2619,2620,2621,2622,2623,2624,2625,2626,2627,2628,2629,2630,2631,2632,2633
35,3501,'4332',2681,2682,2683,2684,2685
35,3501,'4480',2668,2669,2670,2671,2672,2673,2674,2675
39,3900,'4332',2703,2704,2705,2706,2707,2708,2709,2710
39,3900,'4480',2686,2687,2688,2689,2690,2691,2692,2693,2694
51,5100,'4332',2856,2857,2858,2859,2860,2861,2862,2863,2864,2865,2866,2867,2868,2869,2870,2871,2872,2873,2874,2875,2876,2877,2878,2879,2880,2881,2882,2883,2884,2885,2886,2887,2888,2889,2890,2891,2892,2893,2894,2895
51,5100,'4480',2896,2897,2898,2899,2900,2901,2902,2903,2904,2905,2906,2907,2908,2909,2910,2911,2912,2913,2914,2915,2916,2917,2918,2919,2920,2921,2922,2923,2924,2925,2926,2927,2928,2929,2930,2931,2932,2933,2934,2935,2936,2937,2938,2939,2940,2941,2942,2943,2944,2945,2946,2947,2948,2949,2950,2951,2952
51,5101,'4332',2978,2979,2980,2981,2982,2983,2984,2985,2986,2987,2988,2989,2990,2991,2992,2993,2994,2995,2996,2997,2998,2999,3000,3001,3002,3003,3004,3005,3006,3007,3008,3009,3010,3011,3012,3013,3014,3015,3016,3017
51,5101,'4480',3018,3019,3020,3021,3022,3023,3024,3025,3026,3027,3028,3029,3030,3031,3032,3033,3034,3035,3036,3037,3038,3039,3040,3041,3042,3043,3044,3045,3046,3047,3048,3049,3050,3051,3052,3053,3054,3055,3056,3057,3058,3059,3060,3061,3062,3063,3064,3065,3066,3067,3068
52,5200,'4332',3083,3084,3085,3086,3087,3088,3089,3090,3091,3092,3093,3094,3095,3096,3097
52,5200,'4480',3098,3099,3100,3101,3102,3103,3104,3105,3106,3107,3108,3109,3110,3111,3112,3113,3114
52,5201,'4332',3128,3129,3130,3131,3132,3133,3134,3135,3136,3137,3138,3139,3140,3141,3142,3143
52,5201,'4480',3144,3145,3146,3147,3148,3149,3150,3151,3152,3153,3154,3155,3156,3157,3158,3159
53,5301,'4332',3173,3174,3175,3176,3177,3178,3179,3180,3181,3182,3183,3184,3185,3186,3187
53,5301,'4480',3188,3189,3190,3191,3192,3193,3194,3195,3196,3197,3198,3199,3200,3201,3202,3203,3204,3205,3206,3207,3208
54,5401,'4332',3222,3223,3224,3225,3226,3227,3228,3229,3230,3231,3232,3233,3234,3235,3236,3237,3238
54,5401,'4480',3239,3240,3241,3242,3243,3244,3245,3246,3247,3248,3249,3250,3251,3252,3253,3254,3255
55,5501,'4332',3256,3257,3258
55,5501,'4480',3259,3260,3261,3262
57,5700,'4332',3275,3276,3277,3278,3279,3280,3281,3282,3283,3284,3285,3286,3287,3288
57,5700,'4480',3289,3290,3291,3292,3293,3294,3295,3296,3297,3298,3299,3300,3301,3302,3303,3304
57,5701,'4332',3317,3318,3319,3320,3321,3322,3323,3324,3325,3326,3327,3328,3329
57,5701,'4480',3330,3331,3332,3333,3334,3335,3336,3337,3338,3339,3340,3341,3342,3343,3344
58,5801,'4332',3358,3359,3360,3361,3362,3363,3364,3365,3366,3367,3368,3369,3370,3371
58,5801,'4480',3372,3373,3374,3375,3376,3377,3378,3379,3380,3381,3382,3383,3384,3385,3386
59,5900,'4480',3387,3388
59,5901,'4480',3389,3390
66,6600,'4332',3414,3415,3416,3417,3418,3419,3420,3421,3422,3423,3424,3425,3426,3427,3428,3429,3430,3431,3432,3433,3434,3435,3436,3437
66,6600,'4480',3438,3439,3440,3441,3442,3443,3444,3445,3446,3447,3448,3449,3450,3451,3452,3453,3454,3455,3456,3457,3458,3459,3460,3461,3462,3463,3464,3465,3466,3467,3468,3469,3470,3471,3472
66,6600,'4663',3808,3809,3810
66,6600,'4674',3807
66,6601,'4332',3496,3497,3498,3499,3500,3501,3502,3503,3504,3505,3506,3507,3508,3509,3510,3511,3512,3513,3514,3515,3516,3517,3518,3519
66,6601,'4480',3520,3521,3522,3523,3524,3525,3526,3527,3528,3529,3530,3531,3532,3533,3534,3535,3536,3537,3538,3539,3540,3541,3542,3543,3544,3545,3546,3547,3548,3549,3550,3551,3552,3553,3554
71,7100,'4332',3555,3556,3557,3558,3559,3560,3561,3562,3563
71,7100,'4480',3564,3565,3566,3567,3568,3569,3570,3571,3572,3573,3574
71,7100,'4663',3575,3576
71,7101,'4332',3577,3578,3579,3580,3581,3582,3583,3584,3585
71,7101,'4480',3586,3587,3588,3589,3590,3591,3592,3593,3594,3595,3596
71,7101,'4663',3597,3598
72,7200,'4332',3599,3600,3601,3602
72,7200,'4480',3603,3604,3605,3606
72,7201,'4332',3607,3608,3609,3610
72,7201,'4480',3611,3612,3613,3614
10007,1000700,'4332',2728,3776,3777,3778,3779,3780,2734,2735
10007,1000700,'4480',3781,3782,3783,3784,2715,3785,3786,3787,3788,3789
10021,1002100,'4480',2736,2737
10021,1002101,'4480',2738
10031,1003100,'4332',2771,2772,2773,2774,2775,2776,2777,2778,2779,2780,2781,2782,2783,2784
10031,1003100,'4480',2739,2740,2741,2742,2743,2744,2745,2746,2747,2748,2749,2750,2751,2752,2753,2754,2755,2756,2757,2758
10031,1003101,'4332',2815,2816,2817,2818,2819,2820,2821,2822,2823,2824,2825,2826
10031,1003101,'4480',2785,2786,2787,2788,2789,2790,2791,2792,2793,2794,2795,2796,2797,2798,2799,2800,2801,2802,2803
240031,24003100,'4480',2827,2828,2829,2830
240031,24003100,'4663',3813
