201,'4944',553,,392,,,0,71,,393,,,0,28,,394,,,0,75,,395,,,0,75,,396,,,0,34,,391,,,0,71,,397,,,0,34,,398,,,0,77,,399,,,0,30,,400,,,0,70,,401,,,0,29,,402,,,0,69,,403,,,0,28,,404,,,0,69,,405,,,0,29,,406,,,0,70,,407,,,0,30,,408,,,0,70,,409,,,0,31,,410,,,0,70,,411,,,0,26,,412,,,0,70,,413,,,0,30,,414,,,0,76,,415,,,0,36,,416,,,0,77,,417,,,0,76,,418,,,0,37,,419,,,0,75,,420,,,0,35,,421,,,0,76,,422,,,0
201,'4946',609,,316,,,0,40,,317,,,0,79,,318,,,0,80,,319,,,0,46,,320,,,0,86,,321,,,0,79,,322,,,0,81,,323,,,0,37,,336,,,0,80,,324,,,0,39,,325,,,0,78,,326,,,0,80,,327,,,0,40,,328,,,0,80,,329,,,0,80,,330,,,0,40,,331,,,0,81,,333,,,0,79,,332,,,0,40,,334,,,0,80,,335,,,0,85,,338,,,0,99,,337,,,0
201,'4955',505,,1731,,,0,35,,1732,,,0,80,,1733,,,0,34,,1734,,,0,57,,1735,,,0,15,,1736,,,0,14,,1737,,,0,16,,1738,,,0,59,,1739,,,0,18,,1740,,,0,17,,1741,,,0,60,,1742,,,0,17,,1743,,,0,20,,1744,,,0,61,,1745,,,0,21,,1746,,,0,23,,1747,,,0,65,,1748,,,0,21,,1749,,,0,62,,1750,,,0,22,,1751,,,0,23,,1752,,,0,62,,1753,,,0,23,,1754,,,0,20,,1755,,,0,62,,1756,,,0,11,,1757,,,0,19,,1758,0,9 10 19,0,2,,1759,,,0,56,,1760,,,0,14,,1761,,,0,19,,1762,,,0,14,,1763,,,0,54,,1765,,,0,13,,1764,,,0,14,,1766,,,0,15,,1767,,,0,16,,1768,,,0,56,,1769,,,0,22,,1770,,,0,21,,1771,,,0,65,,1772,,,0,24,,1780,,,0,65,,1773,,,0,25,,1774,,,0,64,,1775,,,0,27,,1781,,,0,24,,1776,,,0,69,,1777,,,0,33,,1778,,,0,74,,1779,,,0
201,'4957',553,,1784,,,0,71,,1785,,,0,28,,1786,,,0,75,,1787,,,0,75,,1788,,,0,34,,1783,,,0,71,,1789,,,0,34,,1790,,,0,77,,1791,,,0,30,,1792,,,0,70,,1793,,,0,29,,1794,,,0,69,,1795,,,0,28,,1796,,,0,69,,1797,,,0,29,,1798,,,0,70,,1799,,,0,30,,1800,,,0,70,,1801,,,0,31,,1802,,,0,70,,1803,,,0,26,,1804,,,0,70,,1805,,,0,30,,1806,,,0,76,,1807,,,0,36,,1808,,,0,77,,1809,,,0,76,,1810,,,0,37,,1811,,,0,75,,1812,,,0,35,,1813,,,0,76,,1814,,,0
201,'4958',609,,1815,,,0,40,,1816,,,0,79,,1817,,,0,80,,1818,,,0,46,,1819,,,0,86,,1820,,,0,79,,1821,,,0,81,,1822,,,0,37,,1835,,,0,80,,1823,,,0,39,,1824,,,0,78,,1825,,,0,80,,1826,,,0,40,,1827,,,0,80,,1828,,,0,80,,1829,,,0,40,,1830,,,0,81,,1832,,,0,79,,1831,,,0,40,,1833,,,0,80,,1834,,,0,85,,1837,,,0,99,,1836,,,0
900,'4944',710,,862,,,0,100,,863,,,0,101,,864,,,0,101,,865,,,0,105,,866,,,0,96,,867,,,0,106,,868,,,0,100,,869,,,0,100,,870,0,17 10,0,100,,871,,,0,104,,872,,,0,94,,873,0,17 10,0,100,,874,,,0,95,,875,,,0,99,,876,,,0,104,,877,0,17 10,0
900,'4946',710,,832,0,17 10,0,100,,833,0,17 10,0,101,,834,0,17 10,0,101,,831,0,17 10,0,106,,835,0,17 10,0,95,,836,0,17 10,0,105,,837,0,17 10,0,100,,838,0,17 10,0,100,,839,0,17 10,0,99,,840,0,17 10,0,100,,841,0,17 10,0,100,,842,0,17 10,0,100,,843,0,17 10,0,95,,844,0,17 10,0
900,'4955',609,,2262,0,17 10,0,110,,2251,0,17 10,0,97,,2252,0,17 10,0,104,,2253,0,17 10,0,100,,2254,0,17 10,0,101,,2255,0,17 10,0,100,,2256,0,17 10,0,101,,2257,0,17 10,0,100,,2258,0,17 10,0,101,,2259,0,17 10,0,100,,2260,0,17 10,0,100,,2261,0,17 10,0,99,,2247,0,17 10,0,98,,2248,0,17 10,0,99,,2249,0,17 10,0,99,,2250,0,17 10,0,100,,2246,0,17 10,0
900,'4957',710,,2263,,,0,100,,2264,,,0,101,,2265,,,0,101,,2266,,,0,105,,2267,,,0,96,,2268,,,0,106,,2269,,,0,100,,2270,,,0,100,,2271,0,17 10,0,100,,2272,,,0,104,,2273,,,0,94,,2274,0,17 10,0,100,,2275,,,0,95,,2276,,,0,99,,2277,,,0,104,,2278,0,17 10,0
900,'4958',710,,2280,0,17 10,0,100,,2281,0,17 10,0,101,,2282,0,17 10,0,101,,2279,0,17 10,0,106,,2283,0,17 10,0,95,,2284,0,17 10,0,105,,2285,0,17 10,0,100,,2286,0,17 10,0,100,,2287,0,17 10,0,99,,2288,0,17 10,0,100,,2289,0,17 10,0,100,,2290,0,17 10,0,100,,2291,0,17 10,0,95,,2292,0,17 10,0
2600,'4955',1522,,2406,0,9 10 11 12,0
2601,'4955',804,,2407,0,9 10 11 12,0
