200,'4327',629,,1677,38,,,0,75,,1678,38,,,0,41,,1679,38,,,0,86,,1680,38,,,0,81,,1681,38,,,0,43,,1682,38,,,0,82,,1683,38,,,0,96,,1684,38,,,0,90,,1685,38,,,0,86,,1686,38,,,0,41,,1687,38,,,0,80,,1688,38,,,0,80,,1689,38,,,0,40,,1690,38,,,0,80,,1691,38,,,0,80,,1692,38,,,0,38,,1693,38,,,0,80,,1694,38,,,0,79,,1695,38,,,0,38,,1696,38,,,0,79,,1697,38,,,0,80,,1699,38,,,0,38,,1698,38,,,0
200,'4332',630,,1700,38,,,0,75,,1701,38,,,0,35,,1702,38,,,0,72,,1703,38,,,0,33,,1704,38,,,0,71,,1705,38,,,0,37,,1706,38,,,0,84,,1707,38,,,0,76,,1708,38,,,0,33,,1709,38,,,0,71,,1711,38,,,0,30,,1712,38,,,0,68,,1713,38,,,0,30,,1710,38,,,0,70,,1714,38,,,0,30,,1715,38,,,0,70,,1716,38,,,0,29,,1717,38,,,0,70,,1718,38,,,0,30,,1720,38,,,0,69,,1721,38,,,0,29,,1719,38,,,0,68,,1722,38,,,0,27,,1723,38,,,0,68,,1724,38,,,0,35,,1725,38,,,0,78,,1726,38,,,0,35,,1727,38,,,0,75,,1728,38,,,0,74,,1729,38,,,0,33,,1730,38,,,0
200,'4480',556,,1628,38,,,0,76,,1629,38,,,0,68,,1630,38,,,0,32,,1631,38,,,0,19,,1632,38,,,0,55,,1633,38,,,0,28,,1634,38,,,0,12,,1635,38,,,0,55,,1636,38,,,0,20,,1637,38,,,0,21,,1638,38,,,0,62,,1639,38,,,0,21,,1640,38,,,0,23,,1641,38,,,0,62,,1642,38,,,0,23,,1643,38,,,0,22,,1644,38,,,0,62,,1645,38,,,0,23,,1646,38,,,0,62,,1647,38,,,0,21,,1648,38,,,0,23,,1649,38,,,0,66,,1650,38,,,0,30,,1651,38,,,0,64,,1652,38,,,0,22,,1653,38,,,0,16,,1654,38,,,0,15,,1655,38,,,0,56,,1656,38,,,0,14,,1657,38,,,0,15,,1658,38,,,0,14,,1659,38,,,0,55,,1660,38,,,0,15,,1661,38,,,0,15,,1662,38,,,0,14,,1663,38,,,0,55,,1664,38,,,0,21,,1665,38,,,0,14,,1666,38,,,0,60,,1667,38,,,0,19,,1668,38,,,0,20,,1669,38,,,0,59,,1675,38,,,0,28,,1670,38,,,0,23,,1671,38,,,0,64,,1672,38,,,0,24,,1676,38,,,0,63,,1673,38,,,0,30,,1674,38,,,0
401,'4327',735,,3625,47,4,,0,100,,3626,47,4,,0,101,,3627,47,4,,0,100,,3628,47,4,,0,101,,3629,47,4,,0,101,,3630,47,4,,0,100,,3631,47,4,,0,100,,3632,47,4,,0,100,,3633,47,4,,0,100,,3634,47,4,,0,100,,3635,47,4,,0,100,,3636,47,4,,0,99,,3637,47,4,,0
401,'4332',628,,2024,47,4,,0,108,,2027,47,4,,0,101,,2028,47,4,,0,100,,2012,47,4,,0,101,,2013,47,4,,0,101,,3646,47,4,,0,100,,3645,47,4,,0,100,,2022,47,4,,0,100,,3644,47,4,,0,100,,3641,47,4,,0,100,,2020,47,4,,0,100,,3643,47,4,,0,99,,3642,47,4,,0,100,,3640,47,4,,0,99,,2015,47,4,,0,99,,3639,47,4,,0
401,'4480',841,,3658,47,4,,0,97,,3659,47,4,,0,100,,3660,47,4,,0,101,,3661,47,4,,0,100,,3662,47,4,,0,100,,3664,47,4,,0,103,,3665,47,4,,0,98,,3653,47,4,,0,102,,3654,47,4,,0,98,,3655,47,4,,0,98,,3656,47,4,,0,100,,3649,47,4,,0,99,,3650,47,4,,0,99,,3651,47,4,,0
900,'4332',2218,,3735,53,4,,0
900,'4480',2221,,3736,53,4,,0
1501,'4332',955,,2321,47,4,,0,600,,2323,47,4,,0
1501,'4480',650,,2318,47,4,,0,1093,,2316,47,4,,0
1600,'4480',806,,2328,39,4,,0,894,,2325,39,4,,0
2600,'4480',1434,,2406,9,0,13 14 11,0
2601,'4480',720,,2407,9,0,13 14 11,0
