201,'4729',512,,3146,,,0,35,,3147,,,0,80,,3148,,,0,75,,3149,,,0,17,,3150,,,0,15,,3151,,,0,15,,3152,,,0,56,,3153,,,0,18,,3154,,,0,18,,3155,,,0,17,,3156,,,0,60,,3157,,,0,17,,3158,,,0,20,,3159,,,0,61,,3160,,,0,21,,3161,,,0,63,,3162,,,0,26,,3163,,,0,21,,3164,,,0,62,,3165,,,0,22,,3166,,,0,23,,3167,,,0,62,,3168,,,0,23,,3169,,,0,20,,3170,,,0,63,,3171,,,0,15,,3172,,,0,5,,3197,4,,0,10,,3173,4,,0,2,,3174,,,0,56,,3175,,,0,14,,3176,,,0,18,,3177,,,0,14,,3178,,,0,54,,3180,,,0,13,,3179,,,0,14,,3181,,,0,15,,3182,,,0,55,,3183,,,0,16,,3184,,,0,22,,3185,,,0,61,,3186,,,0,25,,3187,,,0,24,,3195,,,0,65,,3188,,,0,25,,3189,,,0,64,,3190,,,0,27,,3196,,,0,64,,3191,,,0,29,,3192,,,0,72,,3193,,,0,34,,3194,,,0
201,'4739',600,,3199,,,0,31,,3200,,,0,28,,3201,,,0,75,,3202,,,0,75,,3203,,,0,34,,3198,,,0,71,,3204,,,0,34,,3205,,,0,77,,3206,,,0,30,,3207,,,0,70,,3208,,,0,29,,3209,,,0,70,,3210,,,0,28,,3211,,,0,69,,3212,,,0,29,,3213,,,0,70,,3214,,,0,30,,3215,,,0,70,,3216,,,0,31,,3217,,,0,70,,3218,,,0,26,,3219,,,0,70,,3220,,,0,30,,3221,,,0,76,,3222,,,0,36,,3223,,,0,76,,3224,,,0,76,,3225,,,0,37,,3226,,,0,75,,3227,,,0,35,,3228,,,0,76,,3229,,,0
201,'4958',616,,3230,,,0,40,,3231,,,0,79,,3232,,,0,80,,3233,,,0,86,,3234,,,0,46,,3235,,,0,79,,3236,,,0,82,,3237,,,0,37,,3250,,,0,80,,3238,,,0,79,,3239,,,0,38,,3240,,,0,80,,3241,,,0,80,,3242,,,0,40,,3243,,,0,80,,3244,,,0,80,,3245,,,0,41,,3247,,,0,79,,3246,,,0,80,,3248,,,0,39,,3249,,,0,85,,3252,,,0,99,,3251,,,0
301,'4729',559,,3323,,,0,83,,3324,,,0,76,,3325,,,0,32,,3326,,,0,76,,3327,,,0,75,,3328,,,0,34,,3329,,,0,76,,3330,,,0,35,,3322,,,0,76,,3331,,,0,36,,3332,,,0,75,,3333,,,0,75,,3334,,,0,36,,3335,,,0,75,,3336,,,0,81,,3337,,,0,35,,3338,,,0,73,,3339,,,0,40,,3340,,,0,75,,3341,,,0,33,,3342,,,0,74,,3343,,,0,75,,3344,,,0,33,,3345,,,0,75,,3346,,,0,30,,3347,,,0,100,,3348,,,0,99,,3349,,,0
301,'4739',601,,3376,,,0,55,,3375,,,0,92,,3374,,,0,100,,3377,,,0,92,,3351,,,0,71,,3352,,,0,40,,3353,,,0,77,,3354,,,0,30,,3355,,,0,75,,3356,,,0,75,,3357,,,0,35,,3358,,,0,80,,3359,,,0,36,,3360,,,0,75,,3361,,,0,80,,3362,,,0,35,,3363,,,0,69,,3364,,,0,35,,3365,,,0,74,,3366,,,0,74,,3367,,,0,44,,3368,,,0,75,,3369,,,0,35,,3370,,,0,88,,3371,,,0,100,,3372,,,0
301,'4958',626,,3381,,,0,101,,3382,,,0,96,,3383,,,0,91,,3393,,,0,96,,3379,,,0,90,,3384,,,0,101,,3385,,,0,56,,3386,,,0,101,,3387,,,0,101,,3388,,,0,100,,3389,,,0,98,,3390,,,0,144,,3391,,,0,56,,3392,,,0,93,,3378,,,0
601,'4729',545,,3590,,,0,79,,3591,,,0,76,,3593,,,0,35,,3594,,,0,80,,3595,,,0,85,,3592,,,0,35,,3596,,,0,115,,3597,,,0,160,,3598,,,0,125,,3599,,,0,83,,3600,,,0,87,,3582,,,0,48,,3583,,,0,82,,3584,,,0,80,,3586,,,0,85,,3587,,,0,44,,3588,,,0,101,,3585,,,0,110,,3589,,,0,155,,3580,,,0,110,,3581,,,0
601,'4739',550,,3603,,,0,100,,3604,,,0,100,,3602,,,0,95,,3605,,,0,100,,3606,,,0,100,,3607,,,0,95,,3608,,,0,100,,3609,,,0,100,,3610,,,0,100,,3611,,,0,100,,3612,,,0,100,,3613,,,0,105,,3614,,,0,105,,3615,,,0,95,,3616,,,0,110,,3617,,,0,155,,3618,,,0,110,,3601,,,0
601,'4958',545,,3619,,,0,110,,3620,,,0,145,,3621,,,0,102,,3622,,,0,48,,3624,,,0,100,,3625,,,0,90,,3626,,,0,100,,3623,,,0,100,,3627,,,0,100,,3628,,,0,100,,3629,,,0,100,,3630,,,0,105,,3631,,,0,160,,3632,,,0,110,,3633,,,0
2400,'4729',1430,,3819,0,15 16 11 12,0
2401,'4729',735,,3820,0,15 16 11 12,0
