3101,'4729',622,,1022,4,,,0,84,,1023,4,,,0,30,,1025,4,,,0,72,,1026,4,,,0,32,,1024,4,,,0,87,,1028,4,,,0,105,,1029,4,,,0,110,,1030,4,,,0,110,,1027,4,,,0,155,,1031,4,,,0,114,,1032,4,,,0,81,,1034,4,,,0,36,,1035,4,,,0,76,,1036,4,,,0,34,,1033,4,,,0,71,,1037,4,,,0,18,,1038,4,,,0
3101,'4739',756,,1042,4,,,0,144,,1041,4,,,0,102,,1039,4,,,0,110,,1046,4,,,0,110,,1047,4,,,0,110,,1040,4,,,0,115,,1045,4,,,0,155,,1043,4,,,0,110,,1044,4,,,0,110,,1048,4,,,0
3101,'4958',756,,1055,4,,,0,248,,1052,4,,,0,218,,1049,4,,,0,110,,1053,4,,,0,115,,1051,4,,,0,155,,1054,4,,,0,110,,1050,4,,,0
3201,'4729',551,,1057,4,0,5 6,0,70,,1058,4,0,5 6,0,30,,1059,4,0,5 6,0,70,,1056,4,0,5 6,0,30,,1060,4,0,5 6,0,73,,1061,4,0,5 6,0,33,,1062,4,0,5 6,0,70,,1063,4,0,5 6,0,32,,1064,4,0,5 6,0,73,,1065,4,0,5 6,0,75,,1066,4,0,5 6,0,35,,1067,4,0,5 6,0,75,,1068,4,0,5 6,0,35,,1069,4,0,5 6,0,75,,1070,4,0,5 6,0,80,,1071,4,0,5 6,0,37,,1072,4,0,5 6,0,78,,1073,4,0,5 6,0,80,,1074,4,0,5 6,0,35,,1075,4,0,5 6,0,77,,1076,4,0,5 6,0,33,,1077,4,0,5 6,0,72,,1078,4,0,5 6,0,38,,1079,4,0,5 6,0,87,,1080,4,0,5 6,0,67,,1081,4,0,5 6,0,95,,1082,4,0,5 6,0,105,,1083,4,0,5 6,0
3201,'4739',756,,1095,4,0,5 6,0,70,,1086,4,0,5 6,0,74,,1106,4,0,5 6,0,32,,1084,4,0,5 6,0,70,,1087,4,0,5 6,0,35,,1093,4,0,5 6,0,75,,1085,4,0,5 6,0,35,,1104,4,0,5 6,0,75,,1089,4,0,5 6,0,35,,1088,4,0,5 6,0,75,,1092,4,0,5 6,0,75,,1090,4,0,5 6,0,40,,1105,4,0,5 6,0,75,,1094,4,0,5 6,0,80,,1091,4,0,5 6,0,35,,1100,4,0,5 6,0,75,,1096,4,0,5 6,0,35,,1107,4,0,5 6,0,74,,1097,4,0,5 6,0,35,,1099,4,0,5 6,0,85,,1098,4,0,5 6,0,70,,1102,4,0,5 6,0,30,,1101,4,0,5 6,0,170,,1103,4,0,5 6,0
3201,'4958',756,,1122,4,0,5 6,0,103,,1121,4,0,5 6,0,144,,1116,4,0,5 6,0,33,,1123,4,0,5 6,0,76,,1110,4,0,5 6,0,35,,1109,4,0,5 6,0,75,,1117,4,0,5 6,0,35,,1108,4,0,5 6,0,75,,1118,4,0,5 6,0,75,,1113,4,0,5 6,0,40,,1119,4,0,5 6,0,75,,1114,4,0,5 6,0,80,,1115,4,0,5 6,0,35,,1112,4,0,5 6,0,74,,1120,4,0,5 6,0,35,,1111,4,0,5 6,0,110,,1124,4,0,5 6,0,155,,1125,4,0,5 6,0
3900,'4729',627,,1276,4,0,30 31 19,0
1003101,'4729',651,,1370,4,,,0,70,,1371,4,,,0,30,,1372,4,,,0,72,,1373,4,,,0,33,,1374,4,,,0,103,,1375,4,,,0,148,,1376,4,,,0,110,,1377,4,,,0,110,,1378,4,,,0,115,,1379,4,,,0,100,,1380,4,,,0,78,,1381,4,,,0,35,,1382,4,,,0,75,,1383,4,,,0,72,,1384,4,,,0,51,,1385,4,,,0,90,,1386,4,,,0,163,,1387,4,,,0,110,,1388,4,,,0
1003101,'4739',826,,1394,4,,,0,105,,1400,4,,,0,105,,1389,4,,,0,111,,1390,4,,,0,110,,1391,4,,,0,150,,1393,4,,,0,115,,1398,4,,,0,115,,1396,4,,,0,109,,1395,4,,,0,110,,1392,4,,,0,155,,1397,4,,,0,100,,1399,4,,,0
1003101,'4958',859,,1408,4,,,0,253,,1407,4,,,0,35,,1401,4,,,0,110,,1403,4,,,0,150,,1404,4,,,0,114,,1405,4,,,0,115,,1406,4,,,0,110,,1402,4,,,0,110,,1409,4,,,0,155,,1410,4,,,0,100,,1411,4,,,0
