101,'4944',628,,181,,,0,75,,182,,,0,30,,183,,,0,72,,184,,,0,29,,185,,,0,75,,186,,,0,43,,187,,,0,74,,188,,,0,32,,189,,,0,69,,190,,,0,30,,191,,,0,67,,192,,,0,29,,193,,,0,70,,194,,,0,30,,195,,,0,70,,196,,,0,30,,197,,,0,70,,198,,,0,30,,199,,,0,70,,200,,,0,30,,201,,,0,69,,202,,,0,27,,203,,,0,69,,204,,,0,38,,205,,,0,79,,206,,,0,77,,207,,,0,35,,208,,,0,75,,209,,,0,35,,210,,,0,72,,212,,,0,75,,211,,,0
101,'4946',628,,109,,,0,80,,110,,,0,45,,111,,,0,80,,112,,,0,80,,113,,,0,38,,114,,,0,94,,115,,,0,88,,116,,,0,86,,117,,,0,40,,118,,,0,80,,119,,,0,79,,120,,,0,40,,121,,,0,80,,122,,,0,80,,123,,,0,40,,124,,,0,81,,125,,,0,80,,126,,,0,81,,127,,,0,40,,128,,,0,81,,129,,,0,82,,130,,,0
101,'4955',553,,1525,,,0,66,,1526,,,0,31,,1527,,,0,69,,1528,,,0,23,,1524,,,0,14,,1529,,,0,56,,1530,,,0,22,,1531,,,0,21,,1532,,,0,63,,1533,,,0,21,,1534,,,0,61,,1535,,,0,22,,1536,,,0,22,,1537,,,0,62,,1538,,,0,22,,1539,,,0,23,,1540,,,0,62,,1541,,,0,21,,1542,,,0,23,,1543,,,0,65,,1544,,,0,26,,1545,,,0,60,,1546,,,0,24,,1547,,,0,18,,1548,,,0,56,,1549,,,0,16,,1550,,,0,15,,1551,,,0,15,,1552,,,0,54,,1553,,,0,15,,1554,,,0,15,,1555,,,0,15,,1556,,,0,55,,1557,,,0,15,,1558,,,0,13,,1559,,,0,14,,1560,,,0,52,,1561,,,0,21,,1562,,,0,20,,1563,,,0,60,,1564,,,0,19,,1572,,,0,29,,1565,,,0,65,,1566,,,0,25,,1567,,,0,65,,1573,,,0,23,,1568,,,0,30,,1569,,,0,74,,1570,,,0,73,,1571,,,0
101,'4957',628,,1574,,,0,75,,1575,,,0,30,,1576,,,0,72,,1577,,,0,29,,1578,,,0,75,,1579,,,0,43,,1580,,,0,74,,1581,,,0,32,,1582,,,0,69,,1583,,,0,30,,1584,,,0,67,,1585,,,0,29,,1586,,,0,70,,1587,,,0,30,,1588,,,0,70,,1589,,,0,30,,1590,,,0,70,,1591,,,0,30,,1592,,,0,70,,1593,,,0,30,,1594,,,0,69,,1595,,,0,27,,1596,,,0,69,,1597,,,0,38,,1598,,,0,79,,1599,,,0,77,,1600,,,0,35,,1601,,,0,75,,1602,,,0,35,,1603,,,0,72,,1605,,,0,75,,1604,,,0
101,'4958',628,,1606,,,0,80,,1607,,,0,45,,1608,,,0,80,,1609,,,0,80,,1610,,,0,38,,1611,,,0,94,,1612,,,0,88,,1613,,,0,86,,1614,,,0,40,,1615,,,0,80,,1616,,,0,79,,1617,,,0,40,,1618,,,0,80,,1619,,,0,80,,1620,,,0,40,,1621,,,0,81,,1622,,,0,80,,1623,,,0,81,,1624,,,0,40,,1625,,,0,81,,1626,,,0,82,,1627,,,0
201,'4944',604,,392,,,0,31,,393,,,0,69,,394,,,0,35,,395,,,0,75,,396,,,0,35,,391,,,0,71,,397,,,0,34,,398,,,0,78,,399,,,0,70,,400,,,0,30,,401,,,0,70,,402,,,0,30,,403,,,0,68,,404,,,0,29,,405,,,0,30,,406,,,0,70,,407,,,0,30,,408,,,0,70,,409,,,0,30,,410,,,0,70,,411,,,0,26,,412,,,0,70,,413,,,0,30,,414,,,0,75,,415,,,0,76,,416,,,0,36,,417,,,0,75,,418,,,0,37,,419,,,0,75,,420,,,0,75,,421,,,0,36,,422,,,0
201,'4946',621,,316,,,0,80,,317,,,0,39,,318,,,0,80,,319,,,0,87,,320,,,0,46,,321,,,0,79,,322,,,0,83,,323,,,0,37,,336,,,0,80,,324,,,0,79,,325,,,0,39,,326,,,0,80,,327,,,0,80,,328,,,0,40,,329,,,0,80,,330,,,0,80,,331,,,0,41,,333,,,0,79,,332,,,0,79,,334,,,0,39,,335,,,0,85,,338,,,0,98,,337,,,0
201,'4955',517,,1731,,,0,35,,1732,,,0,80,,1733,,,0,75,,1734,,,0,17,,1735,,,0,15,,1736,,,0,15,,1737,,,0,57,,1738,,,0,18,,1739,,,0,18,,1740,,,0,57,,1741,,,0,20,,1742,,,0,17,,1743,,,0,60,,1744,,,0,21,,1745,,,0,22,,1746,,,0,63,,1747,,,0,26,,1748,,,0,22,,1749,,,0,62,,1750,,,0,22,,1751,,,0,63,,1752,,,0,22,,1753,,,0,23,,1754,,,0,60,,1755,,,0,23,,1756,,,0,16,,1757,,,0,56,,1759,,,0,16,,1760,,,0,14,,1761,,,0,18,,1762,,,0,54,,1763,,,0,14,,1765,,,0,13,,1764,,,0,14,,1766,,,0,55,,1767,,,0,15,,1768,,,0,16,,1769,,,0,22,,1770,,,0,60,,1771,,,0,25,,1772,,,0,64,,1780,,,0,25,,1773,,,0,24,,1774,,,0,64,,1775,,,0,27,,1781,,,0,64,,1776,,,0,29,,1777,,,0,71,,1778,,,0,34,,1779,,,0
201,'4957',604,,1784,,,0,31,,1785,,,0,69,,1786,,,0,35,,1787,,,0,75,,1788,,,0,35,,1783,,,0,71,,1789,,,0,34,,1790,,,0,78,,1791,,,0,70,,1792,,,0,30,,1793,,,0,70,,1794,,,0,30,,1795,,,0,68,,1796,,,0,29,,1797,,,0,30,,1798,,,0,70,,1799,,,0,30,,1800,,,0,70,,1801,,,0,30,,1802,,,0,70,,1803,,,0,26,,1804,,,0,70,,1805,,,0,30,,1806,,,0,75,,1807,,,0,76,,1808,,,0,36,,1809,,,0,75,,1810,,,0,37,,1811,,,0,75,,1812,,,0,75,,1813,,,0,36,,1814,,,0
201,'4958',621,,1815,,,0,80,,1816,,,0,39,,1817,,,0,80,,1818,,,0,87,,1819,,,0,46,,1820,,,0,79,,1821,,,0,83,,1822,,,0,37,,1835,,,0,80,,1823,,,0,79,,1824,,,0,39,,1825,,,0,80,,1826,,,0,80,,1827,,,0,40,,1828,,,0,80,,1829,,,0,80,,1830,,,0,41,,1832,,,0,79,,1831,,,0,79,,1833,,,0,39,,1834,,,0,85,,1837,,,0,98,,1836,,,0
