301,'4944',609,,562,,,0,95,,561,,,0,52,,560,,,0,101,,563,,,0,92,,537,,,0,73,,538,,,0,80,,539,,,0,37,,540,,,0,70,,541,,,0,35,,542,,,0,75,,543,,,0,35,,544,,,0,80,,545,,,0,77,,546,,,0,35,,547,,,0,80,,548,,,0,75,,549,,,0,28,,550,,,0,75,,551,,,0,34,,552,,,0,73,,553,,,0,43,,554,,,0,75,,555,,,0,75,,556,,,0,48,,557,,,0,99,,558,,,0
301,'4946',633,,495,,,0,102,,496,,,0,96,,497,,,0,92,,507,,,0,96,,493,,,0,90,,498,,,0,102,,499,,,0,96,,500,,,0,101,,501,,,0,102,,502,,,0,100,,503,,,0,97,,504,,,0,104,,505,,,0,95,,506,,,0,53,,492,,,0
301,'4955',607,,1908,,,0,43,,1909,,,0,76,,1910,,,0,74,,1911,,,0,36,,1912,,,0,75,,1913,,,0,33,,1914,,,0,76,,1915,,,0,36,,1907,,,0,76,,1916,,,0,76,,1917,,,0,35,,1918,,,0,75,,1919,,,0,37,,1920,,,0,77,,1921,,,0,81,,1922,,,0,34,,1923,,,0,73,,1924,,,0,80,,1925,,,0,34,,1926,,,0,72,,1927,,,0,34,,1928,,,0,74,,1929,,,0,33,,1930,,,0,75,,1931,,,0,30,,1932,,,0,99,,1933,,,0,99,,1934,,,0
301,'4957',609,,1961,,,0,95,,1960,,,0,52,,1959,,,0,101,,1962,,,0,92,,1936,,,0,73,,1937,,,0,80,,1938,,,0,37,,1939,,,0,70,,1940,,,0,35,,1941,,,0,75,,1942,,,0,35,,1943,,,0,80,,1944,,,0,77,,1945,,,0,35,,1946,,,0,80,,1947,,,0,75,,1948,,,0,28,,1949,,,0,75,,1950,,,0,34,,1951,,,0,73,,1952,,,0,43,,1953,,,0,75,,1954,,,0,75,,1955,,,0,48,,1956,,,0,99,,1957,,,0
301,'4958',633,,1966,,,0,102,,1967,,,0,96,,1968,,,0,92,,1978,,,0,96,,1964,,,0,90,,1969,,,0,102,,1970,,,0,96,,1971,,,0,101,,1972,,,0,102,,1973,,,0,100,,1974,,,0,97,,1975,,,0,104,,1976,,,0,95,,1977,,,0,53,,1963,,,0
500,'4944',613,,681,,,0,95,,680,,,0,92,,679,,,0,101,,682,,,0,52,,657,,,0,73,,658,,,0,81,,659,,,0,37,,660,,,0,70,,661,,,0,35,,662,,,0,75,,663,,,0,35,,664,,,0,80,,665,,,0,77,,666,,,0,35,,667,,,0,80,,668,,,0,75,,669,,,0,28,,670,,,0,75,,671,,,0,34,,672,,,0,73,,673,,,0,43,,674,,,0,74,,675,,,0,75,,676,,,0,48,,677,,,0,99,,678,,,0
500,'4946',637,,614,,,0,102,,615,,,0,96,,616,,,0,92,,628,,,0,97,,617,,,0,90,,618,,,0,102,,620,,,0,96,,621,,,0,101,,622,,,0,102,,619,,,0,100,,623,,,0,97,,624,,,0,104,,625,,,0,95,,626,,,0,93,,627,,,0
500,'4955',610,,2029,,,0,44,,2030,,,0,76,,2031,,,0,75,,2032,,,0,36,,2033,,,0,75,,2034,,,0,33,,2035,,,0,76,,2036,,,0,76,,2037,,,0,36,,2038,,,0,76,,2039,,,0,35,,2040,,,0,75,,2041,,,0,77,,2042,,,0,37,,2043,,,0,81,,2044,,,0,34,,2045,,,0,73,,2046,,,0,80,,2047,,,0,34,,2048,,,0,72,,2049,,,0,34,,2050,,,0,74,,2051,,,0,33,,2052,,,0,75,,2053,,,0,30,,2054,,,0,98,,2055,,,0,99,,2056,,,0
500,'4957',613,,2081,,,0,95,,2080,,,0,92,,2079,,,0,101,,2082,,,0,52,,2057,,,0,73,,2058,,,0,81,,2059,,,0,37,,2060,,,0,70,,2061,,,0,35,,2062,,,0,75,,2063,,,0,35,,2064,,,0,80,,2065,,,0,77,,2066,,,0,35,,2067,,,0,80,,2068,,,0,75,,2069,,,0,28,,2070,,,0,75,,2071,,,0,34,,2072,,,0,73,,2073,,,0,43,,2074,,,0,74,,2075,,,0,75,,2076,,,0,48,,2077,,,0,99,,2078,,,0
500,'4958',637,,2083,,,0,102,,2084,,,0,96,,2085,,,0,92,,2097,,,0,97,,2086,,,0,90,,2087,,,0,102,,2089,,,0,96,,2090,,,0,101,,2091,,,0,102,,2088,,,0,100,,2092,,,0,97,,2093,,,0,104,,2094,,,0,95,,2095,,,0,93,,2096,,,0
