101,'4759',552,,1525,24,,,0,66,,1526,24,,,0,31,,1527,24,,,0,69,,1528,24,,,0,23,,1524,24,,,0,14,,1529,24,,,0,56,,1530,24,,,0,22,,1531,24,,,0,21,,1532,24,,,0,63,,1533,24,,,0,20,,1534,24,,,0,21,,1535,24,,,0,62,,1536,24,,,0,22,,1537,24,,,0,62,,1538,24,,,0,22,,1539,24,,,0,23,,1540,24,,,0,62,,1541,24,,,0,21,,1542,24,,,0,23,,1543,24,,,0,65,,1544,24,,,0,26,,1545,24,,,0,60,,1546,24,,,0,24,,1547,24,,,0,18,,1548,24,,,0,56,,1549,24,,,0,16,,1550,24,,,0,15,,1551,24,,,0,15,,1552,24,,,0,54,,1553,24,,,0,15,,1554,24,,,0,15,,1555,24,,,0,15,,1556,24,,,0,55,,1557,24,,,0,15,,1558,24,,,0,13,,1559,24,,,0,14,,1560,24,,,0,12,,1561,24,,,0,61,,1562,24,,,0,20,,1563,24,,,0,20,,1564,24,,,0,59,,1572,24,,,0,30,,1565,24,,,0,65,,1566,24,,,0,23,,1567,24,,,0,67,,1573,24,,,0,23,,1568,24,,,0,30,,1569,24,,,0,74,,1570,24,,,0,73,,1571,24,,,0
101,'4970',627,,1574,24,,,0,80,,1575,24,,,0,45,,1576,24,,,0,80,,1577,24,,,0,80,,1578,24,,,0,37,,1579,24,,,0,94,,1580,24,,,0,88,,1581,24,,,0,86,,1582,24,,,0,40,,1583,24,,,0,80,,1584,24,,,0,79,,1585,24,,,0,40,,1586,24,,,0,80,,1587,24,,,0,80,,1588,24,,,0,40,,1589,24,,,0,81,,1590,24,,,0,80,,1591,24,,,0,42,,1592,24,,,0,80,,1593,24,,,0,81,,1594,24,,,0,82,,1595,24,,,0
101,'5024',627,,1597,24,,,0,75,,1596,24,,,0,30,,1598,24,,,0,72,,1599,24,,,0,29,,1600,24,,,0,75,,1601,24,,,0,42,,1602,24,,,0,74,,1603,24,,,0,32,,1604,24,,,0,69,,1605,24,,,0,30,,1606,24,,,0,67,,1607,24,,,0,29,,1608,24,,,0,70,,1609,24,,,0,30,,1610,24,,,0,70,,1611,24,,,0,30,,1612,24,,,0,70,,1613,24,,,0,30,,1614,24,,,0,70,,1615,24,,,0,30,,1616,24,,,0,69,,1617,24,,,0,27,,1618,24,,,0,69,,1619,24,,,0,38,,1620,24,,,0,79,,1621,24,,,0,78,,1622,24,,,0,35,,1623,24,,,0,75,,1624,24,,,0,35,,1625,24,,,0,72,,1627,24,,,0,75,,1626,24,,,0
201,'4759',516,,1731,25,,,0,35,,1732,25,,,0,80,,1733,25,,,0,75,,1734,25,,,0,17,,1735,25,,,0,15,,1736,25,,,0,15,,1737,25,,,0,56,,1738,25,,,0,18,,1739,25,,,0,18,,1740,25,,,0,57,,1741,25,,,0,20,,1742,25,,,0,17,,1743,25,,,0,20,,1744,25,,,0,61,,1745,25,,,0,22,,1746,25,,,0,63,,1747,25,,,0,26,,1748,25,,,0,22,,1749,25,,,0,62,,1750,25,,,0,22,,1751,25,,,0,63,,1752,25,,,0,22,,1753,25,,,0,23,,1754,25,,,0,60,,1755,25,,,0,23,,1756,25,,,0,16,,1757,25,,,0,56,,1759,25,,,0,16,,1760,25,,,0,14,,1761,25,,,0,18,,1762,25,,,0,54,,1763,25,,,0,14,,1765,25,,,0,13,,1764,25,,,0,14,,1766,25,,,0,15,,1767,25,,,0,55,,1768,25,,,0,16,,1769,25,,,0,22,,1770,25,,,0,60,,1771,25,,,0,25,,1772,25,,,0,64,,1780,25,,,0,25,,1773,25,,,0,24,,1774,25,,,0,64,,1775,25,,,0,27,,1781,25,,,0,64,,1776,25,,,0,29,,1777,25,,,0,72,,1778,25,,,0,34,,1779,25,,,0
201,'4970',620,,1783,25,,,0,80,,1784,25,,,0,39,,1785,25,,,0,80,,1786,25,,,0,86,,1787,25,,,0,46,,1788,25,,,0,79,,1789,25,,,0,83,,1790,25,,,0,37,,1803,25,,,0,80,,1791,25,,,0,79,,1792,25,,,0,39,,1793,25,,,0,80,,1794,25,,,0,80,,1795,25,,,0,40,,1796,25,,,0,80,,1797,25,,,0,80,,1798,25,,,0,41,,1800,25,,,0,79,,1799,25,,,0,79,,1801,25,,,0,39,,1802,25,,,0,85,,1805,25,,,0,98,,1804,25,,,0
201,'5024',603,,1807,25,,,0,31,,1808,25,,,0,69,,1809,25,,,0,35,,1810,25,,,0,75,,1811,25,,,0,34,,1806,25,,,0,71,,1812,25,,,0,34,,1813,25,,,0,78,,1814,25,,,0,70,,1815,25,,,0,30,,1816,25,,,0,70,,1817,25,,,0,30,,1819,25,,,0,28,,1820,25,,,0,69,,1821,25,,,0,30,,1818,25,,,0,70,,1822,25,,,0,30,,1823,25,,,0,70,,1824,25,,,0,30,,1825,25,,,0,70,,1826,25,,,0,26,,1827,25,,,0,70,,1828,25,,,0,30,,1830,25,,,0,75,,1831,25,,,0,76,,1832,25,,,0,36,,1829,25,,,0,75,,1833,25,,,0,37,,1835,25,,,0,75,,1834,25,,,0,75,,1836,25,,,0,36,,1837,25,,,0
1701,'4759',629,,2334,6,0,29 23,0,75,,2335,6,0,29 23,0,51,,2336,6,0,29 23,0,766,,2330,6,0,29 23,0,85,,2331,6,0,29 23,0,45,,2332,6,0,29 23,0,84,,2333,6,0,29 23,0,85,,2329,6,0,29 23,0
2101,'4759',603,,2380,6,,,0,44,,2381,6,,,0,166,,2379,6,,,0,92,,2378,6,,,0,37,,2382,6,,,0,94,,2377,6,,,0,165,,2370,6,,,0,127,,2375,6,,,0,104,,2371,6,,,0,74,,2372,6,,,0,106,,2376,6,,,0,89,,2374,6,,,0,108,,2369,6,,,0,122,,2373,6,,,0
2101,'4970',805,,2391,6,,,0,99,,2383,6,,,0,133,,2384,6,,,0,168,,2385,6,,,0,129,,2386,6,,,0,177,,2387,6,,,0,129,,2388,6,,,0,172,,2389,6,,,0,131,,2390,6,,,0
2101,'5024',728,,2400,6,,,0,129,,2401,6,,,0,178,,2399,6,,,0,165,,2395,6,,,0,128,,2393,6,,,0,106,,2394,6,,,0,100,,2396,6,,,0,101,,2397,6,,,0,168,,2398,6,,,0,131,,2392,6,,,0
2401,'4759',800,,2405,31,0,15 16 11 12,0
1002101,'4759',722,,2738,6,,,0
