'1781',3300,83000,,'',0,10000,,'',0,10300,,'',0,10900,,'',0,11000,,'',0,15100,,'',0,11000,,'',0,11000,,'',0,11000,,'',0,10900,,'',0
'1781',3301,83000,4,'',0,10000,4,'',0,10300,4,'',0,10900,4,'',0,11000,4,'',0,15100,4,'',0,11000,4,'',0,11000,4,'',0,11000,4,'',0,10900,4,'',0
'2091',3300,92500,,'',0,10000,,'',0,10500,,'',0,10500,,'',0,10500,,'',0,10500,,'',0,10500,,'',0,10600,,'',0,10000,,'',0,10000,,'',0
'2091',3301,92500,4,'',0,10000,4,'',0,10500,4,'',0,10500,4,'',0,10500,4,'',0,10500,4,'',0,10500,4,'',0,10600,4,'',0,10000,4,'',0,10000,4,'',0
'3047',3300,60500,,'',0,3000,,'',0,7000,,'',0,3100,,'',0,7100,,'',0,3100,,'',0,6800,,'',0,3500,,'',0,7200,,'',0,3300,,'',0,7500,,'',0,3500,,'',0,7500,,'',0,7600,,'',0,3400,,'',0,7600,,'',0,3600,,'',0,8000,,'',0,7900,,'',0,3100,,'',0,8200,,'',0,3300,,'',0,7700,,'',0,7900,,'',0,4000,,'',0,6700,,'',0,2900,,'',0,7000,,'',0
'3047',3301,60500,4,'',0,3000,4,'',0,7000,4,'',0,3100,4,'',0,7100,4,'',0,3100,4,'',0,6800,4,'',0,3500,4,'',0,7200,4,'',0,3300,4,'',0,7500,4,'',0,3500,4,'',0,7500,4,'',0,7600,4,'',0,3400,4,'',0,7600,4,'',0,3600,4,'',0,8000,4,'',0,7900,4,'',0,3100,4,'',0,8200,4,'',0,3300,4,'',0,7700,4,'',0,7900,4,'',0,4000,4,'',0,6700,4,'',0,2900,4,'',0,7000,4,'',0
'3048',3300,60500,,'',0,3000,,'',0,7000,,'',0,3100,,'',0,7100,,'',0,3100,,'',0,6800,,'',0,3500,,'',0,7200,,'',0,3300,,'',0,7500,,'',0,3500,,'',0,7500,,'',0,7600,,'',0,3400,,'',0,7600,,'',0,3600,,'',0,8000,,'',0,7900,,'',0,3100,,'',0,8200,,'',0,3300,,'',0,7700,,'',0,7900,,'',0,4000,,'',0,6700,,'',0,2900,,'',0,7000,,'',0
'3048',3301,60500,4,'',0,3000,4,'',0,7000,4,'',0,3100,4,'',0,7100,4,'',0,3100,4,'',0,6800,4,'',0,3500,4,'',0,7200,4,'',0,3300,4,'',0,7500,4,'',0,3500,4,'',0,7500,4,'',0,7600,4,'',0,3400,4,'',0,7600,4,'',0,3600,4,'',0,8000,4,'',0,7900,4,'',0,3100,4,'',0,8200,4,'',0,3300,4,'',0,7700,4,'',0,7900,4,'',0,4000,4,'',0,6700,4,'',0,2900,4,'',0,7000,4,'',0
'3051',3300,90000,,'',0,10100,,'',0,10700,,'',0,10900,,'',0,11000,,'',0,11100,,'',0,11000,,'',0,11000,,'',0,15000,,'',0,13800,,'',0,10500,,'',0
'3051',3301,90000,4,'',0,10100,4,'',0,10700,4,'',0,10900,4,'',0,11000,4,'',0,11100,4,'',0,11000,4,'',0,11000,4,'',0,15000,4,'',0,13800,4,'',0,10500,4,'',0
