300,'4528',543,,4236,1,,,0,70,,4237,1,,,0,30,,4238,1,,,0,74,,4239,1,,,0,32,,4240,1,,,0,75,,4241,1,,,0,34,,4242,1,,,0,74,,4243,1,,,0,74,,4244,1,,,0,34,,4235,1,,,0,74,,4245,1,,,0,34,,4246,1,,,0,75,,4247,1,,,0,34,,4248,1,,,0,80,,4249,1,,,0,75,,4250,1,,,0,35,,4251,1,,,0,80,,4252,1,,,0,76,,4253,1,,,0,34,,4254,1,,,0,79,,4255,1,,,0,37,,4256,1,,,0,76,,4258,1,,,0,76,,4257,1,,,0,30,,4259,1,,,0,101,,4260,1,,,0,104,,4261,1,,,0,103,,4262,1,,,0
300,'4532',558,,4287,1,,,0,90,,4286,1,,,0,98,,4288,1,,,0,87,,4263,1,,,0,67,,4264,1,,,0,40,,4265,1,,,0,75,,4267,1,,,0,29,,4268,1,,,0,75,,4269,1,,,0,35,,4266,1,,,0,73,,4270,1,,,0,79,,4271,1,,,0,35,,4272,1,,,0,75,,4273,1,,,0,41,,4274,1,,,0,75,,4275,1,,,0,71,,4276,1,,,0,36,,4277,1,,,0,76,,4278,1,,,0,36,,4279,1,,,0,86,,4280,1,,,0,75,,4281,1,,,0,36,,4282,1,,,0,90,,4283,1,,,0,102,,4284,1,,,0,101,,4285,1,,,0
300,'5221',627,,4289,1,,,0,95,,4290,1,,,0,88,,4303,1,,,0,92,,4292,1,,,0,50,,4293,1,,,0,97,,4294,1,,,0,94,,4291,1,,,0,99,,4295,1,,,0,101,,4296,1,,,0,100,,4297,1,,,0,100,,4298,1,,,0,104,,4299,1,,,0,100,,4300,1,,,0,96,,4301,1,,,0,100,,4302,1,,,0
301,'4528',608,,4305,42,4,,0,43,,4306,42,4,,0,76,,4307,42,4,,0,75,,4308,42,4,,0,35,,4309,42,4,,0,74,,4310,42,4,,0,36,,4311,42,4,,0,76,,4312,42,4,,0,77,,4304,42,4,,0,36,,4313,42,4,,0,76,,4314,42,4,,0,35,,4315,42,4,,0,76,,4316,42,4,,0,35,,4317,42,4,,0,77,,4318,42,4,,0,80,,4319,42,4,,0,35,,4320,42,4,,0,74,,4321,42,4,,0,80,,4322,42,4,,0,35,,4323,42,4,,0,70,,4324,42,4,,0,35,,4325,42,4,,0,74,,4326,42,4,,0,33,,4327,42,4,,0,75,,4328,42,4,,0,29,,4329,42,4,,0,98,,4330,42,4,,0,100,,4331,42,4,,0
301,'4532',611,,4358,42,4,,0,95,,4357,42,4,,0,52,,4356,42,4,,0,101,,4359,42,4,,0,92,,4333,42,4,,0,73,,4334,42,4,,0,80,,4335,42,4,,0,37,,4336,42,4,,0,70,,4337,42,4,,0,35,,4338,42,4,,0,75,,4339,42,4,,0,35,,4340,42,4,,0,80,,4341,42,4,,0,77,,4342,42,4,,0,35,,4343,42,4,,0,80,,4344,42,4,,0,75,,4345,42,4,,0,28,,4346,42,4,,0,75,,4347,42,4,,0,34,,4348,42,4,,0,73,,4349,42,4,,0,43,,4350,42,4,,0,75,,4351,42,4,,0,75,,4352,42,4,,0,48,,4353,42,4,,0,99,,4354,42,4,,0
301,'5221',635,,4363,42,4,,0,102,,4364,42,4,,0,96,,4366,42,4,,0,92,,4375,42,4,,0,96,,4361,42,4,,0,90,,4367,42,4,,0,102,,4368,42,4,,0,96,,4365,42,4,,0,101,,4369,42,4,,0,102,,4370,42,4,,0,100,,4371,42,4,,0,97,,4372,42,4,,0,104,,4373,42,4,,0,95,,4374,42,4,,0,93,,4360,42,4,,0
500,'4528',608,,4425,1,,,0,43,,4426,1,,,0,76,,4427,1,,,0,75,,4428,1,,,0,35,,4429,1,,,0,74,,4430,1,,,0,36,,4431,1,,,0,76,,4432,1,,,0,77,,4433,1,,,0,36,,4434,1,,,0,76,,4435,1,,,0,35,,4436,1,,,0,76,,4437,1,,,0,35,,4438,1,,,0,77,,4439,1,,,0,80,,4440,1,,,0,35,,4441,1,,,0,74,,4442,1,,,0,80,,4443,1,,,0,35,,4444,1,,,0,70,,4445,1,,,0,35,,4446,1,,,0,74,,4447,1,,,0,33,,4448,1,,,0,75,,4449,1,,,0,29,,4450,1,,,0,98,,4451,1,,,0,100,,4452,1,,,0
500,'4532',611,,4477,1,,,0,95,,4476,1,,,0,52,,4475,1,,,0,101,,4478,1,,,0,92,,4453,1,,,0,73,,4454,1,,,0,80,,4455,1,,,0,37,,4456,1,,,0,70,,4458,1,,,0,35,,4459,1,,,0,75,,4460,1,,,0,35,,4457,1,,,0,80,,4461,1,,,0,77,,4462,1,,,0,35,,4463,1,,,0,80,,4464,1,,,0,75,,4465,1,,,0,28,,4466,1,,,0,75,,4467,1,,,0,34,,4468,1,,,0,73,,4469,1,,,0,43,,4470,1,,,0,75,,4471,1,,,0,75,,4472,1,,,0,48,,4473,1,,,0,99,,4474,1,,,0
500,'5221',635,,4479,1,,,0,102,,4480,1,,,0,96,,4481,1,,,0,92,,4493,1,,,0,96,,4482,1,,,0,90,,4483,1,,,0,102,,4485,1,,,0,96,,4486,1,,,0,101,,4487,1,,,0,102,,4484,1,,,0,100,,4488,1,,,0,97,,4489,1,,,0,104,,4490,1,,,0,95,,4491,1,,,0,93,,4492,1,,,0
501,'4528',613,,4494,21,4,,0,30,,4495,21,4,,0,74,,4496,21,4,,0,32,,4497,21,4,,0,75,,4498,21,4,,0,34,,4500,21,4,,0,74,,4499,21,4,,0,74,,4501,21,4,,0,34,,4502,21,4,,0,74,,4503,21,4,,0,34,,4504,21,4,,0,75,,4505,21,4,,0,34,,4506,21,4,,0,80,,4507,21,4,,0,75,,4508,21,4,,0,35,,4509,21,4,,0,80,,4510,21,4,,0,76,,4511,21,4,,0,34,,4512,21,4,,0,79,,4513,21,4,,0,37,,4514,21,4,,0,76,,4515,21,4,,0,76,,4516,21,4,,0,30,,4517,21,4,,0,101,,4518,21,4,,0,104,,4519,21,4,,0,103,,4520,21,4,,0
501,'4532',648,,4544,21,4,,0,98,,4545,21,4,,0,87,,4523,21,4,,0,67,,4524,21,4,,0,40,,4521,21,4,,0,75,,4522,21,4,,0,29,,4525,21,4,,0,75,,4526,21,4,,0,35,,4527,21,4,,0,73,,4528,21,4,,0,79,,4529,21,4,,0,35,,4530,21,4,,0,75,,4531,21,4,,0,41,,4532,21,4,,0,75,,4533,21,4,,0,71,,4534,21,4,,0,36,,4535,21,4,,0,76,,4536,21,4,,0,36,,4537,21,4,,0,86,,4538,21,4,,0,75,,4539,21,4,,0,36,,4541,21,4,,0,90,,4542,21,4,,0,102,,4543,21,4,,0,101,,4540,21,4,,0
501,'5221',627,,4547,21,4,,0,95,,4546,21,4,,0,88,,4560,21,4,,0,92,,4548,21,4,,0,50,,4549,21,4,,0,97,,4550,21,4,,0,94,,4551,21,4,,0,99,,4552,21,4,,0,101,,4554,21,4,,0,100,,4555,21,4,,0,100,,4556,21,4,,0,104,,4553,21,4,,0,100,,4557,21,4,,0,96,,4558,21,4,,0,100,,4559,21,4,,0
