601,'4528',612,,4571,48,4,,0,40,,4572,48,4,,0,78,,4574,48,4,,0,79,,4575,48,4,,0,40,,4576,48,4,,0,85,,4573,48,4,,0,75,,4577,48,4,,0,117,,4578,48,4,,0,121,,4579,48,4,,0,165,,4580,48,4,,0,44,,4581,48,4,,0,87,,4563,48,4,,0,89,,4564,48,4,,0,83,,4565,48,4,,0,36,,4567,48,4,,0,84,,4568,48,4,,0,80,,4569,48,4,,0,101,,4566,48,4,,0,109,,4570,48,4,,0,113,,4561,48,4,,0,107,,4562,48,4,,0
601,'4532',615,,4584,48,4,,0,100,,4585,48,4,,0,103,,4583,48,4,,0,97,,4586,48,4,,0,102,,4587,48,4,,0,100,,4588,48,4,,0,96,,4589,48,4,,0,102,,4590,48,4,,0,100,,4591,48,4,,0,99,,4592,48,4,,0,99,,4593,48,4,,0,99,,4594,48,4,,0,105,,4595,48,4,,0,103,,4596,48,4,,0,95,,4597,48,4,,0,107,,4598,48,4,,0,114,,4599,48,4,,0,110,,4582,48,4,,0
601,'5221',610,,4600,48,4,,0,111,,4601,48,4,,0,108,,4602,48,4,,0,105,,4603,48,4,,0,86,,4605,48,4,,0,103,,4606,48,4,,0,90,,4607,48,4,,0,101,,4604,48,4,,0,100,,4608,48,4,,0,100,,4609,48,4,,0,100,,4610,48,4,,0,98,,4611,48,4,,0,104,,4612,48,4,,0,119,,4613,48,4,,0,109,,4614,48,4,,0
1701,'4528',652,,4730,41,4,,0,77,,4731,41,4,,0,92,,4732,41,4,,0,730,,4726,41,4,,0,88,,4727,41,4,,0,84,,4728,41,4,,0,79,,4729,41,4,,0,44,,4725,41,4,,0
2100,'4528',657,,4744,32,4,,0,88,,4740,32,4,,0,84,,4741,32,4,,0,98,,4742,32,4,,0,85,,4743,32,4,,0,33,,4745,32,4,,0,99,,4739,32,4,,0,166,,4737,32,4,,0,132,,4738,32,4,,0,281,,4736,32,4,,0,84,,4734,32,4,,0,102,,4735,32,4,,0,120,,4733,32,4,,0
2100,'4532',822,,4753,32,4,,0,135,,4755,32,4,,0,180,,4754,32,4,,0,183,,4749,32,4,,0,118,,4750,32,4,,0,103,,4751,32,4,,0,98,,4752,32,4,,0,98,,4747,32,4,,0,175,,4748,32,4,,0,132,,4746,32,4,,0
2100,'5221',900,,4763,32,4,,0,100,,4764,32,4,,0,136,,4756,32,4,,0,172,,4758,32,4,,0,134,,4757,32,4,,0,172,,4759,32,4,,0,129,,4760,32,4,,0,169,,4761,32,4,,0,129,,4762,32,4,,0
3101,'4528',645,,4827,19,4,,0,84,,4828,19,4,,0,72,,4830,19,4,,0,31,,4831,19,4,,0,74,,4829,19,4,,0,47,,4833,19,4,,0,106,,4834,19,4,,0,150,,4835,19,4,,0,111,,4832,19,4,,0,115,,4836,19,4,,0,116,,4837,19,4,,0,81,,4839,19,4,,0,74,,4840,19,4,,0,36,,4841,19,4,,0,72,,4838,19,4,,0,30,,4842,19,4,,0,58,,4843,19,4,,0
3101,'4532',819,,4847,19,4,,0,104,,4846,19,4,,0,103,,4844,19,4,,0,112,,4851,19,4,,0,110,,4852,19,4,,0,110,,4845,19,4,,0,156,,4850,19,4,,0,115,,4848,19,4,,0,109,,4849,19,4,,0,108,,4853,19,4,,0
3101,'5221',819,,4860,19,4,,0,209,,4857,19,4,,0,220,,4854,19,4,,0,110,,4858,19,4,,0,154,,4856,19,4,,0,115,,4859,19,4,,0,109,,4855,19,4,,0
74700,'5328',1020,,5937,5,4,,0,25,,5933,5,4,,0,55,,5932,5,4,,0,40,,5936,5,4,,0,65,,5934,5,4,,0,25,,5939,5,4,,0,25,,5935,5,4,,0,90,,5940,5,4,,0,176,,5938,5,4,,0,25,,5942,5,4,,0,65,,5941,5,4,,0,25,,5944,5,4,,0,65,,5943,5,4,,0,25,,5945,5,4,,0
74700,'5360',1020,,5958,5,4,,0,25,,5953,5,4,,0,55,,5947,5,4,,0,40,,5957,5,4,,0,65,,5955,5,4,,0,25,,5956,5,4,,0,25,,5954,5,4,,0,90,,5959,5,4,,0,176,,5946,5,4,,0,25,,5948,5,4,,0,65,,5950,5,4,,0,25,,5951,5,4,,0,65,,5949,5,4,,0,25,,5952,5,4,,0
1002100,'4528',1546,,6120,37,4,,0,80,,6121,37,4,,0
1003101,'4528',716,,6169,22,4,,0,32,,6170,22,4,,0,70,,6171,22,4,,0,34,,6172,22,4,,0,73,,6173,22,4,,0,102,,6174,22,4,,0,109,,6175,22,4,,0,110,,6176,22,4,,0,111,,6177,22,4,,0,157,,6178,22,4,,0,101,,6179,22,4,,0,36,,6180,22,4,,0,75,,6181,22,4,,0,74,,6182,22,4,,0,31,,6183,22,4,,0,90,,6184,22,4,,0,90,,6185,22,4,,0,122,,6186,22,4,,0,109,,6187,22,4,,0
1003101,'4532',853,,6193,22,4,,0,105,,6199,22,4,,0,146,,6188,22,4,,0,111,,6189,22,4,,0,110,,6190,22,4,,0,111,,6192,22,4,,0,115,,6197,22,4,,0,154,,6195,22,4,,0,109,,6194,22,4,,0,109,,6191,22,4,,0,115,,6196,22,4,,0,100,,6198,22,4,,0
1003101,'5221',924,,6207,22,4,,0,215,,6206,22,4,,0,75,,6200,22,4,,0,110,,6202,22,4,,0,110,,6203,22,4,,0,114,,6204,22,4,,0,155,,6205,22,4,,0,110,,6201,22,4,,0,109,,6208,22,4,,0,115,,6209,22,4,,0,98,,6210,22,4,,0
