301,'4944',610,,562,,,0,95,,561,,,0,52,,560,,,0,101,,563,,,0,92,,537,,,0,73,,538,,,0,80,,539,,,0,37,,540,,,0,70,,541,,,0,35,,542,,,0,75,,543,,,0,35,,544,,,0,80,,545,,,0,77,,546,,,0,35,,547,,,0,80,,548,,,0,75,,549,,,0,28,,550,,,0,75,,551,,,0,34,,552,,,0,73,,553,,,0,43,,554,,,0,75,,555,,,0,75,,556,,,0,48,,557,,,0,99,,558,,,0
301,'4946',634,,495,,,0,102,,496,,,0,96,,497,,,0,92,,507,,,0,96,,493,,,0,90,,498,,,0,102,,499,,,0,96,,500,,,0,101,,501,,,0,102,,502,,,0,100,,503,,,0,97,,504,,,0,104,,505,,,0,95,,506,,,0,93,,492,,,0
301,'4955',607,,1908,,,0,43,,1909,,,0,76,,1910,,,0,75,,1911,,,0,36,,1912,,,0,75,,1913,,,0,33,,1914,,,0,76,,1915,,,0,36,,1907,,,0,76,,1916,,,0,76,,1917,,,0,35,,1918,,,0,75,,1919,,,0,37,,1920,,,0,77,,1921,,,0,81,,1922,,,0,34,,1923,,,0,73,,1924,,,0,80,,1925,,,0,34,,1926,,,0,72,,1927,,,0,34,,1928,,,0,74,,1929,,,0,33,,1930,,,0,75,,1931,,,0,30,,1932,,,0,99,,1933,,,0,99,,1934,,,0
301,'4957',610,,1961,,,0,95,,1960,,,0,52,,1959,,,0,101,,1962,,,0,92,,1936,,,0,73,,1937,,,0,80,,1938,,,0,37,,1939,,,0,70,,1940,,,0,35,,1941,,,0,75,,1942,,,0,35,,1943,,,0,80,,1944,,,0,77,,1945,,,0,35,,1946,,,0,80,,1947,,,0,75,,1948,,,0,28,,1949,,,0,75,,1950,,,0,34,,1951,,,0,73,,1952,,,0,43,,1953,,,0,75,,1954,,,0,75,,1955,,,0,48,,1956,,,0,99,,1957,,,0
301,'4958',634,,1966,,,0,102,,1967,,,0,96,,1968,,,0,92,,1978,,,0,96,,1964,,,0,90,,1969,,,0,102,,1970,,,0,96,,1971,,,0,101,,1972,,,0,102,,1973,,,0,100,,1974,,,0,97,,1975,,,0,104,,1976,,,0,95,,1977,,,0,93,,1963,,,0
501,'4944',647,,748,,,0,98,,749,,,0,87,,726,,,0,27,,727,,,0,80,,728,,,0,75,,725,,,0,29,,729,,,0,75,,730,,,0,35,,731,,,0,73,,732,,,0,79,,733,,,0,35,,734,,,0,75,,735,,,0,41,,736,,,0,75,,737,,,0,71,,738,,,0,36,,739,,,0,76,,740,,,0,36,,741,,,0,86,,742,,,0,75,,743,,,0,36,,745,,,0,90,,746,,,0,102,,747,,,0,101,,744,,,0
501,'4946',626,,684,,,0,95,,683,,,0,88,,697,,,0,92,,685,,,0,50,,686,,,0,97,,687,,,0,94,,688,,,0,99,,689,,,0,101,,690,,,0,100,,691,,,0,100,,692,,,0,104,,693,,,0,100,,694,,,0,96,,695,,,0,100,,696,,,0
501,'4955',612,,2098,,,0,28,,2099,,,0,74,,2100,,,0,32,,2101,,,0,74,,2102,,,0,35,,2104,,,0,76,,2103,,,0,74,,2105,,,0,35,,2106,,,0,74,,2107,,,0,34,,2108,,,0,75,,2109,,,0,35,,2110,,,0,80,,2111,,,0,72,,2112,,,0,36,,2113,,,0,81,,2114,,,0,75,,2115,,,0,35,,2116,,,0,77,,2117,,,0,38,,2118,,,0,76,,2119,,,0,76,,2120,,,0,30,,2121,,,0,103,,2122,,,0,101,,2123,,,0,105,,2124,,,0
501,'4957',647,,2148,,,0,98,,2149,,,0,87,,2126,,,0,27,,2127,,,0,80,,2128,,,0,75,,2125,,,0,29,,2129,,,0,75,,2130,,,0,35,,2131,,,0,73,,2132,,,0,79,,2133,,,0,35,,2134,,,0,75,,2135,,,0,41,,2136,,,0,75,,2137,,,0,71,,2138,,,0,36,,2139,,,0,76,,2140,,,0,36,,2141,,,0,86,,2142,,,0,75,,2143,,,0,36,,2145,,,0,90,,2146,,,0,102,,2147,,,0,101,,2144,,,0
501,'4958',626,,2151,,,0,95,,2150,,,0,88,,2164,,,0,92,,2152,,,0,50,,2153,,,0,97,,2154,,,0,94,,2155,,,0,99,,2156,,,0,101,,2157,,,0,100,,2158,,,0,100,,2159,,,0,104,,2160,,,0,100,,2161,,,0,96,,2162,,,0,100,,2163,,,0
2400,'4955',1441,,2404,0,15 16 11 12,0
