101,'4528',549,,3923,20,,,0,67,,3924,20,,,0,31,,3925,20,,,0,70,,3926,20,,,0,22,,3922,20,,,0,15,,3927,20,,,0,56,,3928,20,,,0,21,,3929,20,,,0,21,,3930,20,,,0,62,,3931,20,,,0,21,,3932,20,,,0,21,,3933,20,,,0,61,,3934,20,,,0,22,,3935,20,,,0,61,,3936,20,,,0,22,,3937,20,,,0,23,,3938,20,,,0,61,,3939,20,,,0,21,,3940,20,,,0,23,,3941,20,,,0,66,,3942,20,,,0,26,,3943,20,,,0,60,,3944,20,,,0,24,,3945,20,,,0,18,,3946,20,,,0,15,,3947,20,,,0,56,,3948,20,,,0,15,,3949,20,,,0,15,,3950,20,,,0,55,,3951,20,,,0,15,,3952,20,,,0,15,,3953,20,,,0,15,,3954,20,,,0,14,,3955,20,,,0,55,,3956,20,,,0,15,,3957,20,,,0,12,,3958,20,,,0,13,,3959,20,,,0,61,,3960,20,,,0,20,,3961,20,,,0,20,,3962,20,,,0,60,,3970,20,,,0,29,,3963,20,,,0,65,,3964,20,,,0,26,,3965,20,,,0,24,,3971,20,,,0,63,,3966,20,,,0,30,,3967,20,,,0,75,,3968,20,,,0,32,,3969,20,,,0
101,'5015',624,,3973,20,,,0,35,,3972,20,,,0,70,,3974,20,,,0,72,,3975,20,,,0,29,,3976,20,,,0,75,,3977,20,,,0,42,,3978,20,,,0,74,,3979,20,,,0,32,,3980,20,,,0,69,,3981,20,,,0,29,,3982,20,,,0,67,,3983,20,,,0,28,,3984,20,,,0,70,,3985,20,,,0,30,,3986,20,,,0,70,,3987,20,,,0,30,,3988,20,,,0,70,,3989,20,,,0,31,,3990,20,,,0,70,,3991,20,,,0,30,,3992,20,,,0,69,,3993,20,,,0,28,,3994,20,,,0,69,,3995,20,,,0,38,,3996,20,,,0,79,,3997,20,,,0,78,,3998,20,,,0,35,,3999,20,,,0,75,,4000,20,,,0,35,,4001,20,,,0,72,,4003,20,,,0,75,,4002,20,,,0
101,'5221',624,,4004,20,,,0,80,,4005,20,,,0,45,,4006,20,,,0,80,,4007,20,,,0,80,,4008,20,,,0,37,,4009,20,,,0,94,,4010,20,,,0,88,,4011,20,,,0,85,,4012,20,,,0,40,,4013,20,,,0,80,,4014,20,,,0,79,,4015,20,,,0,40,,4016,20,,,0,80,,4017,20,,,0,80,,4018,20,,,0,40,,4019,20,,,0,81,,4020,20,,,0,81,,4021,20,,,0,42,,4022,20,,,0,80,,4023,20,,,0,81,,4024,20,,,0,42,,4025,20,,,0
201,'4528',514,,4130,21,,,0,35,,4131,21,,,0,78,,4132,21,,,0,75,,4133,21,,,0,18,,4134,21,,,0,16,,4135,21,,,0,17,,4136,21,,,0,55,,4137,21,,,0,16,,4138,21,,,0,18,,4139,21,,,0,16,,4140,21,,,0,59,,4141,21,,,0,19,,4142,21,,,0,19,,4143,21,,,0,62,,4144,21,,,0,22,,4145,21,,,0,65,,4146,21,,,0,24,,4147,21,,,0,21,,4148,21,,,0,62,,4149,21,,,0,23,,4150,21,,,0,23,,4151,21,,,0,62,,4152,21,,,0,22,,4153,21,,,0,62,,4154,21,,,0,25,,4155,21,,,0,16,,4156,21,,,0,15,,4157,21,,,0,54,,4158,21,,,0,15,,4159,21,,,0,15,,4160,21,,,0,15,,4161,21,,,0,54,,4163,21,,,0,14,,4162,21,,,0,14,,4164,21,,,0,15,,4165,21,,,0,55,,4166,21,,,0,17,,4167,21,,,0,22,,4168,21,,,0,60,,4169,21,,,0,25,,4170,21,,,0,23,,4178,21,,,0,64,,4171,21,,,0,26,,4172,21,,,0,65,,4173,21,,,0,25,,4179,21,,,0,65,,4174,21,,,0,28,,4175,21,,,0,72,,4176,21,,,0,33,,4177,21,,,0
201,'5015',601,,4181,21,,,0,31,,4182,21,,,0,68,,4183,21,,,0,35,,4184,21,,,0,75,,4185,21,,,0,35,,4180,21,,,0,71,,4186,21,,,0,34,,4187,21,,,0,77,,4188,21,,,0,30,,4189,21,,,0,70,,4190,21,,,0,29,,4191,21,,,0,70,,4193,21,,,0,28,,4194,21,,,0,69,,4195,21,,,0,29,,4192,21,,,0,70,,4196,21,,,0,30,,4197,21,,,0,70,,4198,21,,,0,31,,4199,21,,,0,70,,4200,21,,,0,26,,4201,21,,,0,70,,4202,21,,,0,30,,4204,21,,,0,76,,4205,21,,,0,76,,4206,21,,,0,36,,4203,21,,,0,76,,4207,21,,,0,37,,4209,21,,,0,75,,4208,21,,,0,75,,4210,21,,,0,36,,4211,21,,,0
201,'5221',617,,4212,21,,,0,40,,4213,21,,,0,79,,4214,21,,,0,80,,4215,21,,,0,87,,4216,21,,,0,46,,4217,21,,,0,79,,4218,21,,,0,82,,4219,21,,,0,37,,4232,21,,,0,80,,4220,21,,,0,79,,4221,21,,,0,38,,4222,21,,,0,80,,4223,21,,,0,80,,4224,21,,,0,40,,4225,21,,,0,80,,4226,21,,,0,80,,4227,21,,,0,41,,4229,21,,,0,79,,4228,21,,,0,80,,4230,21,,,0,39,,4231,21,,,0,85,,4234,21,,,0,99,,4233,21,,,0
1701,'4528',626,,4730,2,0,29 23,0,75,,4731,2,0,29 23,0,50,,4732,2,0,29 23,0,766,,4726,2,0,29 23,0,85,,4727,2,0,29 23,0,45,,4728,2,0,29 23,0,85,,4729,2,0,29 23,0,84,,4725,2,0,29 23,0
2101,'4528',601,,4776,2,,,0,43,,4777,2,,,0,165,,4775,2,,,0,98,,4774,2,,,0,32,,4778,2,,,0,98,,4773,2,,,0,122,,4766,2,,,0,170,,4771,2,,,0,91,,4767,2,,,0,81,,4768,2,,,0,107,,4772,2,,,0,49,,4770,2,,,0,149,,4765,2,,,0,122,,4769,2,,,0
2101,'5015',725,,4787,2,,,0,129,,4788,2,,,0,178,,4786,2,,,0,122,,4782,2,,,0,172,,4780,2,,,0,105,,4781,2,,,0,100,,4783,2,,,0,100,,4784,2,,,0,169,,4785,2,,,0,131,,4779,2,,,0
2101,'5221',802,,4797,2,,,0,99,,4789,2,,,0,135,,4790,2,,,0,169,,4791,2,,,0,132,,4792,2,,,0,173,,4793,2,,,0,130,,4794,2,,,0,174,,4795,2,,,0,130,,4796,2,,,0
1002101,'4528',719,,6122,2,,,0
