100,'4729',527,,2,17,,,0,30,,3,17,,,0,72,,1,17,,,0,20,,5,17,,,0,62,,6,17,,,0,21,,4,17,,,0,15,,7,17,,,0,60,,8,17,,,0,17,,9,17,,,0,15,,10,17,,,0,15,,11,17,,,0,57,,13,17,,,0,18,,12,17,,,0,15,,14,17,,,0,60,,15,17,,,0,19,,16,17,,,0,20,,17,17,,,0,62,,18,17,,,0,22,,19,17,,,0,23,,20,17,,,0,67,,22,17,,,0,22,,21,17,,,0,62,,23,17,,,0,24,,24,17,,,0,23,,26,17,,,0,62,,25,17,,,0,23,,27,17,,,0,23,,28,17,,,0,64,,29,17,,,0,16,,30,17,,,0,14,,31,17,,,0,56,,32,17,,,0,14,,33,17,,,0,17,,34,17,,,0,14,,35,17,,,0,55,,36,17,,,0,14,,37,17,,,0,13,,38,17,,,0,14,,39,17,,,0,54,,40,17,,,0,17,,41,17,,,0,19,,42,17,,,0,20,,43,17,,,0,63,,44,17,,,0,23,,51,17,,,0,64,,45,17,,,0,24,,46,17,,,0,24,,47,17,,,0,65,,52,17,,,0,24,,48,17,,,0,68,,49,17,,,0,31,,50,17,,,0
100,'4739',611,,53,17,,,0,32,,54,17,,,0,70,,55,17,,,0,30,,56,17,,,0,75,,57,17,,,0,35,,58,17,,,0,77,,59,17,,,0,72,,60,17,,,0,36,,61,17,,,0,77,,62,17,,,0,31,,63,17,,,0,70,,64,17,,,0,30,,65,17,,,0,71,,66,17,,,0,30,,67,17,,,0,70,,68,17,,,0,30,,69,17,,,0,70,,70,17,,,0,30,,71,17,,,0,70,,72,17,,,0,30,,73,17,,,0,69,,74,17,,,0,24,,75,17,,,0,70,,76,17,,,0,30,,77,17,,,0,75,,78,17,,,0,34,,79,17,,,0,74,,80,17,,,0,35,,81,17,,,0,75,,82,17,,,0,75,,83,17,,,0,34,,84,17,,,0
100,'4958',617,,85,17,,,0,41,,86,17,,,0,80,,87,17,,,0,80,,88,17,,,0,40,,89,17,,,0,90,,90,17,,,0,87,,91,17,,,0,80,,92,17,,,0,44,,93,17,,,0,78,,106,17,,,0,80,,94,17,,,0,40,,95,17,,,0,81,,96,17,,,0,80,,97,17,,,0,40,,98,17,,,0,80,,99,17,,,0,79,,100,17,,,0,40,,101,17,,,0,80,,102,17,,,0,77,,103,17,,,0,39,,104,17,,,0,76,,105,17,,,0,85,,107,17,,,0,95,,108,17,,,0
200,'4729',546,,213,22,,,0,76,,214,22,,,0,27,,215,22,,,0,72,,216,22,,,0,17,,217,22,,,0,15,,218,22,,,0,69,,219,22,,,0,12,,220,22,,,0,15,,221,22,,,0,60,,222,22,,,0,20,,223,22,,,0,22,,224,22,,,0,61,,225,22,,,0,22,,226,22,,,0,22,,227,22,,,0,63,,228,22,,,0,22,,229,22,,,0,62,,230,22,,,0,23,,231,22,,,0,22,,232,22,,,0,61,,233,22,,,0,23,,234,22,,,0,26,,235,22,,,0,68,,236,22,,,0,25,,237,22,,,0,62,,238,22,,,0,16,,239,22,,,0,16,,240,22,,,0,56,,241,22,,,0,14,,242,22,,,0,15,,243,22,,,0,14,,244,22,,,0,15,,245,22,,,0,55,,246,22,,,0,15,,247,22,,,0,15,,248,22,,,0,15,,249,22,,,0,61,,250,22,,,0,15,,251,22,,,0,20,,252,22,,,0,59,,253,22,,,0,20,,254,22,,,0,19,,260,22,,,0,69,,255,22,,,0,24,,256,22,,,0,64,,257,22,,,0,24,,261,22,,,0,23,,258,22,,,0,70,,259,22,,,0
200,'4739',621,,262,22,,,0,35,,263,22,,,0,75,,264,22,,,0,71,,265,22,,,0,33,,266,22,,,0,71,,267,22,,,0,36,,268,22,,,0,84,,269,22,,,0,75,,270,22,,,0,33,,271,22,,,0,70,,272,22,,,0,30,,273,22,,,0,68,,274,22,,,0,30,,275,22,,,0,70,,276,22,,,0,30,,277,22,,,0,70,,278,22,,,0,29,,279,22,,,0,70,,280,22,,,0,30,,282,22,,,0,69,,283,22,,,0,30,,281,22,,,0,28,,284,22,,,0,67,,285,22,,,0,29,,286,22,,,0,76,,287,22,,,0,78,,288,22,,,0,35,,289,22,,,0,75,,290,22,,,0,34,,291,22,,,0,74,,292,22,,,0
200,'4958',620,,293,22,,,0,35,,294,22,,,0,81,,295,22,,,0,86,,296,22,,,0,80,,297,22,,,0,42,,298,22,,,0,82,,299,22,,,0,95,,300,22,,,0,89,,301,22,,,0,46,,302,22,,,0,81,,303,22,,,0,80,,304,22,,,0,40,,305,22,,,0,80,,306,22,,,0,80,,307,22,,,0,40,,308,22,,,0,79,,309,22,,,0,80,,310,22,,,0,39,,311,22,,,0,79,,312,22,,,0,80,,313,22,,,0,40,,315,22,,,0,78,,314,22,,,0
1701,'4729',649,,919,34,,,0,75,,920,34,,,0,96,,921,34,,,0,726,,915,34,,,0,85,,916,34,,,0,85,,917,34,,,0,41,,918,34,,,0,83,,914,34,,,0
2100,'4729',653,,933,25,,,0,87,,929,25,,,0,84,,930,25,,,0,91,,931,25,,,0,85,,932,25,,,0,38,,934,25,,,0,95,,928,25,,,0,168,,926,25,,,0,128,,927,25,,,0,287,,925,25,,,0,84,,923,25,,,0,103,,924,25,,,0,120,,922,25,,,0
2100,'4739',817,,942,25,,,0,132,,944,25,,,0,180,,943,25,,,0,182,,938,25,,,0,115,,939,25,,,0,106,,940,25,,,0,99,,941,25,,,0,100,,936,25,,,0,173,,937,25,,,0,133,,935,25,,,0
2100,'4958',850,,953,25,,,0,105,,945,25,,,0,173,,946,25,,,0,131,,948,25,,,0,170,,947,25,,,0,172,,949,25,,,0,133,,950,25,,,0,168,,951,25,,,0,130,,952,25,,,0
2400,'4729',1445,,989,13,0,15 16 11 12,0
1002100,'4729',1543,,1321,30,,,0,75,,1322,30,,,0
