401,'4528',601,,4393,3,0,27,0,108,,4390,3,0,27,0,17,,4384,3,0,27,0,85,,4385,3,0,27,0,98,,4386,3,0,27,0,100,,4387,3,0,27,0,100,,4388,3,0,27,0,100,,4389,3,0,27,0,100,,4391,3,0,27,0,101,,4392,3,0,27,0,99,,4380,3,0,27,0,102,,4381,3,0,27,0,98,,4382,3,0,27,0,100,,4383,3,0,27,0,100,,4377,3,0,27,0,100,,4378,3,0,27,0,100,,4379,3,0,27,0,122,,4376,3,0,27,0
401,'4532',601,,4406,3,0,27,0,108,,4409,3,0,27,0,100,,4410,3,0,27,0,100,,4394,3,0,27,0,100,,4395,3,0,27,0,100,,4407,3,0,27,0,100,,4405,3,0,27,0,100,,4404,3,0,27,0,100,,4403,3,0,27,0,100,,4399,3,0,27,0,100,,4402,3,0,27,0,100,,4401,3,0,27,0,100,,4400,3,0,27,0,100,,4398,3,0,27,0,100,,4397,3,0,27,0,100,,4396,3,0,27,0,122,,4408,3,0,27,0
401,'5221',601,,4424,3,0,27,0,108,,4411,3,0,27,0,100,,4412,3,0,27,0,100,,4413,3,0,27,0,100,,4414,3,0,27,0,100,,4415,3,0,27,0,100,,4416,3,0,27,0,100,,4417,3,0,27,0,100,,4418,3,0,27,0,100,,4419,3,0,27,0,100,,4420,3,0,27,0,100,,4421,3,0,27,0,100,,4422,3,0,27,0,100,,4423,3,0,27,0
1501,'4528',616,,4714,3,0,18,0,43,,4716,3,0,18,0,159,,4713,3,0,18,0,683,,4715,3,0,18,0,205,,4712,3,0,18,0,50,,4711,3,0,18,0
1501,'4532',921,,4717,3,0,18,0,130,,4718,3,0,18,0,470,,4719,3,0,18,0,130,,4720,3,0,18,0
3100,'4528',730,,4798,10,,,0,71,,4799,10,,,0,33,,4800,10,,,0,102,,4801,10,,,0,107,,4802,10,,,0,110,,4803,10,,,0,149,,4804,10,,,0,114,,4805,10,,,0,98,,4806,10,,,0,39,,4807,10,,,0,73,,4808,10,,,0,76,,4809,10,,,0,36,,4810,10,,,0,75,,4811,10,,,0
3100,'4532',907,,4815,10,,,0,105,,4819,10,,,0,110,,4813,10,,,0,109,,4812,10,,,0,110,,4814,10,,,0,115,,4816,10,,,0,155,,4818,10,,,0,110,,4817,10,,,0
3100,'5221',1013,,4826,10,,,0,109,,4820,10,,,0,109,,4821,10,,,0,110,,4822,10,,,0,115,,4823,10,,,0,156,,4825,10,,,0,110,,4824,10,,,0
1003100,'4528',642,,6127,10,,,0,69,,6128,10,,,0,31,,6129,10,,,0,71,,6130,10,,,0,89,,6131,10,,,0,104,,6132,10,,,0,110,,6133,10,,,0,109,,6134,10,,,0,115,,6135,10,,,0,112,,6136,10,,,0,80,,6137,10,,,0,73,,6124,10,,,0,36,,6125,10,,,0,77,,6123,10,,,0,33,,6126,10,,,0,79,,6138,10,,,0,86,,6139,10,,,0,121,,6140,10,,,0,104,,6141,10,,,0,108,,6142,10,,,0
1003100,'4532',734,,6156,10,,,0,101,,6145,10,,,0,100,,6144,10,,,0,109,,6143,10,,,0,110,,6151,10,,,0,150,,6155,10,,,0,115,,6148,10,,,0,114,,6152,10,,,0,111,,6149,10,,,0,110,,6150,10,,,0,75,,6146,10,,,0,115,,6147,10,,,0,102,,6154,10,,,0,99,,6153,10,,,0
1003100,'5221',733,,6168,10,,,0,102,,6160,10,,,0,102,,6158,10,,,0,107,,6162,10,,,0,110,,6159,10,,,0,150,,6157,10,,,0,114,,6163,10,,,0,115,,6164,10,,,0,111,,6161,10,,,0,181,,6165,10,,,0,120,,6166,10,,,0,104,,6167,10,,,0
24003100,'4528',534,,6214,10,,,0,69,,6211,10,,,0,30,,6212,10,,,0,69,,6213,10,,,0
24003100,'5357',2446,,6215,10,,,0
