300,'4759',544,,1839,4,,,0,70,,1840,4,,,0,29,,1841,4,,,0,74,,1842,4,,,0,33,,1843,4,,,0,74,,1844,4,,,0,34,,1845,4,,,0,76,,1846,4,,,0,74,,1847,4,,,0,35,,1838,4,,,0,75,,1848,4,,,0,34,,1849,4,,,0,75,,1850,4,,,0,75,,1851,4,,,0,40,,1852,4,,,0,71,,1853,4,,,0,36,,1854,4,,,0,81,,1855,4,,,0,76,,1856,4,,,0,33,,1857,4,,,0,79,,1858,4,,,0,37,,1859,4,,,0,77,,1861,4,,,0,76,,1860,4,,,0,30,,1862,4,,,0,101,,1863,4,,,0,102,,1864,4,,,0,104,,1865,4,,,0
300,'4970',628,,1866,4,,,0,95,,1867,4,,,0,88,,1880,4,,,0,93,,1869,4,,,0,50,,1870,4,,,0,97,,1871,4,,,0,95,,1868,4,,,0,99,,1872,4,,,0,101,,1873,4,,,0,100,,1874,4,,,0,100,,1875,4,,,0,104,,1876,4,,,0,99,,1877,4,,,0,96,,1878,4,,,0,100,,1879,4,,,0
300,'5024',559,,1905,4,,,0,90,,1904,4,,,0,98,,1906,4,,,0,87,,1881,4,,,0,68,,1882,4,,,0,40,,1883,4,,,0,75,,1885,4,,,0,29,,1886,4,,,0,75,,1887,4,,,0,35,,1884,4,,,0,73,,1888,4,,,0,80,,1889,4,,,0,35,,1890,4,,,0,75,,1891,4,,,0,81,,1892,4,,,0,35,,1893,4,,,0,70,,1894,4,,,0,36,,1895,4,,,0,76,,1896,4,,,0,36,,1897,4,,,0,86,,1898,4,,,0,75,,1899,4,,,0,36,,1900,4,,,0,90,,1901,4,,,0,102,,1902,4,,,0,101,,1903,4,,,0
500,'4759',610,,2029,4,,,0,43,,2030,4,,,0,77,,2031,4,,,0,75,,2032,4,,,0,35,,2033,4,,,0,75,,2034,4,,,0,35,,2035,4,,,0,75,,2036,4,,,0,75,,2037,4,,,0,36,,2038,4,,,0,76,,2039,4,,,0,37,,2040,4,,,0,75,,2041,4,,,0,76,,2042,4,,,0,36,,2043,4,,,0,83,,2044,4,,,0,32,,2045,4,,,0,76,,2046,4,,,0,81,,2047,4,,,0,35,,2048,4,,,0,72,,2049,4,,,0,30,,2050,4,,,0,74,,2051,4,,,0,33,,2052,4,,,0,75,,2053,4,,,0,29,,2054,4,,,0,99,,2055,4,,,0,99,,2056,4,,,0
500,'4970',636,,2057,4,,,0,103,,2058,4,,,0,96,,2059,4,,,0,92,,2071,4,,,0,96,,2060,4,,,0,90,,2061,4,,,0,102,,2063,4,,,0,96,,2064,4,,,0,101,,2065,4,,,0,102,,2062,4,,,0,100,,2066,4,,,0,97,,2067,4,,,0,104,,2068,4,,,0,95,,2069,4,,,0,93,,2070,4,,,0
500,'5024',612,,2096,4,,,0,95,,2095,4,,,0,52,,2094,4,,,0,142,,2097,4,,,0,52,,2072,4,,,0,73,,2073,4,,,0,80,,2074,4,,,0,37,,2075,4,,,0,70,,2077,4,,,0,35,,2078,4,,,0,75,,2079,4,,,0,35,,2076,4,,,0,80,,2080,4,,,0,77,,2081,4,,,0,35,,2082,4,,,0,80,,2083,4,,,0,75,,2084,4,,,0,28,,2085,4,,,0,75,,2086,4,,,0,34,,2087,4,,,0,73,,2088,4,,,0,43,,2089,4,,,0,75,,2090,4,,,0,75,,2091,4,,,0,48,,2092,4,,,0,99,,2093,4,,,0
1701,'4759',648,,2334,32,,,0,75,,2335,32,,,0,95,,2336,32,,,0,726,,2330,32,,,0,85,,2331,32,,,0,85,,2332,32,,,0,41,,2333,32,,,0,84,,2329,32,,,0
2100,'4759',652,,2348,23,,,0,86,,2344,23,,,0,84,,2345,23,,,0,91,,2346,23,,,0,45,,2347,23,,,0,78,,2349,23,,,0,95,,2343,23,,,0,128,,2341,23,,,0,169,,2342,23,,,0,286,,2340,23,,,0,44,,2338,23,,,0,144,,2339,23,,,0,120,,2337,23,,,0
2100,'4970',853,,2357,23,,,0,100,,2358,23,,,0,173,,2350,23,,,0,131,,2352,23,,,0,170,,2351,23,,,0,177,,2353,23,,,0,128,,2354,23,,,0,169,,2355,23,,,0,130,,2356,23,,,0
2100,'5024',816,,2366,23,,,0,131,,2368,23,,,0,180,,2367,23,,,0,182,,2362,23,,,0,117,,2363,23,,,0,104,,2364,23,,,0,99,,2365,23,,,0,100,,2360,23,,,0,174,,2361,23,,,0,133,,2359,23,,,0
2400,'4759',1444,,2404,11,0,15 16 11 12,0
1002100,'4759',1541,,2736,28,,,0,75,,2737,28,,,0
