200,'4759',552,,1628,32,,,0,76,,1629,32,,,0,27,,1630,32,,,0,72,,1631,32,,,0,19,,1632,32,,,0,55,,1633,32,,,0,28,,1634,32,,,0,12,,1635,32,,,0,15,,1636,32,,,0,60,,1637,32,,,0,21,,1638,32,,,0,22,,1639,32,,,0,61,,1640,32,,,0,23,,1641,32,,,0,62,,1642,32,,,0,23,,1643,32,,,0,22,,1644,32,,,0,62,,1645,32,,,0,23,,1646,32,,,0,22,,1647,32,,,0,61,,1648,32,,,0,23,,1649,32,,,0,66,,1650,32,,,0,29,,1651,32,,,0,65,,1652,32,,,0,22,,1653,32,,,0,16,,1654,32,,,0,15,,1655,32,,,0,56,,1656,32,,,0,14,,1657,32,,,0,15,,1658,32,,,0,14,,1659,32,,,0,55,,1660,32,,,0,15,,1661,32,,,0,15,,1662,32,,,0,14,,1663,32,,,0,55,,1664,32,,,0,21,,1665,32,,,0,14,,1666,32,,,0,60,,1667,32,,,0,19,,1668,32,,,0,20,,1669,32,,,0,59,,1675,32,,,0,28,,1670,32,,,0,24,,1671,32,,,0,64,,1672,32,,,0,24,,1676,32,,,0,63,,1673,32,,,0,30,,1674,32,,,0
200,'4970',625,,1677,32,,,0,75,,1678,32,,,0,41,,1679,32,,,0,86,,1680,32,,,0,81,,1681,32,,,0,43,,1682,32,,,0,82,,1683,32,,,0,96,,1684,32,,,0,89,,1685,32,,,0,86,,1686,32,,,0,41,,1687,32,,,0,80,,1688,32,,,0,80,,1689,32,,,0,40,,1690,32,,,0,80,,1691,32,,,0,80,,1692,32,,,0,38,,1693,32,,,0,80,,1694,32,,,0,79,,1695,32,,,0,39,,1696,32,,,0,79,,1697,32,,,0,80,,1699,32,,,0,38,,1698,32,,,0
200,'5024',626,,1700,32,,,0,75,,1701,32,,,0,35,,1702,32,,,0,72,,1703,32,,,0,33,,1704,32,,,0,71,,1705,32,,,0,37,,1706,32,,,0,84,,1707,32,,,0,76,,1708,32,,,0,33,,1709,32,,,0,70,,1711,32,,,0,30,,1712,32,,,0,68,,1713,32,,,0,30,,1710,32,,,0,70,,1714,32,,,0,30,,1715,32,,,0,70,,1716,32,,,0,29,,1717,32,,,0,70,,1718,32,,,0,30,,1720,32,,,0,69,,1721,32,,,0,29,,1719,32,,,0,68,,1722,32,,,0,27,,1723,32,,,0,69,,1724,32,,,0,35,,1725,32,,,0,78,,1726,32,,,0,35,,1727,32,,,0,75,,1728,32,,,0,34,,1729,32,,,0,73,,1730,32,,,0
501,'4759',605,,2098,4,,,0,26,,2099,4,,,0,74,,2100,4,,,0,32,,2101,4,,,0,73,,2102,4,,,0,35,,2104,4,,,0,77,,2103,4,,,0,34,,2105,4,,,0,75,,2106,4,,,0,73,,2107,4,,,0,34,,2108,4,,,0,75,,2109,4,,,0,35,,2110,4,,,0,79,,2111,4,,,0,30,,2112,4,,,0,73,,2113,4,,,0,84,,2114,4,,,0,37,,2115,4,,,0,73,,2116,4,,,0,79,,2117,4,,,0,39,,2118,4,,,0,77,,2119,4,,,0,36,,2120,4,,,0,71,,2121,4,,,0,102,,2122,4,,,0,102,,2123,4,,,0,106,,2124,4,,,0
501,'4970',619,,2126,4,,,0,95,,2125,4,,,0,87,,2139,4,,,0,52,,2127,4,,,0,90,,2128,4,,,0,96,,2129,4,,,0,94,,2130,4,,,0,99,,2131,4,,,0,100,,2133,4,,,0,100,,2134,4,,,0,100,,2135,4,,,0,104,,2132,4,,,0,100,,2136,4,,,0,97,,2137,4,,,0,100,,2138,4,,,0
501,'5024',640,,2163,4,,,0,98,,2164,4,,,0,86,,2142,4,,,0,27,,2143,4,,,0,80,,2140,4,,,0,74,,2141,4,,,0,29,,2144,4,,,0,75,,2145,4,,,0,35,,2146,4,,,0,73,,2147,4,,,0,38,,2148,4,,,0,75,,2149,4,,,0,75,,2150,4,,,0,41,,2151,4,,,0,75,,2152,4,,,0,31,,2153,4,,,0,76,,2154,4,,,0,76,,2155,4,,,0,36,,2156,4,,,0,86,,2157,4,,,0,76,,2158,4,,,0,36,,2160,4,,,0,91,,2161,4,,,0,102,,2162,4,,,0,101,,2159,4,,,0
900,'5024',1649,,2287,4,0,13 14,0
1201,'4759',704,,2312,4,,,0,39,,2313,4,,,0,86,,2314,4,,,0,77,,2309,4,,,0,115,,2310,4,,,0,119,,2311,4,,,0,164,,2304,4,,,0,126,,2306,4,,,0,171,,2307,4,,,0,42,,2308,4,,,0,85,,2305,4,,,0
2400,'4759',1432,,2404,4,0,15 16 11 12,0
2600,'4759',1428,,2406,4,0,13 14 11 12,0
2601,'4759',716,,2407,4,0,13 14 11 12,0
