401,'4528',628,,4393,47,4,,0,127,,4384,47,4,,0,1502,,4376,47,4,,0
401,'5015',2257,,4408,47,4,,0
401,'5221',626,,4424,47,4,,0
700,'4528',615,,4620,1,0,22 23,0,215,,4621,1,0,22 23,0,200,,4622,1,0,22 23,0,200,,4623,1,0,22 23,0,200,,4618,1,0,22 23,0,200,,4619,1,0,22 23,0,200,,4617,1,0,22 23,0,200,,4615,1,0,22 23,0,270,,4616,1,0,22 23,0
700,'5015',530,,4624,9,0,22 23,0,100,,4625,9,0,22 23,0,200,,4626,9,0,22 23,0,200,,4627,9,0,22 23,0,200,,4628,9,0,22 23,0,200,,4629,9,0,22 23,0,200,,4630,9,0,22 23,0,200,,4631,1,0,22 23,0,200,,4632,9,0,22 23,0,270,,4633,1,0,22 23,0
700,'5221',530,,4641,1,0,22 23,0,100,,4635,1,0,22 23,0,200,,4634,1,0,22 23,0,200,,4636,1,0,22 23,0,200,,4637,1,0,22 23,0,200,,4638,1,0,22 23,0,200,,4639,1,0,22 23,0,200,,4640,1,0,22 23,0
900,'4528',611,,4658,53,4,,0,110,,4647,53,4,,0,96,,4648,53,4,,0,105,,4649,53,4,,0,100,,4650,53,4,,0,101,,4651,53,4,,0,101,,4652,53,4,,0,101,,4653,53,4,,0,100,,4654,53,4,,0,101,,4655,53,4,,0,99,,4656,53,4,,0,100,,4657,53,4,,0,98,,4643,53,4,,0,100,,4644,53,4,,0,98,,4645,53,4,,0,100,,4646,53,4,,0
900,'5015',1521,,4667,53,4,,0,298,,4670,53,4,,0
900,'5221',712,,4676,53,4,,0,100,,4677,53,4,,0,101,,4678,53,4,,0,101,,4675,53,4,,0,106,,4679,53,4,,0,95,,4680,53,4,,0,105,,4681,53,4,,0,100,,4682,53,4,,0,100,,4683,53,4,,0,99,,4684,53,4,,0,100,,4685,53,4,,0,100,,4686,53,4,,0,100,,4687,53,4,,0,95,,4688,53,4,,0
1501,'4528',732,,4716,47,4,,0,124,,4713,47,4,,0,680,,4715,47,4,,0,294,,4711,47,4,,0
1501,'5015',1125,,4718,47,4,,0,600,,4720,47,4,,0
1600,'4528',735,,4724,1,0,24,0,165,,4722,1,0,24,0,29,,4722,39,4,,0,611,,4723,1,0,24,0,71,,4723,39,4,,0,14,,4721,1,0,24,0
1000700,'4528',730,,6102,1,0,24,0,200,,6103,1,0,24,0,200,,6104,1,0,24,0,200,,6096,1,0,24,0,200,,6099,1,0,24,0,70,,6100,1,0,24,0,130,,6101,1,0,24,0,200,,6097,1,0,24,0,200,,6098,1,0,24,0
1000700,'5015',730,,6105,9,0,24,0,200,,6106,9,0,24,0,200,,6107,9,0,24,0,200,,6108,9,0,24,0,200,,6109,1,0,24,0,200,,6110,9,0,24,0,200,,6111,9,0,24,0,200,,6112,9,0,24,0
1000700,'5221',730,,6114,1,0,24,0,200,,6113,1,0,24,0,200,,6115,1,0,24,0,200,,6117,1,0,24,0,200,,6116,1,0,24,0,200,,6118,1,0,24,0,200,,6119,1,0,24,0
