700,'4944',554,,821,,,0,100,,822,,,0,201,,823,,,0,202,,824,,,0,202,,825,,,0,200,,826,,,0,200,,827,,,0,199,,828,,,0,198,,829,,,0,267,,830,,,0
700,'4946',554,,811,,,0,100,,805,,,0,201,,804,,,0,201,,806,,,0,201,,807,,,0,201,,808,,,0,201,,809,,,0,198,,810,,,0
700,'4955',647,,2224,,,0,211,,2225,,,0,200,,2226,,,0,201,,2227,,,0,241,,2222,,,0,200,,2223,,,0,158,,2221,,,0,199,,2219,,,0,266,,2220,,,0
700,'4957',554,,2228,,,0,100,,2229,,,0,201,,2230,,,0,202,,2231,,,0,202,,2232,,,0,200,,2233,,,0,200,,2234,,,0,199,,2235,,,0,198,,2236,,,0,267,,2237,,,0
700,'4958',554,,2245,,,0,100,,2239,,,0,201,,2238,,,0,201,,2240,,,0,201,,2241,,,0,201,,2242,,,0,201,,2243,,,0,198,,2244,,,0
1000700,'4944',757,,1313,0,17 10,0,201,,1314,,,0,242,,1315,0,17 10,0,201,,1316,0,17 10,0,200,,1317,,,0,200,,1318,0,17 10,0,158,,1319,0,17 10,0,197,,1320,,,0
1000700,'4946',757,,1297,0,17 10,0,201,,1296,0,17 10,0,201,,1298,0,17 10,0,200,,1300,0,17 10,0,242,,1299,0,17 10,0,199,,1301,0,17 10,0,158,,1302,,,0
1000700,'4955',800,,2718,0,17 10,0,15,,2717,0,17 10,0,185,,2719,0,17 10,0,201,,2720,0,17 10,0,202,,2711,0,17 10,0,200,,2714,0,17 10,0,30,,2715,0,17 10,0,168,,2716,0,17 10,0,157,,2712,0,17 10,0,199,,2713,0,17 10,0
1000700,'4957',757,,2721,0,17 10,0,201,,2722,,,0,242,,2723,0,17 10,0,201,,2724,0,17 10,0,200,,2725,,,0,200,,2726,0,17 10,0,158,,2727,0,17 10,0,197,,2728,,,0
1000700,'4958',757,,2730,0,17 10,0,201,,2729,0,17 10,0,201,,2731,0,17 10,0,200,,2733,0,17 10,0,242,,2732,0,17 10,0,199,,2734,0,17 10,0,158,,2735,,,0
