100,'4729',530,,2,22,,,0,70,,3,22,,,0,33,,1,22,,,0,20,,5,22,,,0,62,,6,22,,,0,21,,4,22,,,0,15,,7,22,,,0,60,,8,22,,,0,17,,9,22,,,0,15,,10,22,,,0,15,,11,22,,,0,57,,13,22,,,0,18,,12,22,,,0,15,,14,22,,,0,60,,15,22,,,0,19,,16,22,,,0,21,,17,22,,,0,62,,18,22,,,0,22,,19,22,,,0,24,,20,22,,,0,67,,22,22,,,0,22,,21,22,,,0,62,,23,22,,,0,24,,24,22,,,0,23,,26,22,,,0,63,,25,22,,,0,23,,27,22,,,0,63,,28,22,,,0,23,,29,22,,,0,16,,30,22,,,0,14,,31,22,,,0,57,,32,22,,,0,14,,33,22,,,0,17,,34,22,,,0,14,,35,22,,,0,54,,36,22,,,0,14,,37,22,,,0,12,,38,22,,,0,14,,39,22,,,0,53,,40,22,,,0,17,,41,22,,,0,19,,42,22,,,0,60,,43,22,,,0,23,,44,22,,,0,23,,51,22,,,0,64,,45,22,,,0,24,,46,22,,,0,24,,47,22,,,0,65,,52,22,,,0,24,,48,22,,,0,68,,49,22,,,0,30,,50,22,,,0
100,'4739',615,,53,22,,,0,32,,54,22,,,0,70,,55,22,,,0,30,,56,22,,,0,75,,57,22,,,0,35,,58,22,,,0,77,,59,22,,,0,72,,60,22,,,0,38,,61,22,,,0,77,,62,22,,,0,31,,63,22,,,0,70,,64,22,,,0,30,,65,22,,,0,71,,66,22,,,0,30,,67,22,,,0,70,,68,22,,,0,30,,69,22,,,0,70,,70,22,,,0,30,,71,22,,,0,70,,72,22,,,0,30,,73,22,,,0,69,,74,22,,,0,24,,75,22,,,0,69,,76,22,,,0,29,,77,22,,,0,75,,78,22,,,0,34,,79,22,,,0,74,,80,22,,,0,75,,81,22,,,0,35,,82,22,,,0,75,,83,22,,,0,34,,84,22,,,0
100,'4958',620,,85,22,,,0,81,,86,22,,,0,40,,87,22,,,0,81,,88,22,,,0,80,,89,22,,,0,50,,90,22,,,0,87,,91,22,,,0,80,,92,22,,,0,85,,93,22,,,0,38,,106,22,,,0,80,,94,22,,,0,80,,95,22,,,0,41,,96,22,,,0,80,,97,22,,,0,80,,98,22,,,0,40,,99,22,,,0,79,,100,22,,,0,79,,101,22,,,0,40,,102,22,,,0,77,,103,22,,,0,39,,104,22,,,0,76,,105,22,,,0,85,,107,22,,,0,94,,108,22,,,0
200,'4729',550,,213,27,,,0,76,,214,27,,,0,27,,215,27,,,0,72,,216,27,,,0,17,,217,27,,,0,15,,218,27,,,0,69,,219,27,,,0,12,,220,27,,,0,15,,221,27,,,0,60,,222,27,,,0,21,,223,27,,,0,22,,224,27,,,0,61,,225,27,,,0,23,,226,27,,,0,62,,227,27,,,0,23,,228,27,,,0,22,,229,27,,,0,62,,230,27,,,0,23,,231,27,,,0,22,,232,27,,,0,61,,233,27,,,0,23,,234,27,,,0,66,,235,27,,,0,28,,236,27,,,0,25,,237,27,,,0,62,,238,27,,,0,16,,239,27,,,0,16,,240,27,,,0,56,,241,27,,,0,14,,242,27,,,0,15,,243,27,,,0,14,,244,27,,,0,55,,245,27,,,0,15,,246,27,,,0,15,,247,27,,,0,14,,248,27,,,0,55,,249,27,,,0,21,,250,27,,,0,14,,251,27,,,0,20,,252,27,,,0,59,,253,27,,,0,20,,254,27,,,0,19,,260,27,,,0,69,,255,27,,,0,24,,256,27,,,0,64,,257,27,,,0,24,,261,27,,,0,63,,258,27,,,0,30,,259,27,,,0
200,'4739',624,,262,27,,,0,35,,263,27,,,0,75,,264,27,,,0,72,,265,27,,,0,33,,266,27,,,0,71,,267,27,,,0,36,,268,27,,,0,84,,269,27,,,0,76,,270,27,,,0,33,,271,27,,,0,70,,272,27,,,0,30,,273,27,,,0,68,,274,27,,,0,30,,275,27,,,0,70,,276,27,,,0,30,,277,27,,,0,70,,278,27,,,0,29,,279,27,,,0,70,,280,27,,,0,30,,282,27,,,0,69,,283,27,,,0,29,,281,27,,,0,68,,284,27,,,0,27,,285,27,,,0,29,,286,27,,,0,76,,287,27,,,0,78,,288,27,,,0,35,,289,27,,,0,75,,290,27,,,0,34,,291,27,,,0,73,,292,27,,,0
200,'4958',623,,293,27,,,0,35,,294,27,,,0,81,,295,27,,,0,86,,296,27,,,0,81,,297,27,,,0,42,,298,27,,,0,82,,299,27,,,0,96,,300,27,,,0,89,,301,27,,,0,86,,302,27,,,0,41,,303,27,,,0,80,,304,27,,,0,80,,305,27,,,0,40,,306,27,,,0,80,,307,27,,,0,80,,308,27,,,0,38,,309,27,,,0,80,,310,27,,,0,39,,311,27,,,0,79,,312,27,,,0,80,,313,27,,,0,40,,315,27,,,0,78,,314,27,,,0
601,'4729',612,,760,46,,,0,41,,761,46,,,0,79,,763,46,,,0,78,,764,46,,,0,41,,765,46,,,0,82,,762,46,,,0,75,,766,46,,,0,116,,767,46,,,0,121,,768,46,,,0,165,,769,46,,,0,90,,770,46,,,0,42,,752,46,,,0,87,,753,46,,,0,82,,754,46,,,0,39,,756,46,,,0,83,,757,46,,,0,82,,758,46,,,0,100,,755,46,,,0,108,,759,46,,,0,112,,750,46,,,0,109,,751,46,,,0
601,'4739',614,,773,46,,,0,100,,774,46,,,0,103,,772,46,,,0,97,,775,46,,,0,102,,776,46,,,0,100,,777,46,,,0,96,,778,46,,,0,102,,779,46,,,0,100,,780,46,,,0,99,,781,46,,,0,99,,782,46,,,0,99,,783,46,,,0,105,,784,46,,,0,103,,785,46,,,0,95,,786,46,,,0,107,,787,46,,,0,114,,788,46,,,0,110,,771,46,,,0
601,'4958',609,,789,46,,,0,111,,790,46,,,0,108,,791,46,,,0,102,,792,46,,,0,89,,794,46,,,0,103,,795,46,,,0,90,,796,46,,,0,101,,793,46,,,0,100,,797,46,,,0,100,,798,46,,,0,100,,799,46,,,0,98,,800,46,,,0,104,,801,46,,,0,119,,802,46,,,0,109,,803,46,,,0
1701,'4729',652,,919,39,,,0,76,,920,39,,,0,96,,921,39,,,0,728,,915,39,,,0,85,,916,39,,,0,84,,917,39,,,0,81,,918,39,,,0,42,,914,39,,,0
2100,'4729',656,,933,30,,,0,88,,929,30,,,0,84,,930,30,,,0,92,,931,30,,,0,85,,932,30,,,0,38,,934,30,,,0,95,,928,30,,,0,169,,926,30,,,0,128,,927,30,,,0,286,,925,30,,,0,84,,923,30,,,0,102,,924,30,,,0,120,,922,30,,,0
2100,'4739',821,,942,30,,,0,132,,944,30,,,0,181,,943,30,,,0,182,,938,30,,,0,115,,939,30,,,0,106,,940,30,,,0,99,,941,30,,,0,99,,936,30,,,0,173,,937,30,,,0,133,,935,30,,,0
2100,'4958',854,,953,30,,,0,105,,945,30,,,0,173,,946,30,,,0,171,,948,30,,,0,131,,947,30,,,0,171,,949,30,,,0,133,,950,30,,,0,168,,951,30,,,0,130,,952,30,,,0
2201,'4729',815,,987,31,,,0,694,,988,31,,,0
1002100,'4729',1549,,1321,35,,,0,75,,1322,35,,,0
