3201,'4944',813,,1113,,,0,30,,1104,,,0,75,,1124,,,0,32,,1102,,,0,70,,1105,,,0,36,,1111,,,0,75,,1103,,,0,77,,1122,,,0,35,,1107,,,0,75,,1106,,,0,35,,1110,,,0,75,,1108,,,0,80,,1123,,,0,35,,1112,,,0,80,,1109,,,0,35,,1118,,,0,73,,1114,,,0,75,,1125,,,0,34,,1115,,,0,74,,1117,,,0,45,,1116,,,0,69,,1120,,,0,30,,1119,,,0,170,,1121,,,0
3201,'4946',812,,1070,,,0,106,,1069,,,0,104,,1064,,,0,33,,1071,,,0,76,,1058,,,0,76,,1057,,,0,35,,1065,,,0,75,,1056,,,0,35,,1066,,,0,75,,1061,,,0,81,,1067,,,0,35,,1062,,,0,78,,1063,,,0,35,,1060,,,0,74,,1068,,,0,74,,1059,,,0,110,,1072,,,0,115,,1073,,,0
3201,'4955',607,,2472,,,0,30,,2473,,,0,71,,2474,,,0,33,,2471,,,0,70,,2475,,,0,32,,2476,,,0,73,,2477,,,0,30,,2478,,,0,73,,2479,,,0,33,,2480,,,0,76,,2481,,,0,75,,2482,,,0,35,,2483,,,0,75,,2484,,,0,36,,2485,,,0,80,,2486,,,0,77,,2487,,,0,41,,2488,,,0,78,,2489,,,0,75,,2490,,,0,37,,2491,,,0,70,,2492,,,0,31,,2493,,,0,78,,2494,,,0,86,,2495,,,0,26,,2496,,,0,95,,2497,,,0,104,,2498,,,0
3201,'4957',813,,2510,,,0,30,,2501,,,0,75,,2521,,,0,32,,2499,,,0,70,,2502,,,0,36,,2508,,,0,75,,2500,,,0,77,,2519,,,0,35,,2504,,,0,75,,2503,,,0,35,,2507,,,0,75,,2505,,,0,80,,2520,,,0,35,,2509,,,0,80,,2506,,,0,35,,2515,,,0,73,,2511,,,0,75,,2522,,,0,34,,2512,,,0,74,,2514,,,0,45,,2513,,,0,69,,2517,,,0,30,,2516,,,0,170,,2518,,,0
3201,'4958',812,,2537,,,0,106,,2536,,,0,104,,2531,,,0,33,,2538,,,0,76,,2525,,,0,76,,2524,,,0,35,,2532,,,0,75,,2523,,,0,35,,2533,,,0,75,,2528,,,0,81,,2534,,,0,35,,2529,,,0,78,,2530,,,0,35,,2527,,,0,74,,2535,,,0,74,,2526,,,0,110,,2539,,,0,115,,2540,,,0
3900,'4944',907,,1288,0,7 8,0,120,,1289,0,7 8,0,106,,1290,0,7 8,0,175,,1291,0,7 8,0,110,,1293,0,7 8,0,130,,1292,0,7 8,0,104,,1295,0,7 8,0,155,,1294,0,7 8,0
3900,'4946',904,,1274,0,7 8,0,121,,1277,0,7 8,0,105,,1272,0,7 8,0,175,,1271,0,7 8,0,110,,1275,0,7 8,0,130,,1273,0,7 8,0,104,,1278,0,7 8,0,155,,1276,0,7 8,0
3900,'4955',923,,2694,0,7 8,0,98,,2688,0,7 8,0,119,,2689,0,7 8,0,174,,2690,0,7 8,0,131,,2692,0,7 8,0,190,,2693,0,7 8,0,110,,2686,0,7 8,0,159,,2687,0,7 8,0
3900,'4957',907,,2695,0,7 8,0,120,,2696,0,7 8,0,106,,2697,0,7 8,0,175,,2698,0,7 8,0,110,,2700,0,7 8,0,130,,2699,0,7 8,0,104,,2702,0,7 8,0,155,,2701,0,7 8,0
3900,'4958',904,,2706,0,7 8,0,121,,2709,0,7 8,0,105,,2704,0,7 8,0,175,,2703,0,7 8,0,110,,2707,0,7 8,0,130,,2705,0,7 8,0,104,,2710,0,7 8,0,155,,2708,0,7 8,0
