401,'4528',627,,4393,45,,,0,108,,4390,45,,,0,19,,4384,45,,,0,85,,4385,45,,,0,97,,4386,45,,,0,100,,4387,45,,,0,101,,4388,45,,,0,100,,4389,45,,,0,101,,4391,45,,,0,101,,4392,45,,,0,99,,4380,45,,,0,104,,4381,45,,,0,96,,4382,45,,,0,98,,4383,45,,,0,100,,4377,45,,,0,100,,4378,45,,,0,99,,4379,45,,,0,121,,4376,45,,,0
401,'4532',626,,4406,45,,,0,108,,4409,45,,,0,100,,4410,45,,,0,100,,4394,45,,,0,101,,4395,45,,,0,101,,4407,45,,,0,100,,4405,45,,,0,100,,4404,45,,,0,100,,4403,45,,,0,100,,4399,45,,,0,100,,4402,45,,,0,100,,4401,45,,,0,99,,4400,45,,,0,100,,4398,45,,,0,100,,4397,45,,,0,99,,4396,45,,,0,122,,4408,45,,,0
401,'5221',625,,4424,45,,,0,108,,4411,45,,,0,100,,4412,45,,,0,101,,4413,45,,,0,100,,4414,45,,,0,100,,4415,45,,,0,101,,4416,45,,,0,100,,4417,45,,,0,100,,4418,45,,,0,100,,4419,45,,,0,100,,4420,45,,,0,100,,4421,45,,,0,100,,4422,45,,,0,100,,4423,45,,,0
1501,'4528',648,,4714,45,,,0,83,,4716,45,,,0,124,,4713,45,,,0,680,,4715,45,,,0,206,,4712,45,,,0,88,,4711,45,,,0
1501,'4532',953,,4717,45,,,0,171,,4718,45,,,0,429,,4719,45,,,0,171,,4720,45,,,0
3101,'4528',640,,4827,10,,,0,84,,4828,10,,,0,31,,4830,10,,,0,71,,4831,10,,,0,33,,4829,10,,,0,87,,4833,10,,,0,106,,4834,10,,,0,150,,4835,10,,,0,111,,4832,10,,,0,115,,4836,10,,,0,115,,4837,10,,,0,81,,4839,10,,,0,35,,4840,10,,,0,76,,4841,10,,,0,72,,4838,10,,,0,31,,4842,10,,,0,18,,4843,10,,,0
3101,'4532',813,,4847,10,,,0,104,,4846,10,,,0,103,,4844,10,,,0,112,,4851,10,,,0,110,,4852,10,,,0,110,,4845,10,,,0,155,,4850,10,,,0,115,,4848,10,,,0,110,,4849,10,,,0,108,,4853,10,,,0
3101,'5221',814,,4860,10,,,0,208,,4857,10,,,0,220,,4854,10,,,0,110,,4858,10,,,0,154,,4856,10,,,0,115,,4859,10,,,0,109,,4855,10,,,0
1003101,'4528',711,,6169,13,,,0,31,,6170,13,,,0,70,,6171,13,,,0,33,,6172,13,,,0,73,,6173,13,,,0,103,,6174,13,,,0,108,,6175,13,,,0,110,,6176,13,,,0,111,,6177,13,,,0,156,,6178,13,,,0,101,,6179,13,,,0,37,,6180,13,,,0,75,,6181,13,,,0,34,,6182,13,,,0,71,,6183,13,,,0,91,,6184,13,,,0,90,,6185,13,,,0,122,,6186,13,,,0,110,,6187,13,,,0
1003101,'4532',847,,6193,13,,,0,105,,6199,13,,,0,106,,6188,13,,,0,151,,6189,13,,,0,110,,6190,13,,,0,110,,6192,13,,,0,115,,6197,13,,,0,115,,6195,13,,,0,149,,6194,13,,,0,109,,6191,13,,,0,115,,6196,13,,,0,100,,6198,13,,,0
1003101,'5221',919,,6207,13,,,0,214,,6206,13,,,0,75,,6200,13,,,0,110,,6202,13,,,0,110,,6203,13,,,0,114,,6204,13,,,0,115,,6205,13,,,0,150,,6201,13,,,0,109,,6208,13,,,0,115,,6209,13,,,0,99,,6210,13,,,0
