3301,'4944',756,,1175,0,25 26,0,70,,1189,0,25 26,0,33,,1171,0,25 26,0,72,,1173,0,25 26,0,75,,1178,0,25 26,0,35,,1172,0,25 26,0,75,,1191,0,25 26,0,35,,1174,0,25 26,0,75,,1177,0,25 26,0,75,,1185,0,25 26,0,35,,1176,0,25 26,0,75,,1188,0,25 26,0,40,,1180,0,25 26,0,75,,1179,0,25 26,0,75,,1186,0,25 26,0,35,,1183,0,25 26,0,75,,1190,0,25 26,0,35,,1182,0,25 26,0,75,,1184,0,25 26,0,120,,1181,0,25 26,0,100,,1187,0,25 26,0
3301,'4946',826,,1134,0,25 26,0,105,,1139,0,25 26,0,110,,1127,0,25 26,0,75,,1126,0,25 26,0,35,,1132,0,25 26,0,75,,1128,0,25 26,0,75,,1131,0,25 26,0,35,,1135,0,25 26,0,75,,1133,0,25 26,0,40,,1137,0,25 26,0,75,,1130,0,25 26,0,75,,1136,0,25 26,0,35,,1129,0,25 26,0,75,,1138,0,25 26,0,110,,1140,0,25 26,0,120,,1141,0,25 26,0,100,,1142,0,25 26,0
3301,'4955',551,,2541,0,25 26,0,70,,2542,0,25 26,0,30,,2543,0,25 26,0,70,,2544,0,25 26,0,30,,2545,0,25 26,0,72,,2547,0,25 26,0,33,,2567,0,25 26,0,70,,2548,0,25 26,0,32,,2549,0,25 26,0,78,,2546,0,25 26,0,75,,2550,0,25 26,0,35,,2551,0,25 26,0,75,,2552,0,25 26,0,35,,2553,0,25 26,0,75,,2554,0,25 26,0,80,,2555,0,25 26,0,35,,2568,0,25 26,0,81,,2556,0,25 26,0,75,,2557,0,25 26,0,35,,2558,0,25 26,0,76,,2565,0,25 26,0,33,,2559,0,25 26,0,72,,2560,0,25 26,0,38,,2561,0,25 26,0,87,,2562,0,25 26,0,69,,2563,0,25 26,0,27,,2564,0,25 26,0,67,,2566,0,25 26,0
3301,'4957',756,,2573,0,25 26,0,70,,2587,0,25 26,0,33,,2569,0,25 26,0,72,,2571,0,25 26,0,75,,2576,0,25 26,0,35,,2570,0,25 26,0,75,,2589,0,25 26,0,35,,2572,0,25 26,0,75,,2575,0,25 26,0,75,,2583,0,25 26,0,35,,2574,0,25 26,0,75,,2586,0,25 26,0,40,,2578,0,25 26,0,75,,2577,0,25 26,0,75,,2584,0,25 26,0,35,,2581,0,25 26,0,75,,2588,0,25 26,0,35,,2580,0,25 26,0,75,,2582,0,25 26,0,120,,2579,0,25 26,0,100,,2585,0,25 26,0
3301,'4958',826,,2598,0,25 26,0,105,,2603,0,25 26,0,110,,2591,0,25 26,0,75,,2590,0,25 26,0,35,,2596,0,25 26,0,75,,2592,0,25 26,0,75,,2595,0,25 26,0,35,,2599,0,25 26,0,75,,2597,0,25 26,0,40,,2601,0,25 26,0,75,,2594,0,25 26,0,75,,2600,0,25 26,0,35,,2593,0,25 26,0,75,,2602,0,25 26,0,110,,2604,0,25 26,0,120,,2605,0,25 26,0,100,,2606,0,25 26,0
3401,'4944',756,,1250,0,20 21,0,70,,1233,0,20 21,0,33,,1236,0,20 21,0,72,,1240,0,20 21,0,70,,1234,0,20 21,0,35,,1249,0,20 21,0,75,,1238,0,20 21,0,35,,1237,0,20 21,0,75,,1241,0,20 21,0,35,,1239,0,20 21,0,75,,1252,0,20 21,0,75,,1235,0,20 21,0,40,,1246,0,20 21,0,75,,1247,0,20 21,0,80,,1242,0,20 21,0,35,,1251,0,20 21,0,75,,1245,0,20 21,0,35,,1244,0,20 21,0,110,,1243,0,20 21,0,155,,1248,0,20 21,0
3401,'4946',756,,1204,0,20 21,0,180,,1194,0,20 21,0,175,,1196,0,20 21,0,35,,1192,0,20 21,0,75,,1195,0,20 21,0,35,,1193,0,20 21,0,75,,1202,0,20 21,0,75,,1201,0,20 21,0,40,,1197,0,20 21,0,75,,1199,0,20 21,0,80,,1203,0,20 21,0,35,,1200,0,20 21,0,75,,1198,0,20 21,0,195,,1205,0,20 21,0
3401,'4955',551,,2607,0,20 21,0,70,,2608,0,20 21,0,30,,2609,0,20 21,0,70,,2610,0,20 21,0,30,,2611,0,20 21,0,72,,2612,0,20 21,0,33,,2613,0,20 21,0,70,,2614,0,20 21,0,32,,2615,0,20 21,0,73,,2616,0,20 21,0,75,,2617,0,20 21,0,35,,2618,0,20 21,0,75,,2619,0,20 21,0,35,,2620,0,20 21,0,75,,2621,0,20 21,0,80,,2622,0,20 21,0,40,,2623,0,20 21,0,76,,2624,0,20 21,0,80,,2625,0,20 21,0,35,,2626,0,20 21,0,77,,2627,0,20 21,0,32,,2628,0,20 21,0,72,,2629,0,20 21,0,38,,2630,0,20 21,0,87,,2631,0,20 21,0,95,,2632,0,20 21,0,98,,2633,0,20 21,0
3401,'4957',756,,2651,0,20 21,0,70,,2634,0,20 21,0,33,,2637,0,20 21,0,72,,2641,0,20 21,0,70,,2635,0,20 21,0,35,,2650,0,20 21,0,75,,2639,0,20 21,0,35,,2638,0,20 21,0,75,,2642,0,20 21,0,35,,2640,0,20 21,0,75,,2653,0,20 21,0,75,,2636,0,20 21,0,40,,2647,0,20 21,0,75,,2648,0,20 21,0,80,,2643,0,20 21,0,35,,2652,0,20 21,0,75,,2646,0,20 21,0,35,,2645,0,20 21,0,110,,2644,0,20 21,0,155,,2649,0,20 21,0
3401,'4958',756,,2666,0,20 21,0,180,,2656,0,20 21,0,175,,2658,0,20 21,0,35,,2654,0,20 21,0,75,,2657,0,20 21,0,35,,2655,0,20 21,0,75,,2664,0,20 21,0,75,,2663,0,20 21,0,40,,2659,0,20 21,0,75,,2661,0,20 21,0,80,,2665,0,20 21,0,35,,2662,0,20 21,0,75,,2660,0,20 21,0,195,,2667,0,20 21,0
