601,'4327',603,,2186,34,,,0,111,,2187,34,,,0,106,,2188,34,,,0,105,,2189,34,,,0,86,,2191,34,,,0,101,,2192,34,,,0,90,,2193,34,,,0,101,,2190,34,,,0,100,,2194,34,,,0,100,,2195,34,,,0,100,,2196,34,,,0,99,,2197,34,,,0,104,,2198,34,,,0,119,,2199,34,,,0,110,,3676,34,,,0
601,'4332',608,,2203,34,,,0,100,,3677,34,,,0,101,,2202,34,,,0,97,,3678,34,,,0,100,,3679,34,,,0,100,,3680,34,,,0,96,,2208,34,,,0,102,,3681,34,,,0,100,,3682,34,,,0,99,,2211,34,,,0,100,,2212,34,,,0,100,,3683,34,,,0,105,,2214,34,,,0,103,,2215,34,,,0,95,,3684,34,,,0,109,,2217,34,,,0,114,,2218,34,,,0,110,,2201,34,,,0
601,'4480',605,,2175,34,,,0,39,,2176,34,,,0,78,,2178,34,,,0,79,,2179,34,,,0,41,,2180,34,,,0,117,,2181,34,,,0,156,,2182,34,,,0,121,,2183,34,,,0,166,,2184,34,,,0,48,,2185,34,,,0,81,,2167,34,,,0,88,,2168,34,,,0,120,,2171,34,,,0,267,,2170,34,,,0,109,,2174,34,,,0
601,'5232',925,,3690,34,,,0,776,,3687,34,,,0,123,,3688,34,,,0,82,,3689,34,,,0,323,,3685,34,,,0,108,,3686,34,,,0
1701,'4480',631,,2334,8,0,29 23,0,75,,2335,8,0,29 23,0,903,,2331,8,0,29 23,0,45,,2332,8,0,29 23,0,84,,2333,8,0,29 23,0,85,,2329,8,0,29 23,0
1701,'5232',757,,3760,8,0,29 23,0,767,,3759,8,0,29 23,0
2101,'4327',807,,2391,8,,,0,99,,2383,8,,,0,133,,2384,8,,,0,169,,2385,8,,,0,129,,2386,8,,,0,177,,2387,8,,,0,129,,2388,8,,,0,172,,2389,8,,,0,130,,2390,8,,,0
2101,'4332',730,,3765,8,,,0,129,,2401,8,,,0,179,,2399,8,,,0,165,,2395,8,,,0,128,,2393,8,,,0,106,,2394,8,,,0,100,,2396,8,,,0,101,,2397,8,,,0,168,,2398,8,,,0,131,,2392,8,,,0
2101,'4480',605,,2380,8,,,0,302,,2378,8,,,0,132,,2377,8,,,0,165,,2370,8,,,0,127,,2375,8,,,0,104,,2371,8,,,0,74,,2372,8,,,0,106,,2376,8,,,0,89,,2374,8,,,0,108,,2369,8,,,0,122,,2373,8,,,0
2101,'5232',649,,3767,8,,,0,167,,3766,8,,,0,128,,3768,8,,,0
2401,'4480',802,,2405,33,0,15 16 11,0
1002101,'4480',724,,2738,8,,,0
