300,'4528',555,,4236,18,,,0,71,,4237,18,,,0,30,,4238,18,,,0,74,,4239,18,,,0,73,,4240,18,,,0,35,,4241,18,,,0,75,,4242,18,,,0,35,,4243,18,,,0,74,,4244,18,,,0,35,,4235,18,,,0,74,,4245,18,,,0,74,,4246,18,,,0,35,,4247,18,,,0,75,,4248,18,,,0,40,,4249,18,,,0,75,,4250,18,,,0,75,,4251,18,,,0,40,,4252,18,,,0,76,,4253,18,,,0,34,,4254,18,,,0,77,,4255,18,,,0,76,,4256,18,,,0,36,,4258,18,,,0,75,,4257,18,,,0,30,,4259,18,,,0,100,,4260,18,,,0,103,,4261,18,,,0,102,,4262,18,,,0
300,'5015',608,,4287,18,,,0,50,,4286,18,,,0,99,,4288,18,,,0,88,,4263,18,,,0,68,,4264,18,,,0,40,,4265,18,,,0,75,,4267,18,,,0,30,,4268,18,,,0,75,,4269,18,,,0,75,,4266,18,,,0,34,,4270,18,,,0,80,,4271,18,,,0,35,,4272,18,,,0,75,,4273,18,,,0,81,,4274,18,,,0,35,,4275,18,,,0,70,,4276,18,,,0,35,,4277,18,,,0,76,,4278,18,,,0,75,,4279,18,,,0,46,,4280,18,,,0,75,,4281,18,,,0,76,,4282,18,,,0,50,,4283,18,,,0,101,,4284,18,,,0,101,,4285,18,,,0
300,'5221',638,,4289,18,,,0,95,,4290,18,,,0,89,,4303,18,,,0,93,,4292,18,,,0,90,,4293,18,,,0,98,,4294,18,,,0,55,,4291,18,,,0,99,,4295,18,,,0,101,,4296,18,,,0,100,,4297,18,,,0,100,,4298,18,,,0,144,,4299,18,,,0,98,,4300,18,,,0,56,,4301,18,,,0,100,,4302,18,,,0
301,'4528',600,,4305,30,,,0,43,,4306,30,,,0,76,,4307,30,,,0,33,,4308,30,,,0,75,,4309,30,,,0,75,,4310,30,,,0,36,,4311,30,,,0,76,,4312,30,,,0,36,,4304,30,,,0,75,,4313,30,,,0,76,,4314,30,,,0,35,,4315,30,,,0,76,,4316,30,,,0,35,,4317,30,,,0,75,,4318,30,,,0,80,,4319,30,,,0,35,,4320,30,,,0,75,,4321,30,,,0,40,,4322,30,,,0,76,,4323,30,,,0,31,,4324,30,,,0,75,,4325,30,,,0,75,,4326,30,,,0,33,,4327,30,,,0,75,,4328,30,,,0,29,,4329,30,,,0,98,,4330,30,,,0,100,,4331,30,,,0
301,'5015',602,,4358,30,,,0,55,,4357,30,,,0,92,,4356,30,,,0,101,,4359,30,,,0,92,,4333,30,,,0,71,,4334,30,,,0,40,,4335,30,,,0,77,,4336,30,,,0,70,,4337,30,,,0,35,,4338,30,,,0,75,,4339,30,,,0,35,,4340,30,,,0,80,,4341,30,,,0,76,,4342,30,,,0,35,,4343,30,,,0,80,,4344,30,,,0,35,,4345,30,,,0,69,,4346,30,,,0,35,,4347,30,,,0,74,,4348,30,,,0,74,,4349,30,,,0,44,,4350,30,,,0,75,,4351,30,,,0,35,,4352,30,,,0,88,,4353,30,,,0,99,,4354,30,,,0
301,'5221',627,,4363,30,,,0,101,,4364,30,,,0,96,,4366,30,,,0,92,,4375,30,,,0,96,,4361,30,,,0,90,,4367,30,,,0,101,,4368,30,,,0,56,,4365,30,,,0,141,,4369,30,,,0,101,,4370,30,,,0,100,,4371,30,,,0,58,,4372,30,,,0,144,,4373,30,,,0,56,,4374,30,,,0,93,,4360,30,,,0
601,'4528',546,,4571,3,,,0,77,,4572,3,,,0,78,,4574,3,,,0,36,,4575,3,,,0,80,,4576,3,,,0,85,,4573,3,,,0,35,,4577,3,,,0,115,,4578,3,,,0,160,,4579,3,,,0,125,,4580,3,,,0,85,,4581,3,,,0,85,,4563,3,,,0,48,,4564,3,,,0,82,,4565,3,,,0,80,,4567,3,,,0,85,,4568,3,,,0,43,,4569,3,,,0,102,,4566,3,,,0,109,,4570,3,,,0,155,,4561,3,,,0,110,,4562,3,,,0
601,'5015',551,,4584,3,,,0,100,,4585,3,,,0,100,,4583,3,,,0,95,,4586,3,,,0,100,,4587,3,,,0,100,,4588,3,,,0,95,,4589,3,,,0,101,,4590,3,,,0,100,,4591,3,,,0,100,,4592,3,,,0,100,,4593,3,,,0,100,,4594,3,,,0,105,,4595,3,,,0,104,,4596,3,,,0,95,,4597,3,,,0,110,,4598,3,,,0,155,,4599,3,,,0,110,,4582,3,,,0
601,'5221',546,,4600,3,,,0,110,,4601,3,,,0,145,,4602,3,,,0,105,,4603,3,,,0,45,,4605,3,,,0,100,,4606,3,,,0,90,,4607,3,,,0,101,,4604,3,,,0,100,,4608,3,,,0,100,,4609,3,,,0,100,,4610,3,,,0,99,,4611,3,,,0,105,,4612,3,,,0,160,,4613,3,,,0,110,,4614,3,,,0
3100,'4528',727,,4798,3,,,0,30,,4799,3,,,0,73,,4800,3,,,0,102,,4801,3,,,0,107,,4802,3,,,0,110,,4803,3,,,0,109,,4804,3,,,0,154,,4805,3,,,0,98,,4806,3,,,0,39,,4807,3,,,0,73,,4808,3,,,0,36,,4809,3,,,0,76,,4810,3,,,0,75,,4811,3,,,0
3100,'5015',903,,4815,3,,,0,105,,4819,3,,,0,110,,4813,3,,,0,109,,4812,3,,,0,110,,4814,3,,,0,115,,4816,3,,,0,155,,4818,3,,,0,110,,4817,3,,,0
3100,'5221',1009,,4826,3,,,0,109,,4820,3,,,0,109,,4821,3,,,0,110,,4822,3,,,0,115,,4823,3,,,0,156,,4825,3,,,0,110,,4824,3,,,0
1003100,'4528',639,,6127,3,,,0,69,,6128,3,,,0,30,,6129,3,,,0,71,,6130,3,,,0,49,,6131,3,,,0,144,,6132,3,,,0,110,,6133,3,,,0,109,,6134,3,,,0,115,,6135,3,,,0,112,,6136,3,,,0,80,,6137,3,,,0,73,,6124,3,,,0,36,,6125,3,,,0,77,,6123,3,,,0,33,,6126,3,,,0,79,,6138,3,,,0,86,,6139,3,,,0,121,,6140,3,,,0,104,,6141,3,,,0,109,,6142,3,,,0
1003100,'5015',731,,6156,3,,,0,100,,6145,3,,,0,100,,6144,3,,,0,109,,6143,3,,,0,110,,6151,3,,,0,150,,6155,3,,,0,115,,6148,3,,,0,114,,6152,3,,,0,111,,6149,3,,,0,110,,6150,3,,,0,75,,6146,3,,,0,115,,6147,3,,,0,102,,6154,3,,,0,100,,6153,3,,,0
1003100,'5221',729,,6168,3,,,0,102,,6160,3,,,0,102,,6158,3,,,0,107,,6162,3,,,0,110,,6159,3,,,0,150,,6157,3,,,0,114,,6163,3,,,0,115,,6164,3,,,0,111,,6161,3,,,0,181,,6165,3,,,0,120,,6166,3,,,0,104,,6167,3,,,0
24003100,'4528',531,,6214,3,,,0,69,,6211,3,,,0,30,,6212,3,,,0,29,,6213,3,,,0
