700,'4944',536,,821,0,22 23,0,100,,822,0,22 23,0,201,,823,0,22 23,0,201,,824,0,22 23,0,201,,825,0,22 23,0,200,,826,0,22 23,0,200,,827,0,22 23,0,199,,828,0,22 23,0,199,,829,0,22 23,0,269,,830,0,22 23,0
700,'4946',536,,811,0,22 23,0,100,,805,0,22 23,0,201,,804,0,22 23,0,200,,806,0,22 23,0,201,,807,0,22 23,0,200,,808,0,22 23,0,201,,809,0,22 23,0,198,,810,0,22 23,0
700,'4955',627,,2224,0,22 23,0,211,,2225,0,22 23,0,200,,2226,0,22 23,0,200,,2227,0,22 23,0,201,,2222,0,22 23,0,200,,2223,0,22 23,0,199,,2221,0,22 23,0,199,,2219,0,22 23,0,269,,2220,0,22 23,0
700,'4957',536,,2228,0,22 23,0,100,,2229,0,22 23,0,201,,2230,0,22 23,0,201,,2231,0,22 23,0,201,,2232,0,22 23,0,200,,2233,0,22 23,0,200,,2234,0,22 23,0,199,,2235,0,22 23,0,199,,2236,0,22 23,0,269,,2237,0,22 23,0
700,'4958',536,,2245,0,22 23,0,100,,2239,0,22 23,0,201,,2238,0,22 23,0,200,,2240,0,22 23,0,201,,2241,0,22 23,0,200,,2242,0,22 23,0,201,,2243,0,22 23,0,198,,2244,0,22 23,0
1000700,'4944',737,,1313,0,24,0,200,,1314,0,24,0,202,,1315,0,24,0,200,,1316,0,24,0,200,,1317,0,24,0,200,,1318,0,24,0,199,,1319,0,24,0,198,,1320,0,24,0
1000700,'4946',737,,1297,0,24,0,200,,1296,0,24,0,201,,1298,0,24,0,200,,1300,0,24,0,201,,1299,0,24,0,199,,1301,0,24,0,199,,1302,0,24,0
1000700,'4955',737,,2718,0,24,0,15,,2717,0,24,0,186,,2719,0,24,0,200,,2720,0,24,0,201,,2711,0,24,0,200,,2714,0,24,0,70,,2715,0,24,0,130,,2716,0,24,0,198,,2712,0,24,0,200,,2713,0,24,0
1000700,'4957',737,,2721,0,24,0,200,,2722,0,24,0,202,,2723,0,24,0,200,,2724,0,24,0,200,,2725,0,24,0,200,,2726,0,24,0,199,,2727,0,24,0,198,,2728,0,24,0
1000700,'4958',737,,2730,0,24,0,200,,2729,0,24,0,201,,2731,0,24,0,200,,2733,0,24,0,201,,2732,0,24,0,199,,2734,0,24,0,199,,2735,0,24,0
