200,'4729',552,,213,33,,,0,76,,214,33,,,0,28,,215,33,,,0,72,,216,33,,,0,18,,217,33,,,0,55,,218,33,,,0,29,,219,33,,,0,12,,220,33,,,0,15,,221,33,,,0,60,,222,33,,,0,21,,223,33,,,0,62,,224,33,,,0,21,,225,33,,,0,23,,226,33,,,0,62,,227,33,,,0,23,,228,33,,,0,22,,229,33,,,0,62,,230,33,,,0,23,,231,33,,,0,22,,232,33,,,0,61,,233,33,,,0,23,,234,33,,,0,66,,235,33,,,0,28,,236,33,,,0,65,,237,33,,,0,22,,238,33,,,0,16,,239,33,,,0,16,,240,33,,,0,56,,241,33,,,0,14,,242,33,,,0,15,,243,33,,,0,14,,244,33,,,0,55,,245,33,,,0,15,,246,33,,,0,15,,247,33,,,0,14,,248,33,,,0,55,,249,33,,,0,21,,250,33,,,0,14,,251,33,,,0,60,,252,33,,,0,19,,253,33,,,0,20,,254,33,,,0,59,,260,33,,,0,28,,255,33,,,0,23,,256,33,,,0,64,,257,33,,,0,24,,261,33,,,0,63,,258,33,,,0,30,,259,33,,,0
200,'4739',626,,262,33,,,0,75,,263,33,,,0,35,,264,33,,,0,72,,265,33,,,0,33,,266,33,,,0,71,,267,33,,,0,37,,268,33,,,0,84,,269,33,,,0,76,,270,33,,,0,33,,271,33,,,0,71,,272,33,,,0,30,,273,33,,,0,68,,274,33,,,0,30,,275,33,,,0,70,,276,33,,,0,30,,277,33,,,0,70,,278,33,,,0,29,,279,33,,,0,70,,280,33,,,0,30,,282,33,,,0,69,,283,33,,,0,29,,281,33,,,0,68,,284,33,,,0,27,,285,33,,,0,68,,286,33,,,0,35,,287,33,,,0,78,,288,33,,,0,35,,289,33,,,0,75,,290,33,,,0,34,,291,33,,,0,73,,292,33,,,0
200,'4958',625,,293,33,,,0,75,,294,33,,,0,41,,295,33,,,0,86,,296,33,,,0,81,,297,33,,,0,43,,298,33,,,0,82,,299,33,,,0,96,,300,33,,,0,90,,301,33,,,0,86,,302,33,,,0,41,,303,33,,,0,80,,304,33,,,0,80,,305,33,,,0,40,,306,33,,,0,80,,307,33,,,0,80,,308,33,,,0,38,,309,33,,,0,80,,310,33,,,0,79,,311,33,,,0,38,,312,33,,,0,79,,313,33,,,0,80,,315,33,,,0,38,,314,33,,,0
501,'4729',605,,683,5,,,0,26,,684,5,,,0,74,,685,5,,,0,32,,686,5,,,0,73,,687,5,,,0,35,,689,5,,,0,77,,688,5,,,0,34,,690,5,,,0,75,,691,5,,,0,74,,692,5,,,0,33,,693,5,,,0,75,,694,5,,,0,35,,695,5,,,0,79,,696,5,,,0,31,,697,5,,,0,73,,698,5,,,0,85,,699,5,,,0,35,,700,5,,,0,75,,701,5,,,0,77,,702,5,,,0,39,,703,5,,,0,76,,704,5,,,0,36,,705,5,,,0,71,,706,5,,,0,104,,707,5,,,0,101,,708,5,,,0,106,,709,5,,,0
501,'4739',640,,733,5,,,0,98,,734,5,,,0,86,,711,5,,,0,27,,712,5,,,0,80,,713,5,,,0,74,,710,5,,,0,29,,714,5,,,0,75,,715,5,,,0,35,,716,5,,,0,73,,717,5,,,0,38,,718,5,,,0,75,,719,5,,,0,75,,720,5,,,0,41,,721,5,,,0,75,,722,5,,,0,31,,723,5,,,0,76,,724,5,,,0,76,,725,5,,,0,36,,726,5,,,0,86,,727,5,,,0,76,,728,5,,,0,36,,730,5,,,0,91,,731,5,,,0,102,,732,5,,,0,101,,729,5,,,0
501,'4958',619,,736,5,,,0,95,,735,5,,,0,87,,749,5,,,0,52,,737,5,,,0,90,,738,5,,,0,96,,739,5,,,0,94,,740,5,,,0,99,,741,5,,,0,100,,742,5,,,0,100,,743,5,,,0,100,,744,5,,,0,104,,745,5,,,0,100,,746,5,,,0,97,,747,5,,,0,100,,748,5,,,0
900,'4739',1650,,858,5,0,13 14,0
1201,'4729',704,,897,5,,,0,40,,898,5,,,0,86,,899,5,,,0,76,,894,5,,,0,115,,895,5,,,0,119,,896,5,,,0,165,,889,5,,,0,126,,891,5,,,0,171,,892,5,,,0,42,,893,5,,,0,85,,890,5,,,0
2400,'4729',1432,,989,5,0,15 16 11 12,0
2600,'4729',1428,,991,5,0,13 14 11 12,0
2601,'4729',716,,992,5,0,13 14 11 12,0
