100,'4327',621,,1468,25,,,0,81,,1469,25,,,0,40,,1470,25,,,0,81,,1471,25,,,0,80,,1472,25,,,0,50,,1473,25,,,0,88,,1474,25,,,0,80,,1475,25,,,0,85,,1476,25,,,0,38,,1489,25,,,0,80,,1477,25,,,0,80,,1478,25,,,0,41,,1479,25,,,0,80,,1480,25,,,0,80,,1481,25,,,0,40,,1482,25,,,0,79,,1483,25,,,0,79,,1484,25,,,0,40,,1485,25,,,0,77,,1486,25,,,0,38,,1487,25,,,0,76,,1488,25,,,0,85,,1490,25,,,0,94,,1491,25,,,0
100,'4332',616,,1492,25,,,0,32,,1493,25,,,0,70,,1494,25,,,0,30,,1495,25,,,0,75,,1496,25,,,0,36,,1497,25,,,0,77,,1498,25,,,0,72,,1500,25,,,0,38,,1501,25,,,0,77,,1499,25,,,0,31,,1502,25,,,0,70,,1503,25,,,0,30,,1504,25,,,0,71,,1505,25,,,0,30,,1506,25,,,0,70,,1507,25,,,0,30,,1508,25,,,0,70,,1509,25,,,0,30,,1510,25,,,0,70,,1511,25,,,0,30,,1512,25,,,0,69,,1513,25,,,0,24,,1514,25,,,0,69,,1515,25,,,0,29,,1516,25,,,0,75,,1517,25,,,0,34,,1518,25,,,0,74,,1519,25,,,0,75,,1520,25,,,0,34,,1521,25,,,0,75,,1522,25,,,0,34,,1523,25,,,0
100,'4480',531,,1417,25,,,0,70,,1418,25,,,0,33,,1416,25,,,0,20,,1420,25,,,0,62,,1421,25,,,0,21,,1419,25,,,0,15,,1422,25,,,0,61,,1423,25,,,0,17,,1424,25,,,0,15,,1425,25,,,0,55,,1426,25,,,0,17,,1428,25,,,0,18,,1427,25,,,0,15,,1429,25,,,0,60,,1430,25,,,0,19,,1431,25,,,0,21,,1432,25,,,0,62,,1433,25,,,0,22,,1434,25,,,0,24,,1435,25,,,0,67,,1437,25,,,0,22,,1436,25,,,0,62,,1438,25,,,0,24,,1439,25,,,0,23,,1441,25,,,0,63,,1440,25,,,0,23,,1442,25,,,0,63,,1443,25,,,0,23,,1444,25,,,0,16,,1445,25,,,0,14,,1446,25,,,0,57,,1447,25,,,0,14,,1448,25,,,0,17,,1449,25,,,0,54,,1450,25,,,0,14,,1451,25,,,0,14,,1452,25,,,0,12,,1453,25,,,0,14,,1454,25,,,0,53,,1455,25,,,0,17,,1456,25,,,0,19,,1457,25,,,0,60,,1458,25,,,0,23,,1459,25,,,0,23,,1466,25,,,0,64,,1460,25,,,0,23,,1461,25,,,0,64,,1462,25,,,0,25,,1467,25,,,0,24,,1463,25,,,0,68,,1464,25,,,0,30,,1465,25,,,0
200,'4327',624,,1677,30,,,0,35,,1678,30,,,0,81,,1679,30,,,0,86,,1680,30,,,0,81,,1681,30,,,0,43,,1682,30,,,0,82,,1683,30,,,0,96,,1684,30,,,0,89,,1685,30,,,0,86,,1686,30,,,0,41,,1687,30,,,0,80,,1688,30,,,0,80,,1689,30,,,0,40,,1690,30,,,0,80,,1691,30,,,0,80,,1692,30,,,0,38,,1693,30,,,0,80,,1694,30,,,0,79,,1695,30,,,0,39,,1696,30,,,0,79,,1697,30,,,0,40,,1699,30,,,0,78,,1698,30,,,0
200,'4332',625,,1700,30,,,0,75,,1701,30,,,0,35,,1702,30,,,0,72,,1703,30,,,0,33,,1704,30,,,0,71,,1705,30,,,0,37,,1706,30,,,0,84,,1707,30,,,0,76,,1708,30,,,0,33,,1709,30,,,0,70,,1711,30,,,0,30,,1712,30,,,0,68,,1713,30,,,0,30,,1710,30,,,0,70,,1714,30,,,0,30,,1715,30,,,0,70,,1716,30,,,0,29,,1717,30,,,0,70,,1718,30,,,0,30,,1720,30,,,0,69,,1721,30,,,0,29,,1719,30,,,0,68,,1722,30,,,0,27,,1723,30,,,0,69,,1724,30,,,0,35,,1725,30,,,0,78,,1726,30,,,0,35,,1727,30,,,0,75,,1728,30,,,0,34,,1729,30,,,0,73,,1730,30,,,0
200,'4480',551,,1628,30,,,0,76,,1629,30,,,0,27,,1630,30,,,0,72,,1631,30,,,0,18,,1632,30,,,0,15,,1633,30,,,0,69,,1634,30,,,0,12,,1635,30,,,0,15,,1636,30,,,0,60,,1637,30,,,0,21,,1638,30,,,0,22,,1639,30,,,0,61,,1640,30,,,0,23,,1641,30,,,0,62,,1642,30,,,0,23,,1643,30,,,0,22,,1644,30,,,0,62,,1645,30,,,0,23,,1646,30,,,0,22,,1647,30,,,0,61,,1648,30,,,0,23,,1649,30,,,0,66,,1650,30,,,0,28,,1651,30,,,0,25,,1652,30,,,0,62,,1653,30,,,0,16,,1654,30,,,0,16,,1655,30,,,0,56,,1656,30,,,0,14,,1657,30,,,0,15,,1658,30,,,0,14,,1659,30,,,0,55,,1660,30,,,0,15,,1661,30,,,0,15,,1662,30,,,0,14,,1663,30,,,0,55,,1664,30,,,0,21,,1665,30,,,0,14,,1666,30,,,0,60,,1667,30,,,0,19,,1668,30,,,0,20,,1669,30,,,0,19,,1675,30,,,0,68,,1670,30,,,0,24,,1671,30,,,0,64,,1672,30,,,0,24,,1676,30,,,0,63,,1673,30,,,0,30,,1674,30,,,0
501,'4327',618,,2126,2,,,0,95,,2125,2,,,0,87,,2139,2,,,0,52,,2127,2,,,0,90,,2128,2,,,0,96,,2129,2,,,0,94,,2130,2,,,0,99,,2131,2,,,0,100,,2133,2,,,0,100,,2134,2,,,0,100,,2135,2,,,0,104,,2132,2,,,0,100,,2136,2,,,0,97,,2137,2,,,0,100,,2138,2,,,0
501,'4332',639,,2163,2,,,0,98,,2164,2,,,0,86,,2142,2,,,0,27,,2143,2,,,0,80,,2140,2,,,0,74,,2141,2,,,0,29,,2144,2,,,0,75,,2145,2,,,0,35,,2146,2,,,0,73,,2147,2,,,0,38,,2148,2,,,0,75,,2149,2,,,0,75,,2150,2,,,0,41,,2151,2,,,0,75,,2152,2,,,0,31,,2153,2,,,0,76,,2154,2,,,0,76,,2155,2,,,0,36,,2156,2,,,0,86,,2157,2,,,0,76,,2158,2,,,0,36,,2160,2,,,0,91,,2161,2,,,0,102,,2162,2,,,0,101,,2159,2,,,0
501,'4480',604,,2098,2,,,0,26,,2099,2,,,0,74,,2100,2,,,0,32,,2101,2,,,0,73,,2102,2,,,0,35,,2104,2,,,0,77,,2103,2,,,0,34,,2105,2,,,0,75,,2106,2,,,0,73,,2107,2,,,0,34,,2108,2,,,0,75,,2109,2,,,0,35,,2110,2,,,0,79,,2111,2,,,0,30,,2112,2,,,0,72,,2113,2,,,0,85,,2114,2,,,0,37,,2115,2,,,0,73,,2116,2,,,0,79,,2117,2,,,0,39,,2118,2,,,0,77,,2119,2,,,0,36,,2120,2,,,0,71,,2121,2,,,0,102,,2122,2,,,0,102,,2123,2,,,0,106,,2124,2,,,0
700,'4332',525,,2236,2,0,22 23,0,100,,2237,2,0,22 23,0,199,,2238,2,0,22 23,0,200,,2239,2,0,22 23,0,200,,2240,2,0,22 23,0,199,,2241,2,0,22 23,0,200,,2242,2,0,22 23,0,401,,2244,2,0,22 23,0
900,'4332',1648,,2287,2,0,13 14,0
1201,'4480',703,,2312,2,,,0,39,,2313,2,,,0,86,,2314,2,,,0,77,,2309,2,,,0,115,,2310,2,,,0,119,,2311,2,,,0,164,,2304,2,,,0,126,,2306,2,,,0,171,,2307,2,,,0,42,,2308,2,,,0,85,,2305,2,,,0
2400,'4480',1431,,2404,2,0,15 16 11 12,0
2600,'4480',1426,,2406,2,0,13 14 11 12,0
2601,'4480',715,,2407,2,0,13 14 11 12,0
1000700,'4332',724,,2728,2,0,24,0,199,,2729,2,0,24,0,200,,2730,2,0,24,0,200,,2731,2,0,24,0,400,,2733,2,0,24,0,200,,2734,2,0,24,0,201,,2735,2,0,24,0
