300,'4729',557,,424,22,,,0,71,,425,22,,,0,29,,426,22,,,0,74,,427,22,,,0,74,,428,22,,,0,35,,429,22,,,0,75,,430,22,,,0,35,,431,22,,,0,75,,432,22,,,0,75,,423,22,,,0,35,,433,22,,,0,74,,434,22,,,0,35,,435,22,,,0,75,,436,22,,,0,40,,437,22,,,0,74,,438,22,,,0,76,,439,22,,,0,40,,440,22,,,0,75,,441,22,,,0,35,,442,22,,,0,76,,443,22,,,0,76,,444,22,,,0,36,,446,22,,,0,75,,445,22,,,0,30,,447,22,,,0,101,,448,22,,,0,101,,449,22,,,0,104,,450,22,,,0
300,'4739',610,,475,22,,,0,90,,474,22,,,0,59,,476,22,,,0,89,,451,22,,,0,68,,452,22,,,0,40,,453,22,,,0,75,,455,22,,,0,70,,456,22,,,0,35,,457,22,,,0,75,,454,22,,,0,34,,458,22,,,0,80,,459,22,,,0,75,,460,22,,,0,35,,461,22,,,0,81,,462,22,,,0,35,,463,22,,,0,70,,464,22,,,0,35,,465,22,,,0,76,,466,22,,,0,75,,467,22,,,0,46,,468,22,,,0,75,,469,22,,,0,76,,470,22,,,0,50,,471,22,,,0,101,,472,22,,,0,100,,473,22,,,0
300,'4958',640,,477,22,,,0,95,,478,22,,,0,89,,491,22,,,0,94,,480,22,,,0,90,,481,22,,,0,98,,482,22,,,0,95,,479,22,,,0,99,,483,22,,,0,101,,484,22,,,0,100,,485,22,,,0,100,,486,22,,,0,104,,487,22,,,0,98,,488,22,,,0,56,,489,22,,,0,100,,490,22,,,0
3100,'4729',728,,993,7,,,0,31,,994,7,,,0,71,,995,7,,,0,104,,996,7,,,0,107,,997,7,,,0,110,,998,7,,,0,149,,999,7,,,0,114,,1000,7,,,0,97,,1001,7,,,0,39,,1002,7,,,0,74,,1003,7,,,0,34,,1004,7,,,0,76,,1005,7,,,0,76,,1006,7,,,0
3100,'4739',905,,1010,7,,,0,105,,1014,7,,,0,110,,1008,7,,,0,109,,1007,7,,,0,110,,1009,7,,,0,115,,1011,7,,,0,155,,1013,7,,,0,110,,1012,7,,,0
3100,'4958',1011,,1021,7,,,0,109,,1015,7,,,0,109,,1016,7,,,0,110,,1017,7,,,0,115,,1018,7,,,0,156,,1019,7,,,0,110,,1020,7,,,0
1003100,'4729',641,,1328,7,,,0,69,,1329,7,,,0,30,,1330,7,,,0,68,,1331,7,,,0,50,,1332,7,,,0,146,,1333,7,,,0,109,,1334,7,,,0,109,,1335,7,,,0,115,,1336,7,,,0,110,,1337,7,,,0,80,,1338,7,,,0,74,,1325,7,,,0,36,,1326,7,,,0,79,,1324,7,,,0,32,,1327,7,,,0,80,,1339,7,,,0,85,,1340,7,,,0,124,,1341,7,,,0,102,,1342,7,,,0,109,,1343,7,,,0
1003100,'4739',733,,1357,7,,,0,100,,1346,7,,,0,100,,1345,7,,,0,109,,1344,7,,,0,110,,1352,7,,,0,150,,1356,7,,,0,115,,1349,7,,,0,114,,1353,7,,,0,111,,1350,7,,,0,110,,1351,7,,,0,75,,1347,7,,,0,115,,1348,7,,,0,102,,1355,7,,,0,100,,1354,7,,,0
1003100,'4958',731,,1369,7,,,0,102,,1361,7,,,0,102,,1359,7,,,0,107,,1363,7,,,0,110,,1360,7,,,0,150,,1358,7,,,0,114,,1364,7,,,0,115,,1365,7,,,0,111,,1362,7,,,0,181,,1366,7,,,0,120,,1367,7,,,0,104,,1368,7,,,0
24003100,'4729',533,,1415,7,,,0,69,,1412,7,,,0,29,,1413,7,,,0,69,,1414,7,,,0
