300,'4729',554,,424,17,,,0,71,,425,17,,,0,29,,426,17,,,0,74,,427,17,,,0,73,,428,17,,,0,35,,429,17,,,0,75,,430,17,,,0,35,,431,17,,,0,75,,432,17,,,0,35,,423,17,,,0,75,,433,17,,,0,74,,434,17,,,0,35,,435,17,,,0,75,,436,17,,,0,40,,437,17,,,0,73,,438,17,,,0,76,,439,17,,,0,40,,440,17,,,0,75,,441,17,,,0,35,,442,17,,,0,77,,443,17,,,0,76,,444,17,,,0,36,,446,17,,,0,75,,445,17,,,0,30,,447,17,,,0,102,,448,17,,,0,101,,449,17,,,0,104,,450,17,,,0
300,'4739',607,,475,17,,,0,50,,474,17,,,0,99,,476,17,,,0,89,,451,17,,,0,68,,452,17,,,0,40,,453,17,,,0,75,,455,17,,,0,30,,456,17,,,0,75,,457,17,,,0,75,,454,17,,,0,33,,458,17,,,0,80,,459,17,,,0,35,,460,17,,,0,75,,461,17,,,0,81,,462,17,,,0,35,,463,17,,,0,70,,464,17,,,0,36,,465,17,,,0,76,,466,17,,,0,75,,467,17,,,0,46,,468,17,,,0,75,,469,17,,,0,76,,470,17,,,0,50,,471,17,,,0,101,,472,17,,,0,100,,473,17,,,0
300,'4958',637,,477,17,,,0,95,,478,17,,,0,89,,491,17,,,0,94,,480,17,,,0,90,,481,17,,,0,98,,482,17,,,0,55,,479,17,,,0,99,,483,17,,,0,101,,484,17,,,0,100,,485,17,,,0,100,,486,17,,,0,144,,487,17,,,0,98,,488,17,,,0,56,,489,17,,,0,100,,490,17,,,0
301,'4729',600,,493,29,0,32,0,43,,494,29,0,32,0,76,,495,29,0,32,0,32,,496,29,0,32,0,76,,497,29,0,32,0,75,,498,29,0,32,0,34,,499,29,0,32,0,76,,500,29,0,32,0,35,,492,29,0,32,0,76,,501,29,0,32,0,36,,502,29,0,32,0,75,,503,29,0,32,0,75,,504,29,0,32,0,36,,505,29,0,32,0,76,,506,29,0,32,0,81,,507,29,0,32,0,34,,508,29,0,32,0,73,,509,29,0,32,0,40,,510,29,0,32,0,75,,511,29,0,32,0,33,,512,29,0,32,0,74,,513,29,0,32,0,75,,514,29,0,32,0,33,,515,29,0,32,0,75,,516,29,0,32,0,30,,517,29,0,32,0,100,,518,29,0,32,0,99,,519,29,0,32,0
301,'4739',602,,546,29,0,32,0,55,,545,29,0,32,0,92,,544,29,0,32,0,100,,547,29,0,32,0,92,,521,29,0,32,0,71,,522,29,0,32,0,40,,523,29,0,32,0,77,,524,29,0,32,0,30,,525,29,0,32,0,75,,526,29,0,32,0,75,,527,29,0,32,0,35,,528,29,0,32,0,80,,529,29,0,32,0,76,,530,29,0,32,0,35,,531,29,0,32,0,80,,532,29,0,32,0,35,,533,29,0,32,0,69,,534,29,0,32,0,35,,535,29,0,32,0,74,,536,29,0,32,0,74,,537,29,0,32,0,44,,538,29,0,32,0,75,,539,29,0,32,0,35,,540,29,0,32,0,88,,541,29,0,32,0,100,,542,29,0,32,0
301,'4958',627,,551,29,0,32,0,101,,552,29,0,32,0,96,,553,29,0,32,0,91,,563,29,0,32,0,96,,549,29,0,32,0,90,,554,29,0,32,0,101,,555,29,0,32,0,56,,556,29,0,32,0,101,,557,29,0,32,0,141,,558,29,0,32,0,100,,559,29,0,32,0,58,,560,29,0,32,0,144,,561,29,0,32,0,56,,562,29,0,32,0,93,,548,29,0,32,0
601,'4729',546,,760,2,,,0,79,,761,2,,,0,76,,763,2,,,0,35,,764,2,,,0,80,,765,2,,,0,85,,762,2,,,0,35,,766,2,,,0,115,,767,2,,,0,160,,768,2,,,0,125,,769,2,,,0,83,,770,2,,,0,87,,752,2,,,0,48,,753,2,,,0,82,,754,2,,,0,80,,756,2,,,0,85,,757,2,,,0,44,,758,2,,,0,101,,755,2,,,0,110,,759,2,,,0,155,,750,2,,,0,110,,751,2,,,0
601,'4739',551,,773,2,,,0,100,,774,2,,,0,100,,772,2,,,0,95,,775,2,,,0,100,,776,2,,,0,100,,777,2,,,0,95,,778,2,,,0,100,,779,2,,,0,100,,780,2,,,0,100,,781,2,,,0,100,,782,2,,,0,100,,783,2,,,0,105,,784,2,,,0,105,,785,2,,,0,95,,786,2,,,0,110,,787,2,,,0,155,,788,2,,,0,110,,771,2,,,0
601,'4958',546,,789,2,,,0,110,,790,2,,,0,145,,791,2,,,0,102,,792,2,,,0,48,,794,2,,,0,100,,795,2,,,0,90,,796,2,,,0,100,,793,2,,,0,100,,797,2,,,0,100,,798,2,,,0,100,,799,2,,,0,100,,800,2,,,0,105,,801,2,,,0,160,,802,2,,,0,110,,803,2,,,0
2401,'4729',736,,990,2,,,0
3100,'4729',726,,993,2,,,0,31,,994,2,,,0,70,,995,2,,,0,105,,996,2,,,0,107,,997,2,,,0,109,,998,2,,,0,109,,999,2,,,0,154,,1000,2,,,0,96,,1001,2,,,0,40,,1002,2,,,0,74,,1003,2,,,0,34,,1004,2,,,0,77,,1005,2,,,0,76,,1006,2,,,0
3100,'4739',903,,1010,2,,,0,105,,1014,2,,,0,109,,1008,2,,,0,110,,1007,2,,,0,109,,1009,2,,,0,115,,1011,2,,,0,155,,1013,2,,,0,111,,1012,2,,,0
3100,'4958',1009,,1021,2,,,0,109,,1015,2,,,0,109,,1016,2,,,0,110,,1017,2,,,0,115,,1018,2,,,0,156,,1019,2,,,0,110,,1020,2,,,0
1003100,'4729',639,,1328,2,,,0,69,,1329,2,,,0,30,,1330,2,,,0,68,,1331,2,,,0,50,,1332,2,,,0,146,,1333,2,,,0,109,,1334,2,,,0,108,,1335,2,,,0,115,,1336,2,,,0,109,,1337,2,,,0,81,,1338,2,,,0,34,,1325,2,,,0,76,,1326,2,,,0,79,,1324,2,,,0,33,,1327,2,,,0,80,,1339,2,,,0,85,,1340,2,,,0,124,,1341,2,,,0,102,,1342,2,,,0,109,,1343,2,,,0
1003100,'4739',731,,1357,2,,,0,100,,1346,2,,,0,100,,1345,2,,,0,108,,1344,2,,,0,110,,1352,2,,,0,151,,1356,2,,,0,114,,1349,2,,,0,114,,1353,2,,,0,111,,1350,2,,,0,111,,1351,2,,,0,75,,1347,2,,,0,115,,1348,2,,,0,102,,1355,2,,,0,100,,1354,2,,,0
1003100,'4958',729,,1369,2,,,0,102,,1361,2,,,0,102,,1359,2,,,0,107,,1363,2,,,0,110,,1360,2,,,0,150,,1358,2,,,0,114,,1364,2,,,0,115,,1365,2,,,0,111,,1362,2,,,0,181,,1366,2,,,0,120,,1367,2,,,0,104,,1368,2,,,0
24003100,'4729',531,,1415,2,,,0,69,,1412,2,,,0,29,,1413,2,,,0,29,,1414,2,,,0
