300,'4729',558,,424,24,,,0,71,,425,24,,,0,29,,426,24,,,0,75,,427,24,,,0,74,,428,24,,,0,35,,429,24,,,0,75,,430,24,,,0,35,,431,24,,,0,75,,432,24,,,0,75,,423,24,,,0,35,,433,24,,,0,74,,434,24,,,0,35,,435,24,,,0,75,,436,24,,,0,80,,437,24,,,0,34,,438,24,,,0,76,,439,24,,,0,40,,440,24,,,0,75,,441,24,,,0,75,,442,24,,,0,36,,443,24,,,0,76,,444,24,,,0,36,,446,24,,,0,75,,445,24,,,0,30,,447,24,,,0,101,,448,24,,,0,100,,449,24,,,0,104,,450,24,,,0
300,'4739',611,,475,24,,,0,90,,474,24,,,0,99,,476,24,,,0,49,,451,24,,,0,69,,452,24,,,0,40,,453,24,,,0,75,,455,24,,,0,70,,456,24,,,0,35,,457,24,,,0,75,,454,24,,,0,34,,458,24,,,0,80,,459,24,,,0,75,,460,24,,,0,35,,461,24,,,0,81,,462,24,,,0,35,,463,24,,,0,70,,464,24,,,0,35,,465,24,,,0,76,,466,24,,,0,75,,467,24,,,0,46,,468,24,,,0,75,,469,24,,,0,75,,470,24,,,0,50,,471,24,,,0,101,,472,24,,,0,100,,473,24,,,0
300,'4958',641,,477,24,,,0,95,,478,24,,,0,89,,491,24,,,0,94,,480,24,,,0,90,,481,24,,,0,99,,482,24,,,0,95,,479,24,,,0,99,,483,24,,,0,101,,484,24,,,0,100,,485,24,,,0,100,,486,24,,,0,104,,487,24,,,0,97,,488,24,,,0,96,,489,24,,,0,100,,490,24,,,0
3100,'4729',730,,993,9,,,0,71,,994,9,,,0,30,,995,9,,,0,105,,996,9,,,0,107,,997,9,,,0,109,,998,9,,,0,149,,999,9,,,0,114,,1000,9,,,0,97,,1001,9,,,0,39,,1002,9,,,0,74,,1003,9,,,0,34,,1004,9,,,0,77,,1005,9,,,0,76,,1006,9,,,0
3100,'4739',907,,1010,9,,,0,105,,1014,9,,,0,109,,1008,9,,,0,110,,1007,9,,,0,109,,1009,9,,,0,115,,1011,9,,,0,155,,1013,9,,,0,111,,1012,9,,,0
3100,'4958',1013,,1021,9,,,0,109,,1015,9,,,0,109,,1016,9,,,0,110,,1017,9,,,0,115,,1018,9,,,0,156,,1019,9,,,0,110,,1020,9,,,0
1003100,'4729',643,,1328,9,,,0,69,,1329,9,,,0,30,,1330,9,,,0,68,,1331,9,,,0,90,,1332,9,,,0,106,,1333,9,,,0,109,,1334,9,,,0,108,,1335,9,,,0,115,,1336,9,,,0,110,,1337,9,,,0,80,,1338,9,,,0,74,,1325,9,,,0,36,,1326,9,,,0,79,,1324,9,,,0,33,,1327,9,,,0,80,,1339,9,,,0,85,,1340,9,,,0,124,,1341,9,,,0,102,,1342,9,,,0,108,,1343,9,,,0
1003100,'4739',734,,1357,9,,,0,101,,1346,9,,,0,100,,1345,9,,,0,108,,1344,9,,,0,110,,1352,9,,,0,151,,1356,9,,,0,114,,1349,9,,,0,114,,1353,9,,,0,111,,1350,9,,,0,111,,1351,9,,,0,75,,1347,9,,,0,115,,1348,9,,,0,102,,1355,9,,,0,99,,1354,9,,,0
1003100,'4958',733,,1369,9,,,0,102,,1361,9,,,0,102,,1359,9,,,0,107,,1363,9,,,0,110,,1360,9,,,0,150,,1358,9,,,0,114,,1364,9,,,0,115,,1365,9,,,0,111,,1362,9,,,0,181,,1366,9,,,0,120,,1367,9,,,0,104,,1368,9,,,0
24003100,'4729',534,,1415,9,,,0,69,,1412,9,,,0,30,,1413,9,,,0,69,,1414,9,,,0
