100,'4332',613,,1492,20,,,0,32,,1493,20,,,0,70,,1494,20,,,0,30,,1495,20,,,0,75,,1496,20,,,0,36,,1497,20,,,0,77,,1498,20,,,0,72,,1500,20,,,0,37,,1501,20,,,0,77,,1499,20,,,0,31,,1502,20,,,0,70,,1503,20,,,0,30,,1504,20,,,0,71,,1505,20,,,0,30,,1506,20,,,0,70,,1507,20,,,0,30,,1508,20,,,0,70,,1509,20,,,0,30,,1510,20,,,0,70,,1511,20,,,0,30,,1512,20,,,0,69,,1513,20,,,0,24,,1514,20,,,0,69,,1515,20,,,0,30,,1516,20,,,0,75,,1517,20,,,0,34,,1518,20,,,0,74,,1519,20,,,0,75,,1520,20,,,0,34,,1521,20,,,0,75,,1522,20,,,0,34,,1523,20,,,0
100,'4480',529,,1417,20,,,0,30,,1418,20,,,0,72,,1416,20,,,0,20,,1420,20,,,0,62,,1421,20,,,0,21,,1419,20,,,0,15,,1422,20,,,0,61,,1423,20,,,0,17,,1424,20,,,0,15,,1425,20,,,0,15,,1426,20,,,0,57,,1428,20,,,0,18,,1427,20,,,0,15,,1429,20,,,0,60,,1430,20,,,0,19,,1431,20,,,0,20,,1432,20,,,0,62,,1433,20,,,0,22,,1434,20,,,0,24,,1435,20,,,0,67,,1437,20,,,0,22,,1436,20,,,0,62,,1438,20,,,0,24,,1439,20,,,0,23,,1441,20,,,0,62,,1440,20,,,0,23,,1442,20,,,0,63,,1443,20,,,0,24,,1444,20,,,0,16,,1445,20,,,0,14,,1446,20,,,0,56,,1447,20,,,0,14,,1448,20,,,0,17,,1449,20,,,0,14,,1450,20,,,0,55,,1451,20,,,0,14,,1452,20,,,0,12,,1453,20,,,0,14,,1454,20,,,0,54,,1455,20,,,0,17,,1456,20,,,0,19,,1457,20,,,0,60,,1458,20,,,0,23,,1459,20,,,0,23,,1466,20,,,0,64,,1460,20,,,0,23,,1461,20,,,0,24,,1462,20,,,0,65,,1467,20,,,0,24,,1463,20,,,0,68,,1464,20,,,0,31,,1465,20,,,0
200,'4332',623,,1700,25,,,0,35,,1701,25,,,0,75,,1702,25,,,0,71,,1703,25,,,0,33,,1704,25,,,0,71,,1705,25,,,0,37,,1706,25,,,0,84,,1707,25,,,0,75,,1708,25,,,0,33,,1709,25,,,0,70,,1711,25,,,0,30,,1712,25,,,0,68,,1713,25,,,0,30,,1710,25,,,0,70,,1714,25,,,0,30,,1715,25,,,0,70,,1716,25,,,0,29,,1717,25,,,0,70,,1718,25,,,0,30,,1720,25,,,0,69,,1721,25,,,0,30,,1719,25,,,0,68,,1722,25,,,0,27,,1723,25,,,0,29,,1724,25,,,0,75,,1725,25,,,0,78,,1726,25,,,0,35,,1727,25,,,0,75,,1728,25,,,0,34,,1729,25,,,0,74,,1730,25,,,0
200,'4480',548,,1628,25,,,0,76,,1629,25,,,0,27,,1630,25,,,0,72,,1631,25,,,0,18,,1632,25,,,0,15,,1633,25,,,0,69,,1634,25,,,0,12,,1635,25,,,0,15,,1636,25,,,0,60,,1637,25,,,0,20,,1638,25,,,0,22,,1639,25,,,0,61,,1640,25,,,0,23,,1641,25,,,0,62,,1642,25,,,0,23,,1643,25,,,0,22,,1644,25,,,0,62,,1645,25,,,0,23,,1646,25,,,0,22,,1647,25,,,0,61,,1648,25,,,0,23,,1649,25,,,0,66,,1650,25,,,0,28,,1651,25,,,0,25,,1652,25,,,0,62,,1653,25,,,0,16,,1654,25,,,0,16,,1655,25,,,0,56,,1656,25,,,0,14,,1657,25,,,0,15,,1658,25,,,0,14,,1659,25,,,0,55,,1660,25,,,0,15,,1661,25,,,0,15,,1662,25,,,0,14,,1663,25,,,0,55,,1664,25,,,0,21,,1665,25,,,0,15,,1666,25,,,0,20,,1667,25,,,0,59,,1668,25,,,0,20,,1669,25,,,0,19,,1675,25,,,0,68,,1670,25,,,0,24,,1671,25,,,0,64,,1672,25,,,0,24,,1676,25,,,0,23,,1673,25,,,0,70,,1674,25,,,0
200,'4663',2437,,3792,25,,,0
1701,'4480',651,,2334,37,,,0,76,,2335,37,,,0,96,,3760,37,,,0,727,,3759,37,,,0,85,,2331,37,,,0,84,,2332,37,,,0,81,,2333,37,,,0,43,,2329,37,,,0
2100,'4332',819,,3761,28,,,0,133,,2368,28,,,0,180,,2367,28,,,0,182,,2362,28,,,0,117,,2363,28,,,0,104,,2364,28,,,0,99,,2365,28,,,0,100,,2360,28,,,0,173,,2361,28,,,0,132,,2359,28,,,0
2100,'4480',655,,2348,28,,,0,88,,3762,28,,,0,84,,2345,28,,,0,91,,3763,28,,,0,85,,2347,28,,,0,38,,3764,28,,,0,95,,2343,28,,,0,169,,2341,28,,,0,129,,2342,28,,,0,285,,2340,28,,,0,84,,2338,28,,,0,103,,2339,28,,,0,120,,2337,28,,,0
2201,'4480',813,,2402,29,,,0,694,,2403,29,,,0
1002100,'4480',1547,,2736,33,,,0,75,,2737,33,,,0
