300,'4528',606,,4236,33,,,0,35,,4237,33,,,0,70,,4238,33,,,0,34,,4239,33,,,0,75,,4240,33,,,0,35,,4241,33,,,0,75,,4242,33,,,0,75,,4243,33,,,0,34,,4244,33,,,0,75,,4235,33,,,0,35,,4245,33,,,0,75,,4246,33,,,0,35,,4247,33,,,0,75,,4248,33,,,0,80,,4249,33,,,0,35,,4250,33,,,0,75,,4251,33,,,0,80,,4252,33,,,0,37,,4253,33,,,0,73,,4254,33,,,0,36,,4255,33,,,0,75,,4256,33,,,0,76,,4258,33,,,0,35,,4257,33,,,0,70,,4259,33,,,0,100,,4260,33,,,0,101,,4261,33,,,0,101,,4262,33,,,0
300,'5015',622,,4287,33,,,0,90,,4286,33,,,0,99,,4288,33,,,0,89,,4263,33,,,0,30,,4264,33,,,0,80,,4265,33,,,0,35,,4267,33,,,0,70,,4268,33,,,0,35,,4269,33,,,0,75,,4266,33,,,0,75,,4270,33,,,0,40,,4271,33,,,0,75,,4272,33,,,0,35,,4273,33,,,0,81,,4274,33,,,0,75,,4275,33,,,0,30,,4276,33,,,0,75,,4277,33,,,0,35,,4278,33,,,0,75,,4279,33,,,0,86,,4280,33,,,0,35,,4281,33,,,0,75,,4282,33,,,0,90,,4283,33,,,0,100,,4284,33,,,0,100,,4285,33,,,0
300,'5221',652,,4289,33,,,0,95,,4290,33,,,0,89,,4303,33,,,0,95,,4292,33,,,0,90,,4293,33,,,0,99,,4294,33,,,0,95,,4291,33,,,0,100,,4295,33,,,0,101,,4296,33,,,0,100,,4297,33,,,0,100,,4298,33,,,0,104,,4299,33,,,0,96,,4300,33,,,0,96,,4301,33,,,0,100,,4302,33,,,0
700,'4528',618,,4620,5,0,22 23,0,216,,4621,5,0,22 23,0,200,,4622,5,0,22 23,0,200,,4623,5,0,22 23,0,200,,4618,5,0,22 23,0,200,,4619,5,0,22 23,0,200,,4617,5,0,22 23,0,199,,4615,5,0,22 23,0,270,,4616,5,0,22 23,0
700,'5015',533,,4624,13,0,22 23,0,100,,4625,13,0,22 23,0,200,,4626,13,0,22 23,0,200,,4627,13,0,22 23,0,201,,4628,13,0,22 23,0,200,,4629,13,0,22 23,0,200,,4630,13,0,22 23,0,199,,4631,5,0,22 23,0,200,,4632,13,0,22 23,0,270,,4633,5,0,22 23,0
700,'5221',533,,4641,5,0,22 23,0,100,,4635,5,0,22 23,0,200,,4634,5,0,22 23,0,200,,4636,5,0,22 23,0,201,,4637,5,0,22 23,0,200,,4638,5,0,22 23,0,200,,4639,5,0,22 23,0,199,,4640,5,0,22 23,0
1600,'4528',738,,4724,5,0,24,0,165,,4722,5,0,24,0,641,,4723,5,0,24,0,85,,4721,5,0,24,0
1000700,'4528',734,,6102,5,0,24,0,200,,6103,5,0,24,0,200,,6104,5,0,24,0,200,,6096,5,0,24,0,200,,6099,5,0,24,0,70,,6100,5,0,24,0,130,,6101,5,0,24,0,199,,6097,5,0,24,0,200,,6098,5,0,24,0
1000700,'5015',733,,6105,13,0,24,0,200,,6106,13,0,24,0,201,,6107,13,0,24,0,200,,6108,13,0,24,0,200,,6109,5,0,24,0,200,,6110,13,0,24,0,199,,6111,13,0,24,0,200,,6112,13,0,24,0
1000700,'5221',733,,6114,5,0,24,0,200,,6113,5,0,24,0,201,,6115,5,0,24,0,200,,6117,5,0,24,0,200,,6116,5,0,24,0,200,,6118,5,0,24,0,199,,6119,5,0,24,0
