100,'4944',624,,77,,,0,33,,78,,,0,70,,79,,,0,30,,80,,,0,75,,81,,,0,76,,82,,,0,37,,83,,,0,72,,84,,,0,38,,85,,,0,77,,86,,,0,71,,87,,,0,30,,88,,,0,70,,89,,,0,32,,90,,,0,70,,91,,,0,31,,92,,,0,70,,93,,,0,30,,94,,,0,70,,95,,,0,29,,96,,,0,69,,97,,,0,29,,98,,,0,24,,99,,,0,69,,100,,,0,29,,101,,,0,75,,102,,,0,73,,103,,,0,34,,104,,,0,75,,105,,,0,34,,106,,,0,75,,107,,,0,34,,108,,,0
100,'4946',628,,1,,,0,81,,2,,,0,40,,3,,,0,82,,4,,,0,80,,5,,,0,90,,6,,,0,48,,7,,,0,80,,8,,,0,86,,9,,,0,38,,22,,,0,80,,10,,,0,80,,11,,,0,41,,12,,,0,80,,13,,,0,80,,14,,,0,40,,15,,,0,79,,16,,,0,79,,17,,,0,40,,18,,,0,77,,19,,,0,77,,20,,,0,36,,21,,,0,85,,23,,,0,93,,24,,,0
100,'4955',538,,1417,,,0,70,,1418,,,0,34,,1416,,,0,60,,1420,,,0,22,,1421,,,0,22,,1419,,,0,55,,1422,,,0,21,,1423,,,0,17,,1424,,,0,15,,1425,,,0,55,,1426,,,0,17,,1428,,,0,18,,1427,,,0,15,,1429,,,0,60,,1430,,,0,19,,1431,,,0,62,,1432,,,0,22,,1433,,,0,22,,1434,,,0,64,,1435,,,0,27,,1437,,,0,22,,1436,,,0,62,,1438,,,0,24,,1439,,,0,64,,1441,,,0,23,,1440,,,0,24,,1442,,,0,63,,1443,,,0,23,,1444,,,0,16,,1445,,,0,54,,1446,,,0,17,,1447,,,0,14,,1448,,,0,17,,1449,,,0,54,,1450,,,0,13,,1451,,,0,13,,1452,,,0,12,,1453,,,0,53,,1454,,,0,13,,1455,,,0,17,,1456,,,0,19,,1457,,,0,60,,1458,,,0,23,,1459,,,0,23,,1466,,,0,64,,1460,,,0,23,,1461,,,0,64,,1462,,,0,25,,1467,,,0,23,,1463,,,0,68,,1464,,,0,30,,1465,,,0
100,'4957',624,,1468,,,0,33,,1469,,,0,70,,1470,,,0,30,,1471,,,0,75,,1472,,,0,76,,1473,,,0,37,,1474,,,0,72,,1475,,,0,38,,1476,,,0,77,,1477,,,0,71,,1478,,,0,30,,1479,,,0,70,,1480,,,0,32,,1481,,,0,70,,1482,,,0,31,,1483,,,0,70,,1484,,,0,30,,1485,,,0,70,,1486,,,0,29,,1487,,,0,69,,1488,,,0,29,,1489,,,0,24,,1490,,,0,69,,1491,,,0,29,,1492,,,0,75,,1493,,,0,73,,1494,,,0,34,,1495,,,0,75,,1496,,,0,34,,1497,,,0,75,,1498,,,0,34,,1499,,,0
100,'4958',628,,1500,,,0,81,,1501,,,0,40,,1502,,,0,82,,1503,,,0,80,,1504,,,0,90,,1505,,,0,48,,1506,,,0,80,,1507,,,0,86,,1508,,,0,38,,1521,,,0,80,,1509,,,0,80,,1510,,,0,41,,1511,,,0,80,,1512,,,0,80,,1513,,,0,40,,1514,,,0,79,,1515,,,0,79,,1516,,,0,40,,1517,,,0,77,,1518,,,0,77,,1519,,,0,36,,1520,,,0,85,,1522,,,0,93,,1523,,,0
300,'4944',620,,490,,,0,90,,489,,,0,99,,491,,,0,49,,466,,,0,69,,467,,,0,80,,468,,,0,35,,470,,,0,70,,471,,,0,35,,472,,,0,75,,469,,,0,34,,473,,,0,80,,474,,,0,75,,475,,,0,35,,476,,,0,81,,477,,,0,75,,478,,,0,30,,479,,,0,75,,480,,,0,36,,481,,,0,75,,482,,,0,86,,483,,,0,35,,484,,,0,75,,485,,,0,90,,486,,,0,101,,487,,,0,100,,488,,,0
300,'4946',650,,423,,,0,95,,424,,,0,89,,437,,,0,94,,426,,,0,90,,427,,,0,99,,428,,,0,95,,425,,,0,99,,429,,,0,101,,430,,,0,100,,431,,,0,100,,432,,,0,104,,433,,,0,97,,434,,,0,96,,435,,,0,100,,436,,,0
300,'4955',604,,1839,,,0,34,,1840,,,0,69,,1841,,,0,35,,1842,,,0,74,,1843,,,0,35,,1844,,,0,75,,1845,,,0,75,,1846,,,0,35,,1847,,,0,75,,1838,,,0,35,,1848,,,0,74,,1849,,,0,35,,1850,,,0,75,,1851,,,0,80,,1852,,,0,35,,1853,,,0,75,,1854,,,0,80,,1855,,,0,35,,1856,,,0,75,,1857,,,0,36,,1858,,,0,76,,1859,,,0,36,,1861,,,0,75,,1860,,,0,70,,1862,,,0,101,,1863,,,0,100,,1864,,,0,101,,1865,,,0
300,'4957',620,,1890,,,0,90,,1889,,,0,99,,1891,,,0,49,,1866,,,0,69,,1867,,,0,80,,1868,,,0,35,,1870,,,0,70,,1871,,,0,35,,1872,,,0,75,,1869,,,0,34,,1873,,,0,80,,1874,,,0,75,,1875,,,0,35,,1876,,,0,81,,1877,,,0,75,,1878,,,0,30,,1879,,,0,75,,1880,,,0,36,,1881,,,0,75,,1882,,,0,86,,1883,,,0,35,,1884,,,0,75,,1885,,,0,90,,1886,,,0,101,,1887,,,0,100,,1888,,,0
300,'4958',650,,1892,,,0,95,,1893,,,0,89,,1906,,,0,94,,1895,,,0,90,,1896,,,0,99,,1897,,,0,95,,1894,,,0,99,,1898,,,0,101,,1899,,,0,100,,1900,,,0,100,,1901,,,0,104,,1902,,,0,97,,1903,,,0,96,,1904,,,0,100,,1905,,,0
