100,'4528',533,,3815,26,,,0,72,,3816,26,,,0,30,,3814,26,,,0,20,,3818,26,,,0,61,,3819,26,,,0,20,,3817,26,,,0,17,,3820,26,,,0,60,,3821,26,,,0,16,,3822,26,,,0,18,,3823,26,,,0,55,,3824,26,,,0,16,,3826,26,,,0,18,,3825,26,,,0,17,,3827,26,,,0,59,,3828,26,,,0,19,,3829,26,,,0,21,,3830,26,,,0,62,,3831,26,,,0,22,,3832,26,,,0,66,,3833,26,,,0,24,,3835,26,,,0,22,,3834,26,,,0,62,,3836,26,,,0,24,,3837,26,,,0,23,,3839,26,,,0,61,,3838,26,,,0,23,,3840,26,,,0,62,,3841,26,,,0,26,,3842,26,,,0,16,,3843,26,,,0,55,,3844,26,,,0,15,,3845,26,,,0,15,,3846,26,,,0,15,,3847,26,,,0,55,,3848,26,,,0,15,,3849,26,,,0,12,,3850,26,,,0,14,,3851,26,,,0,14,,3852,26,,,0,55,,3853,26,,,0,15,,3854,26,,,0,20,,3855,26,,,0,60,,3856,26,,,0,24,,3857,26,,,0,22,,3864,26,,,0,64,,3858,26,,,0,25,,3859,26,,,0,63,,3860,26,,,0,25,,3865,26,,,0,25,,3861,26,,,0,66,,3862,26,,,0,29,,3863,26,,,0
100,'5015',617,,3866,26,,,0,32,,3867,26,,,0,70,,3868,26,,,0,30,,3869,26,,,0,75,,3870,26,,,0,76,,3871,26,,,0,37,,3872,26,,,0,72,,3874,26,,,0,38,,3875,26,,,0,77,,3873,26,,,0,31,,3876,26,,,0,70,,3877,26,,,0,30,,3878,26,,,0,71,,3879,26,,,0,30,,3880,26,,,0,70,,3881,26,,,0,30,,3882,26,,,0,70,,3883,26,,,0,30,,3884,26,,,0,70,,3885,26,,,0,30,,3886,26,,,0,69,,3887,26,,,0,24,,3888,26,,,0,69,,3889,26,,,0,29,,3890,26,,,0,75,,3891,26,,,0,34,,3892,26,,,0,74,,3893,26,,,0,75,,3894,26,,,0,34,,3895,26,,,0,75,,3896,26,,,0,34,,3897,26,,,0
100,'5221',622,,3898,26,,,0,81,,3899,26,,,0,40,,3900,26,,,0,81,,3901,26,,,0,80,,3902,26,,,0,50,,3903,26,,,0,88,,3904,26,,,0,80,,3905,26,,,0,85,,3906,26,,,0,38,,3919,26,,,0,80,,3907,26,,,0,80,,3908,26,,,0,41,,3909,26,,,0,80,,3910,26,,,0,80,,3911,26,,,0,40,,3912,26,,,0,79,,3913,26,,,0,79,,3914,26,,,0,40,,3915,26,,,0,77,,3916,26,,,0,38,,3917,26,,,0,76,,3918,26,,,0,85,,3920,26,,,0,94,,3921,26,,,0
200,'4528',553,,4026,31,,,0,74,,4027,31,,,0,29,,4028,31,,,0,71,,4029,31,,,0,17,,4030,31,,,0,15,,4031,31,,,0,63,,4032,31,,,0,16,,4033,31,,,0,18,,4034,31,,,0,61,,4035,31,,,0,21,,4036,31,,,0,63,,4037,31,,,0,21,,4038,31,,,0,21,,4039,31,,,0,62,,4040,31,,,0,23,,4041,31,,,0,23,,4042,31,,,0,62,,4043,31,,,0,23,,4044,31,,,0,22,,4045,31,,,0,61,,4046,31,,,0,23,,4047,31,,,0,66,,4048,31,,,0,26,,4049,31,,,0,20,,4050,31,,,0,66,,4051,31,,,0,18,,4052,31,,,0,15,,4053,31,,,0,56,,4054,31,,,0,15,,4055,31,,,0,14,,4056,31,,,0,15,,4057,31,,,0,55,,4058,31,,,0,14,,4059,31,,,0,15,,4060,31,,,0,14,,4061,31,,,0,55,,4062,31,,,0,18,,4063,31,,,0,19,,4064,31,,,0,60,,4065,31,,,0,20,,4066,31,,,0,19,,4067,31,,,0,60,,4073,31,,,0,29,,4068,31,,,0,24,,4069,31,,,0,65,,4070,31,,,0,23,,4074,31,,,0,62,,4071,31,,,0,29,,4072,31,,,0
200,'5015',626,,4075,31,,,0,75,,4076,31,,,0,35,,4077,31,,,0,72,,4078,31,,,0,33,,4079,31,,,0,71,,4080,31,,,0,37,,4081,31,,,0,84,,4082,31,,,0,76,,4083,31,,,0,33,,4084,31,,,0,70,,4086,31,,,0,30,,4087,31,,,0,68,,4088,31,,,0,30,,4085,31,,,0,70,,4089,31,,,0,30,,4090,31,,,0,70,,4091,31,,,0,29,,4092,31,,,0,70,,4093,31,,,0,30,,4095,31,,,0,69,,4096,31,,,0,29,,4094,31,,,0,68,,4097,31,,,0,27,,4098,31,,,0,69,,4099,31,,,0,35,,4100,31,,,0,78,,4101,31,,,0,35,,4102,31,,,0,75,,4103,31,,,0,34,,4104,31,,,0,73,,4105,31,,,0
200,'5221',625,,4106,31,,,0,75,,4107,31,,,0,41,,4108,31,,,0,86,,4109,31,,,0,81,,4110,31,,,0,43,,4111,31,,,0,82,,4112,31,,,0,96,,4113,31,,,0,89,,4114,31,,,0,86,,4115,31,,,0,41,,4116,31,,,0,80,,4117,31,,,0,80,,4118,31,,,0,40,,4119,31,,,0,80,,4120,31,,,0,80,,4121,31,,,0,38,,4122,31,,,0,80,,4123,31,,,0,79,,4124,31,,,0,39,,4125,31,,,0,79,,4126,31,,,0,80,,4128,31,,,0,38,,4127,31,,,0
200,'5357',2442,,4129,31,,,0
501,'4528',603,,4494,3,,,0,30,,4495,3,,,0,74,,4496,3,,,0,31,,4497,3,,,0,75,,4498,3,,,0,34,,4500,3,,,0,75,,4499,3,,,0,34,,4501,3,,,0,74,,4502,3,,,0,74,,4503,3,,,0,33,,4504,3,,,0,75,,4505,3,,,0,33,,4506,3,,,0,80,,4507,3,,,0,75,,4508,3,,,0,34,,4509,3,,,0,80,,4510,3,,,0,36,,4511,3,,,0,74,,4512,3,,,0,80,,4513,3,,,0,38,,4514,3,,,0,76,,4515,3,,,0,36,,4516,3,,,0,71,,4517,3,,,0,101,,4518,3,,,0,104,,4519,3,,,0,103,,4520,3,,,0
501,'5015',639,,4544,3,,,0,98,,4545,3,,,0,86,,4523,3,,,0,27,,4524,3,,,0,80,,4521,3,,,0,75,,4522,3,,,0,29,,4525,3,,,0,75,,4526,3,,,0,35,,4527,3,,,0,73,,4528,3,,,0,38,,4529,3,,,0,75,,4530,3,,,0,75,,4531,3,,,0,41,,4532,3,,,0,75,,4533,3,,,0,31,,4534,3,,,0,76,,4535,3,,,0,76,,4536,3,,,0,36,,4537,3,,,0,86,,4538,3,,,0,76,,4539,3,,,0,36,,4541,3,,,0,90,,4542,3,,,0,102,,4543,3,,,0,101,,4540,3,,,0
501,'5221',618,,4547,3,,,0,95,,4546,3,,,0,87,,4560,3,,,0,52,,4548,3,,,0,90,,4549,3,,,0,97,,4550,3,,,0,94,,4551,3,,,0,99,,4552,3,,,0,100,,4554,3,,,0,100,,4555,3,,,0,100,,4556,3,,,0,104,,4553,3,,,0,100,,4557,3,,,0,97,,4558,3,,,0,100,,4559,3,,,0
700,'5015',526,,4624,3,0,22 23,0,100,,4625,3,0,22 23,0,199,,4626,3,0,22 23,0,200,,4627,3,0,22 23,0,200,,4628,3,0,22 23,0,199,,4629,3,0,22 23,0,200,,4630,3,0,22 23,0,401,,4632,3,0,22 23,0
900,'5015',1649,,4669,3,0,34 2 13 14,0
1201,'4528',704,,4708,3,,,0,40,,4709,3,,,0,86,,4710,3,,,0,76,,4705,3,,,0,115,,4706,3,,,0,119,,4707,3,,,0,163,,4700,3,,,0,128,,4702,3,,,0,170,,4703,3,,,0,42,,4704,3,,,0,85,,4701,3,,,0
1000700,'5015',725,,6105,3,0,24,0,199,,6106,3,0,24,0,200,,6107,3,0,24,0,200,,6108,3,0,24,0,400,,6110,3,0,24,0,200,,6111,3,0,24,0,201,,6112,3,0,24,0
