300,'4729',552,,3254,,,0,70,,3255,,,0,29,,3256,,,0,74,,3257,,,0,33,,3258,,,0,75,,3259,,,0,75,,3260,,,0,35,,3261,,,0,75,,3262,,,0,35,,3253,,,0,75,,3263,,,0,74,,3264,,,0,35,,3265,,,0,75,,3266,,,0,40,,3267,,,0,72,,3268,,,0,76,,3269,,,0,41,,3270,,,0,75,,3271,,,0,35,,3272,,,0,77,,3273,,,0,76,,3274,,,0,36,,3276,,,0,75,,3275,,,0,30,,3277,,,0,102,,3278,,,0,101,,3279,,,0,104,,3280,,,0
300,'4739',605,,3305,,,0,50,,3304,,,0,99,,3306,,,0,88,,3281,,,0,68,,3282,,,0,40,,3283,,,0,75,,3285,,,0,30,,3286,,,0,75,,3287,,,0,75,,3284,,,0,33,,3288,,,0,80,,3289,,,0,35,,3290,,,0,75,,3291,,,0,81,,3292,,,0,35,,3293,,,0,70,,3294,,,0,36,,3295,,,0,76,,3296,,,0,75,,3297,,,0,46,,3298,,,0,75,,3299,,,0,36,,3300,,,0,90,,3301,,,0,101,,3302,,,0,101,,3303,,,0
300,'4958',635,,3307,,,0,95,,3308,,,0,89,,3321,,,0,93,,3310,,,0,90,,3311,,,0,98,,3312,,,0,55,,3309,,,0,99,,3313,,,0,101,,3314,,,0,100,,3315,,,0,100,,3316,,,0,104,,3317,,,0,98,,3318,,,0,96,,3319,,,0,100,,3320,,,0
301,'4729',558,,3323,,,0,83,,3324,,,0,76,,3325,,,0,31,,3326,,,0,76,,3327,,,0,35,,3328,,,0,74,,3329,,,0,76,,3330,,,0,35,,3322,,,0,76,,3331,,,0,36,,3332,,,0,75,,3333,,,0,75,,3334,,,0,36,,3335,,,0,75,,3336,,,0,41,,3337,,,0,75,,3338,,,0,73,,3339,,,0,40,,3340,,,0,75,,3341,,,0,33,,3342,,,0,74,,3343,,,0,75,,3344,,,0,34,,3345,,,0,75,,3346,,,0,30,,3347,,,0,100,,3348,,,0,99,,3349,,,0
301,'4739',600,,3376,,,0,55,,3375,,,0,91,,3374,,,0,100,,3377,,,0,92,,3351,,,0,71,,3352,,,0,40,,3353,,,0,77,,3354,,,0,30,,3355,,,0,75,,3356,,,0,75,,3357,,,0,35,,3358,,,0,80,,3359,,,0,36,,3360,,,0,75,,3361,,,0,80,,3362,,,0,35,,3363,,,0,69,,3364,,,0,35,,3365,,,0,74,,3366,,,0,34,,3367,,,0,84,,3368,,,0,75,,3369,,,0,35,,3370,,,0,89,,3371,,,0,100,,3372,,,0
301,'4958',625,,3381,,,0,101,,3382,,,0,95,,3383,,,0,91,,3393,,,0,96,,3379,,,0,50,,3384,,,0,101,,3385,,,0,96,,3386,,,0,101,,3387,,,0,101,,3388,,,0,100,,3389,,,0,98,,3390,,,0,104,,3391,,,0,96,,3392,,,0,93,,3378,,,0
2400,'4729',1514,,3819,0,15 16 11 12,0
3101,'4729',645,,3852,,,0,83,,3853,,,0,72,,3855,,,0,33,,3856,,,0,72,,3854,,,0,46,,3858,,,0,106,,3859,,,0,151,,3860,,,0,110,,3857,,,0,116,,3861,,,0,118,,3862,,,0,78,,3864,,,0,75,,3865,,,0,36,,3866,,,0,72,,3863,,,0,30,,3867,,,0,58,,3868,,,0
3101,'4739',818,,3872,,,0,104,,3871,,,0,103,,3869,,,0,112,,3876,,,0,110,,3877,,,0,110,,3870,,,0,156,,3875,,,0,115,,3873,,,0,109,,3874,,,0,108,,3878,,,0
3101,'4958',818,,3885,,,0,209,,3882,,,0,220,,3879,,,0,110,,3883,,,0,154,,3881,,,0,115,,3884,,,0,109,,3880,,,0
1003101,'4729',715,,4200,,,0,32,,4201,,,0,73,,4202,,,0,32,,4203,,,0,72,,4204,,,0,101,,4205,,,0,110,,4206,,,0,110,,4207,,,0,110,,4208,,,0,159,,4209,,,0,99,,4210,,,0,38,,4211,,,0,74,,4212,,,0,34,,4213,,,0,70,,4214,,,0,91,,4215,,,0,90,,4216,,,0,121,,4217,,,0,108,,4218,,,0
1003101,'4739',852,,4224,,,0,105,,4230,,,0,146,,4219,,,0,111,,4220,,,0,110,,4221,,,0,111,,4223,,,0,115,,4228,,,0,154,,4226,,,0,109,,4225,,,0,109,,4222,,,0,115,,4227,,,0,100,,4229,,,0
1003101,'4958',923,,4238,,,0,215,,4237,,,0,75,,4231,,,0,110,,4233,,,0,110,,4234,,,0,114,,4235,,,0,155,,4236,,,0,110,,4232,,,0,109,,4239,,,0,115,,4240,,,0,98,,4241,,,0
