101,'4528',550,,3923,21,,,0,67,,3924,21,,,0,30,,3925,21,,,0,70,,3926,21,,,0,22,,3922,21,,,0,15,,3927,21,,,0,56,,3928,21,,,0,21,,3929,21,,,0,21,,3930,21,,,0,63,,3931,21,,,0,21,,3932,21,,,0,21,,3933,21,,,0,61,,3934,21,,,0,22,,3935,21,,,0,61,,3936,21,,,0,22,,3937,21,,,0,23,,3938,21,,,0,62,,3939,21,,,0,21,,3940,21,,,0,23,,3941,21,,,0,66,,3942,21,,,0,26,,3943,21,,,0,60,,3944,21,,,0,24,,3945,21,,,0,18,,3946,21,,,0,55,,3947,21,,,0,16,,3948,21,,,0,15,,3949,21,,,0,15,,3950,21,,,0,55,,3951,21,,,0,15,,3952,21,,,0,15,,3953,21,,,0,15,,3954,21,,,0,54,,3955,21,,,0,15,,3956,21,,,0,14,,3957,21,,,0,12,,3958,21,,,0,13,,3959,21,,,0,61,,3960,21,,,0,20,,3961,21,,,0,20,,3962,21,,,0,60,,3970,21,,,0,29,,3963,21,,,0,65,,3964,21,,,0,25,,3965,21,,,0,24,,3971,21,,,0,63,,3966,21,,,0,30,,3967,21,,,0,76,,3968,21,,,0,72,,3969,21,,,0
101,'4532',625,,3973,21,,,0,75,,3972,21,,,0,30,,3974,21,,,0,72,,3975,21,,,0,28,,3976,21,,,0,75,,3977,21,,,0,43,,3978,21,,,0,74,,3979,21,,,0,32,,3980,21,,,0,69,,3981,21,,,0,29,,3982,21,,,0,67,,3983,21,,,0,29,,3984,21,,,0,70,,3985,21,,,0,30,,3986,21,,,0,70,,3987,21,,,0,30,,3988,21,,,0,70,,3989,21,,,0,30,,3990,21,,,0,70,,3991,21,,,0,30,,3992,21,,,0,69,,3993,21,,,0,28,,3994,21,,,0,69,,3995,21,,,0,38,,3996,21,,,0,79,,3997,21,,,0,77,,3998,21,,,0,35,,3999,21,,,0,76,,4000,21,,,0,35,,4001,21,,,0,72,,4003,21,,,0,75,,4002,21,,,0
101,'5221',625,,4004,21,,,0,80,,4005,21,,,0,45,,4006,21,,,0,80,,4007,21,,,0,79,,4008,21,,,0,38,,4009,21,,,0,94,,4010,21,,,0,88,,4011,21,,,0,85,,4012,21,,,0,40,,4013,21,,,0,80,,4014,21,,,0,79,,4015,21,,,0,40,,4016,21,,,0,80,,4017,21,,,0,80,,4018,21,,,0,40,,4019,21,,,0,81,,4020,21,,,0,81,,4021,21,,,0,41,,4022,21,,,0,80,,4023,21,,,0,81,,4024,21,,,0,83,,4025,21,,,0
201,'4528',515,,4130,22,,,0,35,,4131,22,,,0,78,,4132,22,,,0,75,,4133,22,,,0,18,,4134,22,,,0,16,,4135,22,,,0,17,,4136,22,,,0,55,,4137,22,,,0,15,,4138,22,,,0,18,,4139,22,,,0,16,,4140,22,,,0,59,,4141,22,,,0,19,,4142,22,,,0,20,,4143,22,,,0,62,,4144,22,,,0,22,,4145,22,,,0,65,,4146,22,,,0,24,,4147,22,,,0,21,,4148,22,,,0,62,,4149,22,,,0,23,,4150,22,,,0,23,,4151,22,,,0,62,,4152,22,,,0,22,,4153,22,,,0,62,,4154,22,,,0,25,,4155,22,,,0,16,,4156,22,,,0,55,,4157,22,,,0,14,,4158,22,,,0,15,,4159,22,,,0,15,,4160,22,,,0,15,,4161,22,,,0,54,,4163,22,,,0,14,,4162,22,,,0,14,,4164,22,,,0,15,,4165,22,,,0,55,,4166,22,,,0,17,,4167,22,,,0,22,,4168,22,,,0,60,,4169,22,,,0,25,,4170,22,,,0,23,,4178,22,,,0,64,,4171,22,,,0,25,,4172,22,,,0,65,,4173,22,,,0,25,,4179,22,,,0,65,,4174,22,,,0,28,,4175,22,,,0,72,,4176,22,,,0,34,,4177,22,,,0
201,'4532',602,,4181,22,,,0,31,,4182,22,,,0,68,,4183,22,,,0,35,,4184,22,,,0,75,,4185,22,,,0,34,,4180,22,,,0,71,,4186,22,,,0,34,,4187,22,,,0,78,,4188,22,,,0,30,,4189,22,,,0,70,,4190,22,,,0,29,,4191,22,,,0,70,,4193,22,,,0,28,,4194,22,,,0,69,,4195,22,,,0,29,,4192,22,,,0,70,,4196,22,,,0,30,,4197,22,,,0,70,,4198,22,,,0,31,,4199,22,,,0,70,,4200,22,,,0,26,,4201,22,,,0,70,,4202,22,,,0,30,,4204,22,,,0,76,,4205,22,,,0,76,,4206,22,,,0,36,,4203,22,,,0,75,,4207,22,,,0,37,,4209,22,,,0,75,,4208,22,,,0,75,,4210,22,,,0,36,,4211,22,,,0
201,'5221',618,,4212,22,,,0,40,,4213,22,,,0,79,,4214,22,,,0,80,,4215,22,,,0,86,,4216,22,,,0,46,,4217,22,,,0,79,,4218,22,,,0,83,,4219,22,,,0,37,,4232,22,,,0,80,,4220,22,,,0,79,,4221,22,,,0,38,,4222,22,,,0,80,,4223,22,,,0,80,,4224,22,,,0,40,,4225,22,,,0,80,,4226,22,,,0,80,,4227,22,,,0,41,,4229,22,,,0,79,,4228,22,,,0,80,,4230,22,,,0,39,,4231,22,,,0,85,,4234,22,,,0,98,,4233,22,,,0
1701,'4528',627,,4730,3,0,29 23,0,75,,4731,3,0,29 23,0,50,,4732,3,0,29 23,0,766,,4726,3,0,29 23,0,85,,4727,3,0,29 23,0,45,,4728,3,0,29 23,0,85,,4729,3,0,29 23,0,84,,4725,3,0,29 23,0
2101,'4528',601,,4776,3,,,0,43,,4777,3,,,0,166,,4775,3,,,0,97,,4774,3,,,0,32,,4778,3,,,0,99,,4773,3,,,0,162,,4766,3,,,0,130,,4771,3,,,0,91,,4767,3,,,0,81,,4768,3,,,0,107,,4772,3,,,0,49,,4770,3,,,0,149,,4765,3,,,0,122,,4769,3,,,0
2101,'4532',725,,4787,3,,,0,129,,4788,3,,,0,179,,4786,3,,,0,122,,4782,3,,,0,172,,4780,3,,,0,105,,4781,3,,,0,100,,4783,3,,,0,100,,4784,3,,,0,169,,4785,3,,,0,131,,4779,3,,,0
2101,'5221',802,,4797,3,,,0,99,,4789,3,,,0,135,,4790,3,,,0,170,,4791,3,,,0,132,,4792,3,,,0,173,,4793,3,,,0,130,,4794,3,,,0,174,,4795,3,,,0,129,,4796,3,,,0
1002101,'4528',719,,6122,3,,,0
