'3610',3400,80500,,'',0,3000,,'',0,7400,,'',0,3200,,'',0,7000,,'',0,3500,,'',0,7600,,'',0,3500,,'',0,7500,,'',0,7500,,'',0,3500,,'',0,7500,,'',0,4000,,'',0,7500,,'',0,8000,,'',0,3500,,'',0,7500,,'',0,3500,,'',0,15000,,'',0,11400,,'',0
'3610',3401,80500,4,'',0,3000,4,'',0,7400,4,'',0,3200,4,'',0,7000,4,'',0,3500,4,'',0,7600,4,'',0,3500,4,'',0,7500,4,'',0,7500,4,'',0,3500,4,'',0,7500,4,'',0,4000,4,'',0,7500,4,'',0,8000,4,'',0,3500,4,'',0,7500,4,'',0,3500,4,'',0,15000,4,'',0,11400,4,'',0
'3941',3400,80500,,'',0,14500,,'',0,17100,,'',0,3500,,'',0,7500,,'',0,7500,,'',0,3500,,'',0,7500,,'',0,4000,,'',0,7500,,'',0,8000,,'',0,3500,,'',0,7500,,'',0,19400,,'',0
'3941',3401,80500,4,'',0,14500,4,'',0,17100,4,'',0,3500,4,'',0,7500,4,'',0,7500,4,'',0,3500,4,'',0,7500,4,'',0,4000,4,'',0,7500,4,'',0,8000,4,'',0,3500,4,'',0,7500,4,'',0,19400,4,'',0
'3943',3400,63000,,'',0,7100,,'',0,3000,,'',0,7200,,'',0,3600,,'',0,7000,,'',0,3200,,'',0,7100,,'',0,3500,,'',0,7500,,'',0,3500,,'',0,7500,,'',0,7500,,'',0,3500,,'',0,7600,,'',0,4000,,'',0,7600,,'',0,7900,,'',0,3500,,'',0,7800,,'',0,7400,,'',0,3500,,'',0,7400,,'',0,4500,,'',0,9700,,'',0,9900,,'',0
'3943',3401,63000,4,'',0,7100,4,'',0,3000,4,'',0,7200,4,'',0,3600,4,'',0,7000,4,'',0,3200,4,'',0,7100,4,'',0,3500,4,'',0,7500,4,'',0,3500,4,'',0,7500,4,'',0,7500,4,'',0,3500,4,'',0,7600,4,'',0,4000,4,'',0,7600,4,'',0,7900,4,'',0,3500,4,'',0,7800,4,'',0,7400,4,'',0,3500,4,'',0,7400,4,'',0,4500,4,'',0,9700,4,'',0,9900,4,'',0
'3944',3400,60000,,'',0
'3944',3401,60000,4,'',0
'3946',3400,60000,,'',0
'3946',3401,60000,4,'',0
