300,'4528',544,,4236,2,,,0,70,,4237,2,,,0,30,,4238,2,,,0,74,,4239,2,,,0,32,,4240,2,,,0,75,,4241,2,,,0,34,,4242,2,,,0,74,,4243,2,,,0,74,,4244,2,,,0,34,,4235,2,,,0,74,,4245,2,,,0,34,,4246,2,,,0,75,,4247,2,,,0,34,,4248,2,,,0,80,,4249,2,,,0,75,,4250,2,,,0,35,,4251,2,,,0,80,,4252,2,,,0,76,,4253,2,,,0,34,,4254,2,,,0,79,,4255,2,,,0,37,,4256,2,,,0,76,,4258,2,,,0,76,,4257,2,,,0,30,,4259,2,,,0,101,,4260,2,,,0,104,,4261,2,,,0,103,,4262,2,,,0
300,'5015',559,,4287,2,,,0,90,,4286,2,,,0,98,,4288,2,,,0,87,,4263,2,,,0,67,,4264,2,,,0,40,,4265,2,,,0,75,,4267,2,,,0,29,,4268,2,,,0,75,,4269,2,,,0,35,,4266,2,,,0,73,,4270,2,,,0,79,,4271,2,,,0,35,,4272,2,,,0,75,,4273,2,,,0,41,,4274,2,,,0,75,,4275,2,,,0,71,,4276,2,,,0,36,,4277,2,,,0,76,,4278,2,,,0,36,,4279,2,,,0,86,,4280,2,,,0,75,,4281,2,,,0,36,,4282,2,,,0,90,,4283,2,,,0,102,,4284,2,,,0,101,,4285,2,,,0
300,'5221',628,,4289,2,,,0,95,,4290,2,,,0,88,,4303,2,,,0,92,,4292,2,,,0,50,,4293,2,,,0,97,,4294,2,,,0,94,,4291,2,,,0,99,,4295,2,,,0,101,,4296,2,,,0,100,,4297,2,,,0,100,,4298,2,,,0,104,,4299,2,,,0,100,,4300,2,,,0,96,,4301,2,,,0,100,,4302,2,,,0
500,'4528',609,,4425,2,,,0,43,,4426,2,,,0,76,,4427,2,,,0,75,,4428,2,,,0,35,,4429,2,,,0,74,,4430,2,,,0,36,,4431,2,,,0,76,,4432,2,,,0,77,,4433,2,,,0,36,,4434,2,,,0,76,,4435,2,,,0,35,,4436,2,,,0,76,,4437,2,,,0,35,,4438,2,,,0,77,,4439,2,,,0,80,,4440,2,,,0,35,,4441,2,,,0,74,,4442,2,,,0,80,,4443,2,,,0,35,,4444,2,,,0,70,,4445,2,,,0,35,,4446,2,,,0,74,,4447,2,,,0,33,,4448,2,,,0,75,,4449,2,,,0,29,,4450,2,,,0,98,,4451,2,,,0,100,,4452,2,,,0
500,'5015',612,,4477,2,,,0,95,,4476,2,,,0,52,,4475,2,,,0,141,,4478,2,,,0,52,,4453,2,,,0,73,,4454,2,,,0,80,,4455,2,,,0,37,,4456,2,,,0,70,,4458,2,,,0,35,,4459,2,,,0,75,,4460,2,,,0,35,,4457,2,,,0,80,,4461,2,,,0,77,,4462,2,,,0,35,,4463,2,,,0,80,,4464,2,,,0,75,,4465,2,,,0,28,,4466,2,,,0,75,,4467,2,,,0,34,,4468,2,,,0,73,,4469,2,,,0,43,,4470,2,,,0,75,,4471,2,,,0,75,,4472,2,,,0,48,,4473,2,,,0,99,,4474,2,,,0
500,'5221',636,,4479,2,,,0,102,,4480,2,,,0,96,,4481,2,,,0,92,,4493,2,,,0,96,,4482,2,,,0,90,,4483,2,,,0,102,,4485,2,,,0,96,,4486,2,,,0,101,,4487,2,,,0,102,,4484,2,,,0,100,,4488,2,,,0,97,,4489,2,,,0,104,,4490,2,,,0,95,,4491,2,,,0,93,,4492,2,,,0
1701,'4528',646,,4730,30,,,0,76,,4731,30,,,0,92,,4732,30,,,0,726,,4726,30,,,0,88,,4727,30,,,0,85,,4728,30,,,0,41,,4729,30,,,0,84,,4725,30,,,0
2100,'4528',651,,4744,21,,,0,86,,4740,21,,,0,84,,4741,21,,,0,96,,4742,21,,,0,85,,4743,21,,,0,33,,4745,21,,,0,99,,4739,21,,,0,125,,4737,21,,,0,172,,4738,21,,,0,281,,4736,21,,,0,45,,4734,21,,,0,144,,4735,21,,,0,120,,4733,21,,,0
2100,'5015',815,,4753,21,,,0,133,,4755,21,,,0,179,,4754,21,,,0,183,,4749,21,,,0,118,,4750,21,,,0,103,,4751,21,,,0,98,,4752,21,,,0,99,,4747,21,,,0,176,,4748,21,,,0,133,,4746,21,,,0
2100,'5221',852,,4763,21,,,0,100,,4764,21,,,0,175,,4756,21,,,0,132,,4758,21,,,0,173,,4757,21,,,0,173,,4759,21,,,0,129,,4760,21,,,0,171,,4761,21,,,0,129,,4762,21,,,0
1002100,'4528',1535,,6120,26,,,0,80,,6121,26,,,0
