5201,'4327',848,,3125,17,,,0,100,,3123,17,,,0,99,,3116,17,,,0,100,,3115,17,,,0,100,,3118,17,,,0,100,,3119,17,,,0,100,,3117,17,,,0,100,,3120,17,,,0,100,,3121,17,,,0,101,,3122,17,,,0,110,,3124,17,,,0,99,,3126,17,,,0,90,,3127,17,,,0
5201,'4332',748,,3142,17,,,0,99,,3135,17,,,0,100,,3141,17,,,0,100,,3134,17,,,0,99,,3138,17,,,0,100,,3132,17,,,0,100,,3139,17,,,0,100,,3131,17,,,0,100,,3140,17,,,0,100,,3130,17,,,0,100,,3137,17,,,0,101,,3129,17,,,0,100,,3136,17,,,0,110,,3133,17,,,0,170,,3128,17,,,0,174,,3143,17,,,0
5201,'4480',704,,3150,17,,,0,97,,3151,17,,,0,115,,3152,17,,,0,105,,3153,17,,,0,110,,3154,17,,,0,99,,3155,17,,,0,105,,3156,17,,,0,100,,3157,17,,,0,110,,3158,17,,,0,100,,3159,17,,,0,106,,3145,17,,,0,95,,3146,17,,,0,109,,3147,17,,,0,102,,3148,17,,,0,170,,3149,17,,,0,173,,3144,17,,,0
5401,'4327',849,,3218,47,,,0,98,,3219,76,,,0,102,,3217,76,,,0,103,,3210,76,,,0,101,,3211,76,,,0,100,,3212,76,,,0,100,,3213,76,,,0,98,,3215,76,,,0,99,,3209,76,,,0,100,,3214,76,,,0,99,,3216,76,,,0,108,,3220,76,,,0,100,,3221,76,,,0
5401,'4332',750,,3238,47,,,0,99,,3237,76,,,0,103,,3229,76,,,0,100,,3235,76,,,0,102,,3228,76,,,0,100,,3234,76,,,0,100,,3226,76,,,0,100,,3233,76,,,0,100,,3225,76,,,0,100,,3232,76,,,0,98,,3224,76,,,0,100,,3231,76,,,0,99,,3223,76,,,0,99,,3230,76,,,0,109,,3222,76,,,0,172,,3227,76,,,0
5401,'4480',602,,3239,47,,,0,100,,3241,76,,,0,120,,3242,76,,,0,87,,3243,76,,,0,112,,3244,76,,,0,106,,3245,76,,,0,111,,3246,76,,,0,101,,3240,76,,,0,113,,3247,76,,,0,106,,3248,76,,,0,99,,3249,76,,,0,98,,3250,76,,,0,103,,3251,76,,,0,94,,3252,76,,,0,148,,3253,76,,,0,58,,3254,76,,,0,169,,3255,76,,,0
5801,'4327',817,,3355,30,,,0,120,,3351,30,,,0,100,,3345,30,,,0,100,,3353,30,,,0,100,,3346,30,,,0,100,,3347,30,,,0,100,,3348,30,,,0,100,,3354,30,,,0,100,,3349,30,,,0,100,,3350,30,,,0,100,,3352,30,,,0,95,,3356,30,,,0,100,,3357,30,,,0
5801,'4332',817,,3370,30,,,0,120,,3366,30,,,0,100,,3365,30,,,0,100,,3369,30,,,0,100,,3361,30,,,0,100,,3360,30,,,0,100,,3364,30,,,0,100,,3368,30,,,0,100,,3367,30,,,0,100,,3363,30,,,0,100,,3359,30,,,0,170,,3358,30,,,0,130,,3362,30,,,0,100,,3371,30,,,0
5801,'4480',558,,3386,19,,,0,95,,3382,30,,,0,176,,3383,30,,,0,121,,3384,30,,,0,100,,3385,30,,,0,101,,3375,30,,,0,100,,3376,30,,,0,100,,3377,30,,,0,105,,3378,30,,,0,101,,3379,30,,,0,96,,3380,30,,,0,97,,3381,30,,,0,98,,3373,30,,,0,160,,3374,30,,,0,130,,3372,30,,,0
5900,'4480',1626,,3387,14,,,0,95,,3388,14,,,0
5901,'4480',654,,3390,21,,,0,100,,3389,21,,,0
