'3344',100,60000,,'',0,3000,,'',0,7000,,'',0,3000,,'',0,7500,,'',0,3500,,'',0,7500,,'',0,3500,,'',0,7500,,'',0,7700,,'',0,2800,,'',0,7000,,'',0,3000,,'',0,7000,,'',0,3000,,'',0,7000,,'',0,3000,,'',0,7000,,'',0,3000,,'',0,7000,,'',0,3000,,'',0,7000,,'',0,2500,,'',0,3000,,'',0,7000,,'',0,3300,,'',0,7700,,'',0,7700,,'',0,3300,,'',0,7500,,'',0,3500,,'',0,7500,,'',0
'3344',101,63800,4,'',0,7500,4,'',0,3000,4,'',0,7500,4,'',0,3000,4,'',0,7500,4,'',0,8000,4,'',0,3800,4,'',0,6700,4,'',0,3000,4,'',0,6900,4,'',0,2900,4,'',0,7000,4,'',0,3000,4,'',0,7000,4,'',0,3100,4,'',0,7000,4,'',0,3000,4,'',0,7000,4,'',0,3000,4,'',0,7000,4,'',0,3000,4,'',0,6500,4,'',0,3000,4,'',0,7500,4,'',0,3500,4,'',0,8000,4,'',0,3500,4,'',0,7500,4,'',0,7500,4,'',0,3300,4,'',0,7500,4,'',0
'3707',100,51500,,'',0,3000,,'',0,7100,,'',0,2100,,'',0,2100,,'',0,6000,,'',0,1600,,'',0,1800,,'',0,5600,,'',0,1600,,'',0,1600,,'',0,1500,,'',0,5500,,'',0,1500,,'',0,2100,,'',0,6200,,'',0,2000,,'',0,2200,,'',0,6200,,'',0,2300,,'',0,6600,,'',0,2200,,'',0,2200,,'',0,6300,,'',0,2300,,'',0,2200,,'',0,6300,,'',0,2400,,'',0,6000,,'',0,1900,,'',0,1500,,'',0,1500,,'',0,5500,,'',0,1500,,'',0,1400,,'',0,1500,,'',0,5500,,'',0,1400,,'',0,1400,,'',0,1400,,'',0,5500,,'',0,1800,,'',0,1900,,'',0,6800,,'',0,3000,,'',0,7500,,'',0,3500,,'',0,7800,,'',0,3200,,'',0,7500,,'',0
'3707',101,60300,4,'',0,2700,4,'',0,7200,4,'',0,2100,4,'',0,3200,4,'',0,5500,4,'',0,1600,4,'',0,2000,4,'',0,6000,4,'',0,2200,4,'',0,2100,4,'',0,6200,4,'',0,2200,4,'',0,2300,4,'',0,6200,4,'',0,2200,4,'',0,6300,4,'',0,2200,4,'',0,2200,4,'',0,6500,4,'',0,2500,4,'',0,6400,4,'',0,2400,4,'',0,2100,4,'',0,5700,4,'',0,1600,4,'',0,1700,4,'',0,1500,4,'',0,5400,4,'',0,1500,4,'',0,1400,4,'',0,1500,4,'',0,5500,4,'',0,1400,4,'',0,1400,4,'',0,1400,4,'',0,5400,4,'',0,1400,4,'',0,1800,4,'',0,2000,4,'',0,6000,4,'',0,3600,4,'',0,7500,4,'',0,3500,4,'',0,7500,4,'',0,7500,4,'',0,3500,4,'',0,7500,4,'',0
'3859',100,60000,,'',0,4500,,'',0,8000,,'',0,8000,,'',0,4000,,'',0,8800,,'',0,8700,,'',0,8000,,'',0,4200,,'',0,7800,,'',0,8000,,'',0,4000,,'',0,8000,,'',0,8000,,'',0,4000,,'',0,8000,,'',0,8000,,'',0,4000,,'',0,8000,,'',0,8000,,'',0,4000,,'',0,8000,,'',0
'3859',101,63800,4,'',0,8000,4,'',0,8500,4,'',0,4300,4,'',0,7700,4,'',0,8000,4,'',0,5500,4,'',0,8900,4,'',0,8500,4,'',0,7800,4,'',0,4000,4,'',0,8000,4,'',0,8000,4,'',0,4000,4,'',0,8000,4,'',0,8000,4,'',0,4200,4,'',0,8000,4,'',0,8000,4,'',0,4000,4,'',0,8000,4,'',0
'3344',200,60500,,'',0,3500,,'',0,7500,,'',0,3000,,'',0,7500,,'',0,3000,,'',0,7500,,'',0,8000,,'',0,3800,,'',0,6700,,'',0,3000,,'',0,7000,,'',0,2900,,'',0,7000,,'',0,3000,,'',0,7000,,'',0,3100,,'',0,7000,,'',0,3000,,'',0,7000,,'',0,3000,,'',0,7000,,'',0,3000,,'',0,6500,,'',0,3000,,'',0,7500,,'',0,3500,,'',0,8000,,'',0,7500,,'',0,3500,,'',0,7500,,'',0
'3344',201,62300,4,'',0,3500,4,'',0,7000,4,'',0,7500,4,'',0,3500,4,'',0,7500,4,'',0,3500,4,'',0,7400,4,'',0,3700,4,'',0,6800,4,'',0,2900,4,'',0,7000,4,'',0,3000,4,'',0,7000,4,'',0,3000,4,'',0,7000,4,'',0,3000,4,'',0,7000,4,'',0,3000,4,'',0,7000,4,'',0,3000,4,'',0,6500,4,'',0,3000,4,'',0,7000,4,'',0,3300,4,'',0,7700,4,'',0,7700,4,'',0,3300,4,'',0,7600,4,'',0,3500,4,'',0,7500,4,'',0,7500,4,'',0
'3707',200,53000,,'',0,7500,,'',0,2700,,'',0,7200,,'',0,2100,,'',0,1700,,'',0,1500,,'',0,5600,,'',0,1600,,'',0,2000,,'',0,6000,,'',0,2200,,'',0,2100,,'',0,6200,,'',0,2200,,'',0,2300,,'',0,6200,,'',0,2200,,'',0,6300,,'',0,2200,,'',0,2200,,'',0,6500,,'',0,2500,,'',0,6400,,'',0,2400,,'',0,2100,,'',0,5800,,'',0,1600,,'',0,1700,,'',0,1500,,'',0,5400,,'',0,1500,,'',0,1400,,'',0,1500,,'',0,5500,,'',0,1500,,'',0,1300,,'',0,1900,,'',0,6200,,'',0,1800,,'',0,2000,,'',0,6000,,'',0,3500,,'',0,7500,,'',0,7500,,'',0,3500,,'',0,7500,,'',0
'3707',201,53900,4,'',0,7500,4,'',0,4200,4,'',0,7500,4,'',0,1800,4,'',0,5600,4,'',0,1600,4,'',0,1600,4,'',0,1500,4,'',0,5500,4,'',0,1500,4,'',0,2100,4,'',0,6200,4,'',0,2000,4,'',0,2200,4,'',0,6200,4,'',0,2300,4,'',0,2600,4,'',0,6200,4,'',0,2200,4,'',0,6300,4,'',0,2300,4,'',0,2200,4,'',0,6300,4,'',0,2300,4,'',0,1900,4,'',0,5900,4,'',0,1500,4,'',0,1500,4,'',0,1500,4,'',0,5500,4,'',0,1400,4,'',0,1500,4,'',0,1500,4,'',0,5500,4,'',0,1400,4,'',0,1400,4,'',0,1500,4,'',0,5900,4,'',0,1900,4,'',0,1400,4,'',0,5400,4,'',0,3000,4,'',0,7500,4,'',0,3500,4,'',0,7800,4,'',0,3300,4,'',0,7500,4,'',0,7300,4,'',0
'3859',200,60500,,'',0,3500,,'',0,8000,,'',0,8500,,'',0,4300,,'',0,7700,,'',0,8000,,'',0,9500,,'',0,4900,,'',0,8600,,'',0,7800,,'',0,4000,,'',0,8000,,'',0,8000,,'',0,4000,,'',0,8000,,'',0,8000,,'',0,4200,,'',0,8000,,'',0,8000,,'',0,4000,,'',0
'3859',201,63800,4,'',0,8500,4,'',0,8000,4,'',0,4000,4,'',0,8800,4,'',0,8600,4,'',0,4000,4,'',0,8100,4,'',0,7800,4,'',0,4000,4,'',0,8000,4,'',0,8000,4,'',0,4000,4,'',0,8000,4,'',0,8000,4,'',0,4000,4,'',0,8000,4,'',0,8000,4,'',0,4000,4,'',0,8000,4,'',0,8000,4,'',0,4000,4,'',0
