2100,'4944',755,,951,,,0,170,,953,,,0,180,,952,,,0,140,,947,,,0,155,,948,,,0,106,,949,,,0,100,,950,,,0,100,,945,,,0,135,,946,,,0,174,,944,,,0
2100,'4946',827,,930,,,0,105,,922,,,0,173,,923,,,0,130,,925,,,0,170,,924,,,0,132,,926,,,0,173,,927,,,0,130,,928,,,0,170,,929,,,0
2100,'4955',630,,2348,,,0,85,,2344,,,0,85,,2345,,,0,50,,2346,,,0,85,,2347,,,0,77,,2349,,,0,95,,2343,,,0,128,,2341,,,0,167,,2342,,,0,245,,2340,,,0,88,,2338,,,0,105,,2339,,,0,160,,2337,,,0
2100,'4957',755,,2357,,,0,170,,2359,,,0,180,,2358,,,0,140,,2353,,,0,155,,2354,,,0,106,,2355,,,0,100,,2356,,,0,100,,2351,,,0,135,,2352,,,0,174,,2350,,,0
2100,'4958',827,,2368,,,0,105,,2360,,,0,173,,2361,,,0,130,,2363,,,0,170,,2362,,,0,132,,2364,,,0,173,,2365,,,0,130,,2366,,,0,170,,2367,,,0
2101,'4944',752,,985,4,,0,168,,986,4,,0,182,,984,4,,0,125,,980,4,,0,130,,978,4,,0,146,,979,4,,0,100,,981,4,,0,100,,982,4,,0,128,,983,4,,0,124,,977,4,,0
2101,'4946',824,,962,4,,0,105,,954,4,,0,173,,955,4,,0,130,,956,4,,0,170,,957,4,,0,132,,958,4,,0,173,,959,4,,0,130,,960,4,,0,170,,961,4,,0
2101,'4955',628,,2380,4,,0,85,,2381,4,,0,134,,2379,4,,0,85,,2378,4,,0,77,,2382,4,,0,95,,2377,4,,0,127,,2370,4,,0,127,,2375,4,,0,146,,2371,4,,0,35,,2372,4,,0,105,,2376,4,,0,88,,2374,4,,0,105,,2369,4,,0,120,,2373,4,,0
2101,'4957',752,,2391,4,,0,168,,2392,4,,0,182,,2390,4,,0,125,,2386,4,,0,130,,2384,4,,0,146,,2385,4,,0,100,,2387,4,,0,100,,2388,4,,0,128,,2389,4,,0,124,,2383,4,,0
2101,'4958',824,,2401,4,,0,105,,2393,4,,0,173,,2394,4,,0,130,,2395,4,,0,170,,2396,4,,0,132,,2397,4,,0,173,,2398,4,,0,130,,2399,4,,0,170,,2400,4,,0
1002100,'4955',1508,,2736,,,0,35,,2737,,,0
1002101,'4955',757,,2738,4,,0
