3100,'4528',747,,4798,16,4,,0,72,,4799,16,4,,0,32,,4800,16,4,,0,103,,4801,16,4,,0,148,,4802,16,4,,0,110,,4803,16,4,,0,110,,4804,16,4,,0,114,,4805,16,4,,0,100,,4806,16,4,,0,78,,4807,16,4,,0,35,,4808,16,4,,0,75,,4809,16,4,,0,33,,4810,16,4,,0,75,,4811,16,4,,0
3100,'4532',925,,4815,16,4,,0,105,,4819,16,4,,0,110,,4813,16,4,,0,110,,4812,16,4,,0,150,,4814,16,4,,0,115,,4816,16,4,,0,115,,4818,16,4,,0,110,,4817,16,4,,0
3100,'5221',1030,,4826,16,4,,0,110,,4820,16,4,,0,110,,4821,16,4,,0,150,,4822,16,4,,0,115,,4823,16,4,,0,115,,4825,16,4,,0,110,,4824,16,4,,0
3201,'4528',611,,4862,31,4,,0,31,,4863,31,4,,0,71,,4864,31,4,,0,31,,4861,31,4,,0,70,,4865,31,4,,0,34,,4866,31,4,,0,74,,4867,31,4,,0,30,,4868,31,4,,0,72,,4869,31,4,,0,34,,4870,31,4,,0,76,,4871,31,4,,0,75,,4872,31,4,,0,35,,4873,31,4,,0,75,,4874,31,4,,0,35,,4875,31,4,,0,81,,4876,31,4,,0,78,,4877,31,4,,0,39,,4878,31,4,,0,78,,4879,31,4,,0,75,,4880,31,4,,0,38,,4881,31,4,,0,69,,4882,31,4,,0,32,,4883,31,4,,0,78,,4884,31,4,,0,85,,4885,31,4,,0,27,,4886,31,4,,0,95,,4887,31,4,,0,104,,4888,31,4,,0
3201,'4532',818,,4900,31,4,,0,30,,4891,31,4,,0,75,,4911,31,4,,0,32,,4889,31,4,,0,70,,4892,31,4,,0,76,,4897,31,4,,0,35,,4890,31,4,,0,77,,4909,31,4,,0,35,,4894,31,4,,0,75,,4893,31,4,,0,35,,4898,31,4,,0,75,,4895,31,4,,0,80,,4910,31,4,,0,35,,4899,31,4,,0,80,,4896,31,4,,0,75,,4905,31,4,,0,33,,4901,31,4,,0,75,,4912,31,4,,0,34,,4902,31,4,,0,74,,4904,31,4,,0,85,,4903,31,4,,0,29,,4907,31,4,,0,70,,4906,31,4,,0,130,,4908,31,4,,0
3201,'5221',817,,4927,31,4,,0,106,,4926,31,4,,0,104,,4921,31,4,,0,73,,4928,31,4,,0,36,,4915,31,4,,0,76,,4914,31,4,,0,35,,4922,31,4,,0,75,,4913,31,4,,0,35,,4923,31,4,,0,75,,4918,31,4,,0,81,,4924,31,4,,0,35,,4919,31,4,,0,78,,4920,31,4,,0,75,,4917,31,4,,0,34,,4925,31,4,,0,74,,4916,31,4,,0,110,,4929,31,4,,0,115,,4930,31,4,,0
3301,'4528',550,,4932,1,0,25 50,0,62,,4932,28,4,,0,8,,4933,1,0,25 50,0,22,,4933,28,4,,0,8,,4934,1,0,25 50,0,62,,4934,28,4,,0,8,,4935,1,0,25 50,0,22,,4935,28,4,,0,8,,4936,1,0,25 50,0,64,,4936,28,4,,0,8,,4938,1,0,25 50,0,26,,4938,28,4,,0,7,,4958,1,0,25 50,0,66,,4958,28,4,,0,4,,4939,1,0,25 50,0,25,,4939,28,4,,0,7,,4940,1,0,25 50,0,65,,4940,28,4,,0,13,,4937,1,0,25 50,0,66,,4937,28,4,,0,9,,4941,1,0,25 50,0,26,,4941,28,4,,0,9,,4942,1,0,25 50,0,66,,4942,28,4,,0,9,,4943,1,0,25 50,0,26,,4943,28,4,,0,9,,4944,1,0,25 50,0,66,,4944,28,4,,0,9,,4945,1,0,25 50,0,27,,4945,28,4,,0,53,,4946,1,0,25 50,0,27,,4946,28,4,,0,8,,4959,1,0,25 50,0,68,,4959,28,4,,0,12,,4947,1,0,25 50,0,29,,4947,28,4,,0,46,,4948,1,0,25 50,0,27,,4948,28,4,,0,8,,4949,1,0,25 50,0,67,,4949,28,4,,0,10,,4956,1,0,25 50,0,28,,4956,28,4,,0,5,,4950,1,0,25 50,0,67,,4950,28,4,,0,5,,4951,1,0,25 50,0,26,,4951,28,4,,0,12,,4952,1,0,25 50,0,66,,4952,28,4,,0,21,,4953,1,0,25 50,0,66,,4953,28,4,,0,2,,4954,1,0,25 50,0,24,,4954,28,4,,0,3,,4955,1,0,25 50,0,63,,4955,28,4,,0,5,,4957,1,0,25 50,0,23,,4957,28,4,,0
3301,'4532',755,,4964,1,0,25 50,0,61,,4964,28,4,,0,9,,4978,1,0,25 50,0,21,,4978,28,4,,0,12,,4960,1,0,25 50,0,61,,4960,28,4,,0,11,,4962,1,0,25 50,0,23,,4962,28,4,,0,52,,4967,1,0,25 50,0,23,,4967,28,4,,0,12,,4961,1,0,25 50,0,63,,4961,28,4,,0,12,,4980,1,0,25 50,0,24,,4980,28,4,,0,11,,4963,1,0,25 50,0,64,,4963,28,4,,0,11,,4966,1,0,25 50,0,24,,4966,28,4,,0,51,,4974,1,0,25 50,0,25,,4974,28,4,,0,10,,4965,1,0,25 50,0,65,,4965,28,4,,0,10,,4977,1,0,25 50,0,25,,4977,28,4,,0,15,,4969,1,0,25 50,0,65,,4969,28,4,,0,10,,4968,1,0,25 50,0,25,,4968,28,4,,0,50,,4975,1,0,25 50,0,25,,4975,28,4,,0,10,,4972,1,0,25 50,0,65,,4972,28,4,,0,10,,4979,1,0,25 50,0,24,,4979,28,4,,0,11,,4971,1,0,25 50,0,64,,4971,28,4,,0,11,,4973,1,0,25 50,0,24,,4973,28,4,,0,96,,4970,1,0,25 50,0,62,,4970,28,4,,0,38,,4976,1,0,25 50,0,62,,4976,28,4,,0
3301,'5221',825,,4989,1,0,25 50,0,21,,4989,28,4,,0,84,,4994,1,0,25 50,0,24,,4994,28,4,,0,86,,4982,1,0,25 50,0,65,,4982,28,4,,0,10,,4981,1,0,25 50,0,25,,4981,28,4,,0,10,,4987,1,0,25 50,0,65,,4987,28,4,,0,10,,4983,1,0,25 50,0,25,,4983,28,4,,0,50,,4986,1,0,25 50,0,25,,4986,28,4,,0,10,,4990,1,0,25 50,0,65,,4990,28,4,,0,10,,4988,1,0,25 50,0,25,,4988,28,4,,0,15,,4992,1,0,25 50,0,65,,4992,28,4,,0,10,,4985,1,0,25 50,0,25,,4985,28,4,,0,50,,4991,1,0,25 50,0,25,,4991,28,4,,0,10,,4984,1,0,25 50,0,24,,4984,28,4,,0,51,,4993,1,0,25 50,0,24,,4993,28,4,,0,86,,4995,1,0,25 50,0,23,,4995,28,4,,0,97,,4997,1,0,25 50,0,62,,4997,28,4,,0,38,,4996,1,0,25 50,0,61,,4996,28,4,,0
3401,'4528',550,,4999,1,0,20 21,0,62,,4999,35,4,,0,8,,5000,1,0,20 21,0,23,,5000,35,4,,0,7,,5001,1,0,20 21,0,63,,5001,35,4,,0,7,,5002,1,0,20 21,0,23,,5002,35,4,,0,7,,5003,1,0,20 21,0,64,,5003,35,4,,0,8,,5004,1,0,20 21,0,25,,5004,35,4,,0,8,,5005,1,0,20 21,0,64,,5005,35,4,,0,6,,5006,1,0,20 21,0,23,,5006,35,4,,0,9,,5007,1,0,20 21,0,64,,5007,35,4,,0,9,,5008,1,0,20 21,0,25,,5008,35,4,,0,50,,5009,1,0,20 21,0,25,,5009,35,4,,0,10,,5010,1,0,20 21,0,65,,5010,35,4,,0,10,,5011,1,0,20 21,0,25,,5011,35,4,,0,10,,5012,1,0,20 21,0,66,,5012,35,4,,0,9,,5013,1,0,20 21,0,26,,5013,35,4,,0,54,,5014,1,0,20 21,0,26,,5014,35,4,,0,14,,5015,1,0,20 21,0,66,,5015,35,4,,0,9,,5016,1,0,20 21,0,26,,5016,35,4,,0,54,,5017,1,0,20 21,0,27,,5017,35,4,,0,8,,5018,1,0,20 21,0,67,,5018,35,4,,0,10,,5019,1,0,20 21,0,27,,5019,35,4,,0,6,,5020,1,0,20 21,0,66,,5020,35,4,,0,6,,5021,1,0,20 21,0,25,,5021,35,4,,0,13,,5022,1,0,20 21,0,64,,5022,35,4,,0,23,,5023,1,0,20 21,0,64,,5023,35,4,,0,31,,5024,1,0,20 21,0,63,,5024,35,4,,0,35,,5025,1,0,20 21,0,23,,5025,35,4,,0
3401,'4532',755,,5043,1,0,20 21,0,62,,5043,35,4,,0,8,,5026,1,0,20 21,0,23,,5026,35,4,,0,10,,5029,1,0,20 21,0,63,,5029,35,4,,0,9,,5033,1,0,20 21,0,23,,5033,35,4,,0,47,,5027,1,0,20 21,0,23,,5027,35,4,,0,12,,5042,1,0,20 21,0,23,,5042,35,4,,0,52,,5030,1,0,20 21,0,24,,5030,35,4,,0,11,,5031,1,0,20 21,0,64,,5031,35,4,,0,11,,5034,1,0,20 21,0,24,,5034,35,4,,0,11,,5032,1,0,20 21,0,64,,5032,35,4,,0,11,,5045,1,0,20 21,0,24,,5045,35,4,,0,51,,5028,1,0,20 21,0,24,,5028,35,4,,0,16,,5039,1,0,20 21,0,64,,5039,35,4,,0,11,,5040,1,0,20 21,0,24,,5040,35,4,,0,56,,5035,1,0,20 21,0,24,,5035,35,4,,0,11,,5044,1,0,20 21,0,24,,5044,35,4,,0,51,,5038,1,0,20 21,0,23,,5038,35,4,,0,12,,5037,1,0,20 21,0,63,,5037,35,4,,0,47,,5036,1,0,20 21,0,63,,5036,35,4,,0,92,,5041,1,0,20 21,0,23,,5041,35,4,,0
3401,'5221',755,,5058,1,0,20 21,0,62,,5058,35,4,,0,118,,5048,1,0,20 21,0,23,,5048,35,4,,0,152,,5050,1,0,20 21,0,24,,5050,35,4,,0,11,,5046,1,0,20 21,0,64,,5046,35,4,,0,11,,5049,1,0,20 21,0,24,,5049,35,4,,0,11,,5047,1,0,20 21,0,64,,5047,35,4,,0,11,,5056,1,0,20 21,0,24,,5056,35,4,,0,51,,5055,1,0,20 21,0,24,,5055,35,4,,0,16,,5051,1,0,20 21,0,64,,5051,35,4,,0,11,,5054,1,0,20 21,0,24,,5054,35,4,,0,56,,5057,1,0,20 21,0,24,,5057,35,4,,0,11,,5053,1,0,20 21,0,24,,5053,35,4,,0,51,,5052,1,0,20 21,0,23,,5052,35,4,,0,172,,5059,1,0,20 21,0,22,,5059,35,4,,0
3501,'4528',657,,5064,1,0,28,0,56,,5064,8,4,,0,12,,5065,1,0,28,0,17,,5065,8,4,,0,8,,5066,1,0,28,0,57,,5066,8,4,,0,15,,5067,1,0,28,0,19,,5067,8,4,,0,379,,5062,1,0,28,0,16,,5062,8,4,,0,284,,5063,1,0,28,0,19,,5063,8,4,,0,281,,5061,1,0,28,0,17,,5061,8,4,,0,103,,5060,1,0,28,0,16,,5060,8,4,,0
3501,'4532',825,,5069,1,0,28,0,16,,5069,8,4,,0,379,,5072,1,0,28,0,16,,5072,8,4,,0,264,,5068,1,0,28,0,16,,5068,8,4,,0,209,,5070,1,0,28,0,16,,5070,8,4,,0,104,,5071,1,0,28,0,56,,5071,8,4,,0
3501,'5221',825,,5074,1,0,28,0,18,,5074,8,4,,0,377,,5073,1,0,28,0,18,,5073,8,4,,0,262,,5077,1,0,28,0,18,,5077,8,4,,0,207,,5075,1,0,28,0,18,,5075,8,4,,0,102,,5076,1,0,28,0,58,,5076,8,4,,0
3900,'4528',626,,5083,1,,,0,18,,5083,8,4,,0,204,,5086,1,0,7 8,0,99,,5086,34,4,,0,10,,5080,1,0,7 8,0,88,,5080,33,4,,0,60,,5081,1,0,7 8,0,99,,5081,34,4,,0,46,,5082,1,0,7 8,0,89,,5082,33,4,,0,71,,5084,1,0,7 8,0,99,,5084,34,4,,0,91,,5085,1,0,7 8,0,59,,5085,34,4,,0,51,,5078,1,0,7 8,0,99,,5078,34,4,,0,31,,5079,1,0,7 8,0,88,,5079,33,4,,0
3900,'4532',845,,5088,1,0,7 8,0,89,,5088,33,4,,0,71,,5089,1,0,7 8,0,49,,5089,33,4,,0,56,,5087,1,0,7 8,0,90,,5087,33,4,,0,45,,5090,1,0,7 8,0,90,,5090,33,4,,0,20,,5092,1,0,7 8,0,90,,5092,33,4,,0,80,,5091,1,0,7 8,0,90,,5091,33,4,,0,15,,5094,1,0,7 8,0,89,,5094,33,4,,0,26,,5093,1,0,7 8,0,88,,5093,33,4,,0
3900,'5221',845,,5098,1,0,7 8,0,84,,5098,33,4,,0,76,,5101,1,0,7 8,0,45,,5101,33,4,,0,60,,5096,1,0,7 8,0,45,,5096,33,4,,0,90,,5095,1,0,7 8,0,85,,5095,33,4,,0,25,,5099,1,0,7 8,0,85,,5099,33,4,,0,85,,5097,1,0,7 8,0,85,,5097,33,4,,0,20,,5102,1,0,7 8,0,84,,5102,33,4,,0,31,,5100,1,0,7 8,0,84,,5100,33,4,,0
1003100,'4528',703,,6127,19,4,,0,29,,6128,19,4,,0,71,,6129,19,4,,0,31,,6130,19,4,,0,88,,6131,19,4,,0,105,,6132,19,4,,0,110,,6133,19,4,,0,110,,6134,19,4,,0,155,,6135,19,4,,0,114,,6136,19,4,,0,40,,6137,19,4,,0,75,,6124,19,4,,0,76,,6125,19,4,,0,34,,6123,19,4,,0,72,,6126,19,4,,0,39,,6138,19,4,,0,85,,6139,19,4,,0,121,,6140,19,4,,0,142,,6141,19,4,,0,108,,6142,19,4,,0
1003100,'4532',753,,6156,19,4,,0,101,,6145,19,4,,0,101,,6144,19,4,,0,150,,6143,19,4,,0,110,,6151,19,4,,0,110,,6155,19,4,,0,115,,6148,19,4,,0,115,,6152,19,4,,0,150,,6149,19,4,,0,110,,6150,19,4,,0,35,,6146,19,4,,0,155,,6147,19,4,,0,101,,6154,19,4,,0,98,,6153,19,4,,0
1003100,'5221',752,,6168,19,4,,0,102,,6160,19,4,,0,103,,6158,19,4,,0,148,,6162,19,4,,0,110,,6159,19,4,,0,110,,6157,19,4,,0,115,,6163,19,4,,0,115,,6164,19,4,,0,150,,6161,19,4,,0,140,,6165,19,4,,0,160,,6166,19,4,,0,103,,6167,19,4,,0
24003100,'4528',548,,6214,15,4,,0,70,,6211,15,4,,0,30,,6212,15,4,,0,70,,6213,15,4,,0
