200,'4528',545,,4026,20,,,0,74,,4027,20,,,0,29,,4028,20,,,0,71,,4029,20,,,0,16,,4030,20,,,0,15,,4031,20,,,0,63,,4032,20,,,0,16,,4033,20,,,0,17,,4034,20,,,0,61,,4035,20,,,0,20,,4036,20,,,0,23,,4037,20,,,0,61,,4038,20,,,0,21,,4039,20,,,0,22,,4040,20,,,0,63,,4041,20,,,0,23,,4042,20,,,0,62,,4043,20,,,0,23,,4044,20,,,0,22,,4045,20,,,0,61,,4046,20,,,0,23,,4047,20,,,0,26,,4048,20,,,0,66,,4049,20,,,0,20,,4050,20,,,0,66,,4051,20,,,0,18,,4052,20,,,0,15,,4053,20,,,0,16,,4054,20,,,0,55,,4055,20,,,0,14,,4056,20,,,0,15,,4057,20,,,0,15,,4058,20,,,0,54,,4059,20,,,0,15,,4060,20,,,0,14,,4061,20,,,0,15,,4062,20,,,0,58,,4063,20,,,0,20,,4064,20,,,0,20,,4065,20,,,0,60,,4066,20,,,0,19,,4067,20,,,0,20,,4073,20,,,0,69,,4068,20,,,0,24,,4069,20,,,0,65,,4070,20,,,0,23,,4074,20,,,0,23,,4071,20,,,0,69,,4072,20,,,0
200,'4532',619,,4075,20,,,0,35,,4076,20,,,0,75,,4077,20,,,0,71,,4078,20,,,0,33,,4079,20,,,0,71,,4080,20,,,0,36,,4081,20,,,0,84,,4082,20,,,0,35,,4083,20,,,0,73,,4084,20,,,0,70,,4086,20,,,0,30,,4087,20,,,0,68,,4088,20,,,0,30,,4085,20,,,0,70,,4089,20,,,0,30,,4090,20,,,0,70,,4091,20,,,0,29,,4092,20,,,0,30,,4093,20,,,0,70,,4095,20,,,0,29,,4096,20,,,0,70,,4094,20,,,0,28,,4097,20,,,0,67,,4098,20,,,0,29,,4099,20,,,0,76,,4100,20,,,0,78,,4101,20,,,0,35,,4102,20,,,0,75,,4103,20,,,0,34,,4104,20,,,0,74,,4105,20,,,0
200,'5221',619,,4106,20,,,0,35,,4107,20,,,0,80,,4108,20,,,0,86,,4109,20,,,0,80,,4110,20,,,0,42,,4111,20,,,0,82,,4112,20,,,0,95,,4113,20,,,0,89,,4114,20,,,0,46,,4115,20,,,0,81,,4116,20,,,0,80,,4117,20,,,0,40,,4118,20,,,0,80,,4119,20,,,0,80,,4120,20,,,0,40,,4121,20,,,0,79,,4122,20,,,0,80,,4123,20,,,0,39,,4124,20,,,0,79,,4125,20,,,0,80,,4126,20,,,0,40,,4128,20,,,0,78,,4127,20,,,0
200,'5357',2434,,4129,20,,,0
301,'4528',606,,4305,39,,,0,43,,4306,39,,,0,76,,4307,39,,,0,34,,4308,39,,,0,75,,4309,39,,,0,74,,4310,39,,,0,36,,4311,39,,,0,76,,4312,39,,,0,37,,4304,39,,,0,76,,4313,39,,,0,76,,4314,39,,,0,35,,4315,39,,,0,76,,4316,39,,,0,35,,4317,39,,,0,76,,4318,39,,,0,80,,4319,39,,,0,35,,4320,39,,,0,74,,4321,39,,,0,80,,4322,39,,,0,36,,4323,39,,,0,70,,4324,39,,,0,35,,4325,39,,,0,74,,4326,39,,,0,33,,4327,39,,,0,75,,4328,39,,,0,29,,4329,39,,,0,98,,4330,39,,,0,100,,4331,39,,,0
301,'4532',608,,4358,39,,,0,95,,4357,39,,,0,52,,4356,39,,,0,101,,4359,39,,,0,92,,4333,39,,,0,72,,4334,39,,,0,80,,4335,39,,,0,37,,4336,39,,,0,70,,4337,39,,,0,35,,4338,39,,,0,75,,4339,39,,,0,35,,4340,39,,,0,80,,4341,39,,,0,77,,4342,39,,,0,35,,4343,39,,,0,80,,4344,39,,,0,35,,4345,39,,,0,68,,4346,39,,,0,75,,4347,39,,,0,34,,4348,39,,,0,73,,4349,39,,,0,44,,4350,39,,,0,75,,4351,39,,,0,75,,4352,39,,,0,48,,4353,39,,,0,99,,4354,39,,,0
301,'5221',632,,4363,39,,,0,102,,4364,39,,,0,96,,4366,39,,,0,92,,4375,39,,,0,96,,4361,39,,,0,90,,4367,39,,,0,102,,4368,39,,,0,96,,4365,39,,,0,101,,4369,39,,,0,101,,4370,39,,,0,100,,4371,39,,,0,98,,4372,39,,,0,104,,4373,39,,,0,95,,4374,39,,,0,53,,4360,39,,,0
601,'4528',603,,4571,33,,,0,39,,4572,33,,,0,78,,4574,33,,,0,38,,4575,33,,,0,80,,4576,33,,,0,85,,4573,33,,,0,35,,4577,33,,,0,156,,4578,33,,,0,121,,4579,33,,,0,165,,4580,33,,,0,44,,4581,33,,,0,87,,4563,33,,,0,88,,4564,33,,,0,82,,4565,33,,,0,39,,4567,33,,,0,84,,4568,33,,,0,80,,4569,33,,,0,102,,4566,33,,,0,109,,4570,33,,,0,113,,4561,33,,,0,109,,4562,33,,,0
601,'4532',607,,4584,33,,,0,100,,4585,33,,,0,101,,4583,33,,,0,97,,4586,33,,,0,100,,4587,33,,,0,100,,4588,33,,,0,96,,4589,33,,,0,102,,4590,33,,,0,100,,4591,33,,,0,99,,4592,33,,,0,100,,4593,33,,,0,100,,4594,33,,,0,105,,4595,33,,,0,103,,4596,33,,,0,95,,4597,33,,,0,109,,4598,33,,,0,114,,4599,33,,,0,110,,4582,33,,,0
601,'5221',602,,4600,33,,,0,111,,4601,33,,,0,106,,4602,33,,,0,105,,4603,33,,,0,86,,4605,33,,,0,101,,4606,33,,,0,90,,4607,33,,,0,101,,4604,33,,,0,100,,4608,33,,,0,100,,4609,33,,,0,100,,4610,33,,,0,99,,4611,33,,,0,104,,4612,33,,,0,119,,4613,33,,,0,110,,4614,33,,,0
