3100,'4729',745,,3823,,,0,72,,3824,,,0,31,,3825,,,0,103,,3826,,,0,108,,3827,,,0,150,,3828,,,0,110,,3829,,,0,114,,3830,,,0,99,,3831,,,0,78,,3832,,,0,35,,3833,,,0,75,,3834,,,0,34,,3835,,,0,75,,3836,,,0
3100,'4739',922,,3840,,,0,105,,3844,,,0,110,,3838,,,0,110,,3837,,,0,110,,3839,,,0,155,,3841,,,0,115,,3843,,,0,110,,3842,,,0
3100,'4958',1028,,3851,,,0,109,,3845,,,0,110,,3846,,,0,110,,3847,,,0,155,,3848,,,0,115,,3849,,,0,110,,3850,,,0
3201,'4729',610,,3887,,,0,30,,3888,,,0,71,,3889,,,0,33,,3886,,,0,70,,3890,,,0,32,,3891,,,0,73,,3892,,,0,30,,3893,,,0,73,,3894,,,0,33,,3895,,,0,76,,3896,,,0,75,,3897,,,0,35,,3898,,,0,75,,3899,,,0,36,,3900,,,0,81,,3901,,,0,77,,3902,,,0,41,,3903,,,0,77,,3904,,,0,75,,3905,,,0,37,,3906,,,0,70,,3907,,,0,31,,3908,,,0,78,,3909,,,0,86,,3910,,,0,26,,3911,,,0,95,,3912,,,0,104,,3913,,,0
3201,'4739',816,,3925,,,0,30,,3916,,,0,75,,3936,,,0,32,,3914,,,0,70,,3917,,,0,36,,3923,,,0,75,,3915,,,0,77,,3934,,,0,35,,3919,,,0,75,,3918,,,0,35,,3922,,,0,75,,3920,,,0,80,,3935,,,0,35,,3924,,,0,80,,3921,,,0,75,,3930,,,0,33,,3926,,,0,75,,3937,,,0,34,,3927,,,0,74,,3929,,,0,85,,3928,,,0,29,,3932,,,0,70,,3931,,,0,130,,3933,,,0
3201,'4958',815,,3952,,,0,106,,3951,,,0,104,,3946,,,0,33,,3953,,,0,76,,3940,,,0,76,,3939,,,0,35,,3947,,,0,75,,3938,,,0,35,,3948,,,0,75,,3943,,,0,81,,3949,,,0,35,,3944,,,0,78,,3945,,,0,35,,3942,,,0,74,,3950,,,0,74,,3941,,,0,110,,3954,,,0,115,,3955,,,0
3301,'4729',610,,3956,,,0,30,,3957,,,0,72,,3958,,,0,32,,3959,,,0,72,,3960,,,0,32,,3962,,,0,71,,3982,,,0,30,,3963,,,0,71,,3964,,,0,38,,3961,,,0,75,,3965,,,0,76,,3966,,,0,35,,3967,,,0,75,,3968,,,0,35,,3969,,,0,82,,3970,,,0,75,,3983,,,0,43,,3971,,,0,72,,3972,,,0,75,,3973,,,0,37,,3980,,,0,71,,3974,,,0,31,,3975,,,0,78,,3976,,,0,86,,3977,,,0,27,,3978,,,0,26,,3979,,,0,67,,3981,,,0
3301,'4739',814,,3988,,,0,30,,4002,,,0,73,,3984,,,0,34,,3986,,,0,75,,3991,,,0,75,,3985,,,0,36,,4004,,,0,75,,3987,,,0,35,,3990,,,0,76,,3998,,,0,35,,3989,,,0,75,,4001,,,0,80,,3993,,,0,35,,3992,,,0,75,,3999,,,0,35,,3996,,,0,74,,4003,,,0,75,,3995,,,0,35,,3997,,,0,158,,3994,,,0,100,,4000,,,0
3301,'4958',844,,4013,,,0,108,,4018,,,0,151,,4006,,,0,35,,4005,,,0,75,,4011,,,0,35,,4007,,,0,75,,4010,,,0,35,,4014,,,0,75,,4012,,,0,80,,4016,,,0,35,,4009,,,0,75,,4015,,,0,34,,4008,,,0,75,,4017,,,0,109,,4019,,,0,159,,4020,,,0,59,,4021,,,0
3900,'4729',642,,4106,,,0
1003100,'4729',701,,4158,,,0,29,,4159,,,0,71,,4160,,,0,30,,4161,,,0,88,,4162,,,0,105,,4163,,,0,110,,4164,,,0,110,,4165,,,0,115,,4166,,,0,153,,4167,,,0,40,,4168,,,0,75,,4155,,,0,76,,4156,,,0,35,,4154,,,0,72,,4157,,,0,39,,4169,,,0,85,,4170,,,0,123,,4171,,,0,101,,4172,,,0,148,,4173,,,0
1003100,'4739',751,,4187,,,0,101,,4176,,,0,100,,4175,,,0,150,,4174,,,0,110,,4182,,,0,110,,4186,,,0,115,,4179,,,0,115,,4183,,,0,150,,4180,,,0,110,,4181,,,0,35,,4177,,,0,155,,4178,,,0,101,,4185,,,0,99,,4184,,,0
1003100,'4958',750,,4199,,,0,102,,4191,,,0,103,,4189,,,0,147,,4193,,,0,110,,4190,,,0,110,,4188,,,0,115,,4194,,,0,115,,4195,,,0,150,,4192,,,0,141,,4196,,,0,160,,4197,,,0,103,,4198,,,0
24003100,'4729',547,,4245,,,0,70,,4242,,,0,30,,4243,,,0,69,,4244,,,0
