100,'4944',603,,77,,,0,30,,78,,,0,70,,79,,,0,30,,80,,,0,75,,81,,,0,35,,82,,,0,75,,83,,,0,32,,84,,,0,76,,85,,,0,77,,86,,,0,31,,87,,,0,70,,88,,,0,30,,89,,,0,70,,90,,,0,30,,91,,,0,70,,92,,,0,30,,93,,,0,70,,94,,,0,30,,95,,,0,70,,96,,,0,30,,97,,,0,70,,98,,,0,24,,99,,,0,30,,100,,,0,70,,101,,,0,75,,102,,,0,35,,103,,,0,75,,104,,,0,35,,105,,,0,75,,106,,,0,35,,107,,,0,75,,108,,,0
100,'4946',608,,1,,,0,40,,2,,,0,80,,3,,,0,80,,4,,,0,40,,5,,,0,88,,6,,,0,87,,7,,,0,80,,8,,,0,44,,9,,,0,78,,22,,,0,80,,10,,,0,40,,11,,,0,80,,12,,,0,80,,13,,,0,40,,14,,,0,80,,15,,,0,80,,16,,,0,40,,17,,,0,80,,18,,,0,77,,19,,,0,39,,20,,,0,77,,21,,,0,86,,23,,,0,55,,24,,,0
100,'4955',518,,1417,,,0,30,,1418,,,0,71,,1416,,,0,20,,1420,,,0,61,,1421,,,0,20,,1419,,,0,15,,1422,,,0,20,,1423,,,0,56,,1424,,,0,16,,1425,,,0,15,,1426,,,0,17,,1428,,,0,58,,1427,,,0,15,,1429,,,0,20,,1430,,,0,59,,1431,,,0,20,,1432,,,0,22,,1433,,,0,62,,1434,,,0,23,,1435,,,0,66,,1437,,,0,22,,1436,,,0,22,,1438,,,0,64,,1439,,,0,23,,1441,,,0,22,,1440,,,0,63,,1442,,,0,22,,1443,,,0,65,,1444,,,0,16,,1445,,,0,14,,1446,,,0,16,,1447,,,0,54,,1448,,,0,17,,1449,,,0,14,,1450,,,0,14,,1451,,,0,54,,1452,,,0,14,,1453,,,0,15,,1454,,,0,14,,1455,,,0,57,,1456,,,0,19,,1457,,,0,20,,1458,,,0,64,,1459,,,0,23,,1466,,,0,24,,1460,,,0,65,,1461,,,0,24,,1462,,,0,65,,1467,,,0,24,,1463,,,0,68,,1464,,,0,31,,1465,,,0
100,'4957',603,,1468,,,0,30,,1469,,,0,70,,1470,,,0,30,,1471,,,0,75,,1472,,,0,35,,1473,,,0,75,,1474,,,0,32,,1475,,,0,76,,1476,,,0,77,,1477,,,0,31,,1478,,,0,70,,1479,,,0,30,,1480,,,0,70,,1481,,,0,30,,1482,,,0,70,,1483,,,0,30,,1484,,,0,70,,1485,,,0,30,,1486,,,0,70,,1487,,,0,30,,1488,,,0,70,,1489,,,0,24,,1490,,,0,30,,1491,,,0,70,,1492,,,0,75,,1493,,,0,35,,1494,,,0,75,,1495,,,0,35,,1496,,,0,75,,1497,,,0,35,,1498,,,0,75,,1499,,,0
100,'4958',608,,1500,,,0,40,,1501,,,0,80,,1502,,,0,80,,1503,,,0,40,,1504,,,0,88,,1505,,,0,87,,1506,,,0,80,,1507,,,0,44,,1508,,,0,78,,1521,,,0,80,,1509,,,0,40,,1510,,,0,80,,1511,,,0,80,,1512,,,0,40,,1513,,,0,80,,1514,,,0,80,,1515,,,0,40,,1516,,,0,80,,1517,,,0,77,,1518,,,0,39,,1519,,,0,77,,1520,,,0,86,,1522,,,0,55,,1523,,,0
200,'4944',608,,285,,,0,35,,286,,,0,75,,287,,,0,30,,288,,,0,72,,289,,,0,30,,290,,,0,76,,291,,,0,83,,292,,,0,35,,293,,,0,73,,294,,,0,30,,295,,,0,70,,296,,,0,27,,297,,,0,70,,298,,,0,30,,299,,,0,70,,300,,,0,30,,301,,,0,70,,302,,,0,30,,303,,,0,70,,305,,,0,30,,306,,,0,70,,304,,,0,28,,307,,,0,67,,308,,,0,29,,309,,,0,77,,310,,,0,38,,311,,,0,76,,312,,,0,76,,313,,,0,34,,314,,,0,74,,315,,,0
200,'4946',608,,213,,,0,35,,214,,,0,80,,215,,,0,85,,216,,,0,40,,217,,,0,81,,218,,,0,80,,219,,,0,95,,220,,,0,49,,221,,,0,86,,222,,,0,80,,223,,,0,40,,224,,,0,80,,225,,,0,80,,226,,,0,40,,227,,,0,80,,228,,,0,80,,229,,,0,40,,230,,,0,80,,231,,,0,80,,232,,,0,40,,233,,,0,80,,235,,,0,79,,234,,,0
200,'4955',533,,1628,,,0,75,,1629,,,0,27,,1630,,,0,71,,1631,,,0,16,,1632,,,0,15,,1633,,,0,65,,1634,,,0,14,,1635,,,0,16,,1636,,,0,21,,1637,,,0,60,,1638,,,0,22,,1639,,,0,21,,1640,,,0,62,,1641,,,0,22,,1642,,,0,63,,1643,,,0,22,,1644,,,0,22,,1645,,,0,63,,1646,,,0,22,,1647,,,0,21,,1648,,,0,63,,1649,,,0,26,,1650,,,0,66,,1651,,,0,21,,1652,,,0,24,,1653,,,0,58,,1654,,,0,16,,1655,,,0,16,,1656,,,0,15,,1657,,,0,55,,1658,,,0,14,,1659,,,0,15,,1660,,,0,15,,1661,,,0,55,,1662,,,0,15,,1663,,,0,15,,1664,,,0,62,,1665,,,0,15,,1666,,,0,20,,1667,,,0,20,,1668,,,0,60,,1669,,,0,19,,1675,,,0,69,,1670,,,0,24,,1671,,,0,25,,1672,,,0,64,,1676,,,0,23,,1673,,,0,70,,1674,,,0
200,'4957',608,,1677,,,0,35,,1678,,,0,75,,1679,,,0,30,,1680,,,0,72,,1681,,,0,30,,1682,,,0,76,,1683,,,0,83,,1684,,,0,35,,1685,,,0,73,,1686,,,0,30,,1687,,,0,70,,1688,,,0,27,,1689,,,0,70,,1690,,,0,30,,1691,,,0,70,,1692,,,0,30,,1693,,,0,70,,1694,,,0,30,,1695,,,0,70,,1697,,,0,30,,1698,,,0,70,,1696,,,0,28,,1699,,,0,67,,1700,,,0,29,,1701,,,0,77,,1702,,,0,38,,1703,,,0,76,,1704,,,0,76,,1705,,,0,34,,1706,,,0,74,,1707,,,0
200,'4958',608,,1708,,,0,35,,1709,,,0,80,,1710,,,0,85,,1711,,,0,40,,1712,,,0,81,,1713,,,0,80,,1714,,,0,95,,1715,,,0,49,,1716,,,0,86,,1717,,,0,80,,1718,,,0,40,,1719,,,0,80,,1720,,,0,80,,1721,,,0,40,,1722,,,0,80,,1723,,,0,80,,1724,,,0,40,,1725,,,0,80,,1726,,,0,80,,1727,,,0,40,,1728,,,0,80,,1730,,,0,79,,1729,,,0
