300,'4528',556,,4236,21,,,0,72,,4237,21,,,0,30,,4238,21,,,0,74,,4239,21,,,0,73,,4240,21,,,0,35,,4241,21,,,0,75,,4242,21,,,0,35,,4243,21,,,0,74,,4244,21,,,0,35,,4235,21,,,0,74,,4245,21,,,0,74,,4246,21,,,0,35,,4247,21,,,0,75,,4248,21,,,0,40,,4249,21,,,0,75,,4250,21,,,0,75,,4251,21,,,0,40,,4252,21,,,0,76,,4253,21,,,0,34,,4254,21,,,0,77,,4255,21,,,0,76,,4256,21,,,0,36,,4258,21,,,0,75,,4257,21,,,0,30,,4259,21,,,0,100,,4260,21,,,0,103,,4261,21,,,0,101,,4262,21,,,0
300,'5015',609,,4287,21,,,0,50,,4286,21,,,0,99,,4288,21,,,0,89,,4263,21,,,0,68,,4264,21,,,0,40,,4265,21,,,0,75,,4267,21,,,0,70,,4268,21,,,0,35,,4269,21,,,0,75,,4266,21,,,0,34,,4270,21,,,0,80,,4271,21,,,0,35,,4272,21,,,0,75,,4273,21,,,0,81,,4274,21,,,0,35,,4275,21,,,0,70,,4276,21,,,0,35,,4277,21,,,0,76,,4278,21,,,0,75,,4279,21,,,0,46,,4280,21,,,0,75,,4281,21,,,0,76,,4282,21,,,0,50,,4283,21,,,0,101,,4284,21,,,0,100,,4285,21,,,0
300,'5221',639,,4289,21,,,0,95,,4290,21,,,0,89,,4303,21,,,0,94,,4292,21,,,0,90,,4293,21,,,0,98,,4294,21,,,0,95,,4291,21,,,0,59,,4295,21,,,0,141,,4296,21,,,0,100,,4297,21,,,0,100,,4298,21,,,0,104,,4299,21,,,0,98,,4300,21,,,0,56,,4301,21,,,0,100,,4302,21,,,0
601,'4528',547,,4571,6,,,0,78,,4572,6,,,0,78,,4574,6,,,0,35,,4575,6,,,0,80,,4576,6,,,0,85,,4573,6,,,0,35,,4577,6,,,0,115,,4578,6,,,0,160,,4579,6,,,0,125,,4580,6,,,0,85,,4581,6,,,0,86,,4563,6,,,0,48,,4564,6,,,0,82,,4565,6,,,0,80,,4567,6,,,0,84,,4568,6,,,0,43,,4569,6,,,0,102,,4566,6,,,0,110,,4570,6,,,0,154,,4561,6,,,0,110,,4562,6,,,0
601,'5015',552,,4584,6,,,0,100,,4585,6,,,0,100,,4583,6,,,0,96,,4586,6,,,0,100,,4587,6,,,0,100,,4588,6,,,0,95,,4589,6,,,0,100,,4590,6,,,0,100,,4591,6,,,0,100,,4592,6,,,0,100,,4593,6,,,0,100,,4594,6,,,0,105,,4595,6,,,0,105,,4596,6,,,0,95,,4597,6,,,0,110,,4598,6,,,0,155,,4599,6,,,0,110,,4582,6,,,0
601,'5221',547,,4600,6,,,0,110,,4601,6,,,0,146,,4602,6,,,0,105,,4603,6,,,0,45,,4605,6,,,0,100,,4606,6,,,0,90,,4607,6,,,0,100,,4604,6,,,0,100,,4608,6,,,0,100,,4609,6,,,0,100,,4610,6,,,0,100,,4611,6,,,0,105,,4612,6,,,0,160,,4613,6,,,0,110,,4614,6,,,0
3100,'4528',728,,4798,6,,,0,31,,4799,6,,,0,73,,4800,6,,,0,102,,4801,6,,,0,107,,4802,6,,,0,109,,4803,6,,,0,109,,4804,6,,,0,154,,4805,6,,,0,98,,4806,6,,,0,39,,4807,6,,,0,73,,4808,6,,,0,36,,4809,6,,,0,77,,4810,6,,,0,75,,4811,6,,,0
3100,'5015',905,,4815,6,,,0,105,,4819,6,,,0,109,,4813,6,,,0,110,,4812,6,,,0,109,,4814,6,,,0,115,,4816,6,,,0,155,,4818,6,,,0,111,,4817,6,,,0
3100,'5221',1011,,4826,6,,,0,109,,4820,6,,,0,109,,4821,6,,,0,110,,4822,6,,,0,115,,4823,6,,,0,156,,4825,6,,,0,110,,4824,6,,,0
1003100,'4528',640,,6127,6,,,0,69,,6128,6,,,0,31,,6129,6,,,0,71,,6130,6,,,0,89,,6131,6,,,0,104,,6132,6,,,0,110,,6133,6,,,0,108,,6134,6,,,0,115,,6135,6,,,0,112,,6136,6,,,0,80,,6137,6,,,0,73,,6124,6,,,0,36,,6125,6,,,0,77,,6123,6,,,0,34,,6126,6,,,0,79,,6138,6,,,0,86,,6139,6,,,0,121,,6140,6,,,0,104,,6141,6,,,0,108,,6142,6,,,0
1003100,'5015',732,,6156,6,,,0,101,,6145,6,,,0,100,,6144,6,,,0,108,,6143,6,,,0,110,,6151,6,,,0,151,,6155,6,,,0,114,,6148,6,,,0,114,,6152,6,,,0,111,,6149,6,,,0,111,,6150,6,,,0,75,,6146,6,,,0,115,,6147,6,,,0,102,,6154,6,,,0,99,,6153,6,,,0
1003100,'5221',731,,6168,6,,,0,102,,6160,6,,,0,102,,6158,6,,,0,107,,6162,6,,,0,110,,6159,6,,,0,150,,6157,6,,,0,114,,6163,6,,,0,115,,6164,6,,,0,111,,6161,6,,,0,181,,6165,6,,,0,120,,6166,6,,,0,104,,6167,6,,,0
24003100,'4528',532,,6214,6,,,0,69,,6211,6,,,0,30,,6212,6,,,0,69,,6213,6,,,0
