300,'4944',630,,490,4,,0,90,,489,4,,0,100,,491,4,,0,90,,466,4,,0,30,,467,4,,0,80,,468,4,,0,35,,470,4,,0,70,,471,4,,0,75,,472,4,,0,35,,469,4,,0,75,,473,4,,0,40,,474,4,,0,75,,475,4,,0,75,,476,4,,0,40,,477,4,,0,75,,478,4,,0,30,,479,4,,0,75,,480,4,,0,35,,481,4,,0,75,,482,4,,0,85,,483,4,,0,35,,484,4,,0,75,,485,4,,0,90,,486,4,,0,100,,487,4,,0,100,,488,4,,0
300,'4946',700,,423,4,,0,55,,424,4,,0,90,,437,4,,0,95,,426,4,,0,90,,427,4,,0,100,,428,4,,0,95,,425,4,,0,100,,429,4,,0,101,,430,4,,0,99,,431,4,,0,100,,432,4,,0,104,,433,4,,0,96,,434,4,,0,95,,435,4,,0,100,,436,4,,0
300,'4955',615,,1839,4,,0,35,,1840,4,,0,70,,1841,4,,0,35,,1842,4,,0,75,,1843,4,,0,75,,1844,4,,0,35,,1845,4,,0,75,,1846,4,,0,35,,1847,4,,0,75,,1838,4,,0,75,,1848,4,,0,35,,1849,4,,0,75,,1850,4,,0,35,,1851,4,,0,80,,1852,4,,0,75,,1853,4,,0,35,,1854,4,,0,80,,1855,4,,0,35,,1856,4,,0,75,,1857,4,,0,75,,1858,4,,0,35,,1859,4,,0,75,,1861,4,,0,35,,1860,4,,0,70,,1862,4,,0,100,,1863,4,,0,100,,1864,4,,0,100,,1865,4,,0
300,'4957',630,,1890,4,,0,90,,1889,4,,0,100,,1891,4,,0,90,,1866,4,,0,30,,1867,4,,0,80,,1868,4,,0,35,,1870,4,,0,70,,1871,4,,0,75,,1872,4,,0,35,,1869,4,,0,75,,1873,4,,0,40,,1874,4,,0,75,,1875,4,,0,75,,1876,4,,0,40,,1877,4,,0,75,,1878,4,,0,30,,1879,4,,0,75,,1880,4,,0,35,,1881,4,,0,75,,1882,4,,0,85,,1883,4,,0,35,,1884,4,,0,75,,1885,4,,0,90,,1886,4,,0,100,,1887,4,,0,100,,1888,4,,0
300,'4958',700,,1892,4,,0,55,,1893,4,,0,90,,1906,4,,0,95,,1895,4,,0,90,,1896,4,,0,100,,1897,4,,0,95,,1894,4,,0,100,,1898,4,,0,101,,1899,4,,0,99,,1900,4,,0,100,,1901,4,,0,104,,1902,4,,0,96,,1903,4,,0,95,,1904,4,,0,100,,1905,4,,0
301,'4944',535,,562,,,0,95,,561,,,0,90,,560,,,0,100,,563,,,0,90,,537,,,0,30,,538,,,0,80,,539,,,0,35,,540,,,0,70,,541,,,0,75,,542,,,0,35,,543,,,0,75,,544,,,0,40,,545,,,0,75,,546,,,0,75,,547,,,0,40,,548,,,0,75,,549,,,0,30,,550,,,0,75,,551,,,0,35,,552,,,0,75,,553,,,0,85,,554,,,0,35,,555,,,0,75,,556,,,0,90,,557,,,0,100,,558,,,0,100,,559,0,17 10 19,0
301,'4946',600,,495,,,0,100,,496,,,0,55,,497,,,0,90,,507,,,0,95,,493,,,0,90,,498,,,0,100,,499,,,0,95,,500,,,0,100,,501,,,0,101,,502,,,0,99,,503,,,0,100,,504,,,0,104,,505,,,0,96,,506,,,0,95,,492,,,0,100,,494,0,17 10 19,0
301,'4955',535,,1908,,,0,80,,1909,,,0,35,,1910,,,0,70,,1911,,,0,35,,1912,,,0,75,,1913,,,0,75,,1914,,,0,35,,1915,,,0,75,,1907,,,0,35,,1916,,,0,75,,1917,,,0,75,,1918,,,0,35,,1919,,,0,75,,1920,,,0,35,,1921,,,0,80,,1922,,,0,75,,1923,,,0,35,,1924,,,0,80,,1925,,,0,35,,1926,,,0,75,,1927,,,0,75,,1928,,,0,35,,1929,,,0,75,,1930,,,0,35,,1931,,,0,70,,1932,,,0,100,,1933,,,0,100,,1934,,,0,100,,1935,0,17 10 19,0
301,'4957',535,,1961,,,0,95,,1960,,,0,90,,1959,,,0,100,,1962,,,0,90,,1936,,,0,30,,1937,,,0,80,,1938,,,0,35,,1939,,,0,70,,1940,,,0,75,,1941,,,0,35,,1942,,,0,75,,1943,,,0,40,,1944,,,0,75,,1945,,,0,75,,1946,,,0,40,,1947,,,0,75,,1948,,,0,30,,1949,,,0,75,,1950,,,0,35,,1951,,,0,75,,1952,,,0,85,,1953,,,0,35,,1954,,,0,75,,1955,,,0,90,,1956,,,0,100,,1957,,,0,100,,1958,0,17 10 19,0
301,'4958',600,,1966,,,0,100,,1967,,,0,55,,1968,,,0,90,,1978,,,0,95,,1964,,,0,90,,1969,,,0,100,,1970,,,0,95,,1971,,,0,100,,1972,,,0,101,,1973,,,0,99,,1974,,,0,100,,1975,,,0,104,,1976,,,0,96,,1977,,,0,95,,1963,,,0,100,,1965,0,17 10 19,0
