3301,'4944',759,,1175,0,25 26,0,70,,1189,0,25 26,0,73,,1171,0,25 26,0,33,,1173,0,25 26,0,75,,1178,0,25 26,0,35,,1172,0,25 26,0,75,,1191,0,25 26,0,35,,1174,0,25 26,0,75,,1177,0,25 26,0,75,,1185,0,25 26,0,35,,1176,0,25 26,0,75,,1188,0,25 26,0,40,,1180,0,25 26,0,75,,1179,0,25 26,0,75,,1186,0,25 26,0,35,,1183,0,25 26,0,75,,1190,0,25 26,0,35,,1182,0,25 26,0,75,,1184,0,25 26,0,120,,1181,0,25 26,0,100,,1187,0,25 26,0
3301,'4946',829,,1134,0,25 26,0,105,,1139,0,25 26,0,111,,1127,0,25 26,0,75,,1126,0,25 26,0,35,,1132,0,25 26,0,75,,1128,0,25 26,0,75,,1131,0,25 26,0,35,,1135,0,25 26,0,75,,1133,0,25 26,0,40,,1137,0,25 26,0,75,,1130,0,25 26,0,75,,1136,0,25 26,0,35,,1129,0,25 26,0,75,,1138,0,25 26,0,110,,1140,0,25 26,0,120,,1141,0,25 26,0,99,,1142,0,25 26,0
3301,'4955',554,,2541,0,25 26,0,70,,2542,0,25 26,0,30,,2543,0,25 26,0,70,,2544,0,25 26,0,31,,2545,0,25 26,0,72,,2547,0,25 26,0,73,,2567,0,25 26,0,30,,2548,0,25 26,0,72,,2549,0,25 26,0,38,,2546,0,25 26,0,75,,2550,0,25 26,0,35,,2551,0,25 26,0,75,,2552,0,25 26,0,75,,2553,0,25 26,0,35,,2554,0,25 26,0,80,,2555,0,25 26,0,35,,2568,0,25 26,0,81,,2556,0,25 26,0,75,,2557,0,25 26,0,35,,2558,0,25 26,0,76,,2565,0,25 26,0,33,,2559,0,25 26,0,72,,2560,0,25 26,0,78,,2561,0,25 26,0,47,,2562,0,25 26,0,69,,2563,0,25 26,0,26,,2564,0,25 26,0,67,,2566,0,25 26,0
3301,'4957',759,,2573,0,25 26,0,70,,2587,0,25 26,0,73,,2569,0,25 26,0,33,,2571,0,25 26,0,75,,2576,0,25 26,0,35,,2570,0,25 26,0,75,,2589,0,25 26,0,35,,2572,0,25 26,0,75,,2575,0,25 26,0,75,,2583,0,25 26,0,35,,2574,0,25 26,0,75,,2586,0,25 26,0,40,,2578,0,25 26,0,75,,2577,0,25 26,0,75,,2584,0,25 26,0,35,,2581,0,25 26,0,75,,2588,0,25 26,0,35,,2580,0,25 26,0,75,,2582,0,25 26,0,120,,2579,0,25 26,0,100,,2585,0,25 26,0
3301,'4958',829,,2598,0,25 26,0,105,,2603,0,25 26,0,111,,2591,0,25 26,0,75,,2590,0,25 26,0,35,,2596,0,25 26,0,75,,2592,0,25 26,0,75,,2595,0,25 26,0,35,,2599,0,25 26,0,75,,2597,0,25 26,0,40,,2601,0,25 26,0,75,,2594,0,25 26,0,75,,2600,0,25 26,0,35,,2593,0,25 26,0,75,,2602,0,25 26,0,110,,2604,0,25 26,0,120,,2605,0,25 26,0,99,,2606,0,25 26,0
3900,'4944',924,,1288,0,7 8,0,120,,1289,0,7 8,0,106,,1290,0,7 8,0,175,,1291,0,7 8,0,110,,1293,0,7 8,0,170,,1292,0,7 8,0,104,,1295,0,7 8,0,114,,1294,0,7 8,0
3900,'4946',920,,1274,0,7 8,0,121,,1277,0,7 8,0,105,,1272,0,7 8,0,175,,1271,0,7 8,0,110,,1275,0,7 8,0,170,,1273,0,7 8,0,104,,1278,0,7 8,0,115,,1276,0,7 8,0
3900,'4955',938,,2694,0,7 8,0,98,,2688,0,7 8,0,119,,2689,0,7 8,0,175,,2690,0,7 8,0,170,,2692,0,7 8,0,150,,2693,0,7 8,0,150,,2686,0,7 8,0,119,,2687,0,7 8,0
3900,'4957',924,,2695,0,7 8,0,120,,2696,0,7 8,0,106,,2697,0,7 8,0,175,,2698,0,7 8,0,110,,2700,0,7 8,0,170,,2699,0,7 8,0,104,,2702,0,7 8,0,114,,2701,0,7 8,0
3900,'4958',920,,2706,0,7 8,0,121,,2709,0,7 8,0,105,,2704,0,7 8,0,175,,2703,0,7 8,0,110,,2707,0,7 8,0,170,,2705,0,7 8,0,104,,2710,0,7 8,0,115,,2708,0,7 8,0
