3101,'4944',755,,1049,,,0,103,,1048,,,0,142,,1046,,,0,110,,1053,,,0,110,,1054,,,0,110,,1047,,,0,115,,1052,,,0,155,,1050,,,0,110,,1051,,,0,110,,1055,,,0
3101,'4946',755,,1028,,,0,247,,1025,,,0,218,,1022,,,0,110,,1026,,,0,115,,1024,,,0,155,,1027,,,0,110,,1023,,,0
3101,'4955',620,,2437,,,0,85,,2438,,,0,30,,2440,,,0,71,,2441,,,0,32,,2439,,,0,87,,2443,,,0,105,,2444,,,0,110,,2445,,,0,110,,2442,,,0,155,,2446,,,0,114,,2447,,,0,81,,2449,,,0,36,,2450,,,0,76,,2451,,,0,34,,2448,,,0,71,,2452,,,0,18,,2453,,,0
3101,'4957',755,,2457,,,0,103,,2456,,,0,142,,2454,,,0,110,,2461,,,0,110,,2462,,,0,110,,2455,,,0,115,,2460,,,0,155,,2458,,,0,110,,2459,,,0,110,,2463,,,0
3101,'4958',755,,2470,,,0,247,,2467,,,0,218,,2464,,,0,110,,2468,,,0,115,,2466,,,0,155,,2469,,,0,110,,2465,,,0
3201,'4944',755,,1113,0,5 6,0,70,,1104,0,5 6,0,33,,1124,0,5 6,0,72,,1102,0,5 6,0,70,,1105,0,5 6,0,35,,1111,0,5 6,0,75,,1103,0,5 6,0,35,,1122,0,5 6,0,75,,1107,0,5 6,0,35,,1106,0,5 6,0,75,,1110,0,5 6,0,75,,1108,0,5 6,0,40,,1123,0,5 6,0,75,,1112,0,5 6,0,80,,1109,0,5 6,0,35,,1118,0,5 6,0,75,,1114,0,5 6,0,35,,1125,0,5 6,0,75,,1115,0,5 6,0,35,,1117,0,5 6,0,85,,1116,0,5 6,0,70,,1120,0,5 6,0,30,,1119,0,5 6,0,170,,1121,0,5 6,0
3201,'4946',755,,1070,0,5 6,0,103,,1069,0,5 6,0,144,,1064,0,5 6,0,33,,1071,0,5 6,0,75,,1058,0,5 6,0,35,,1057,0,5 6,0,75,,1065,0,5 6,0,35,,1056,0,5 6,0,75,,1066,0,5 6,0,75,,1061,0,5 6,0,40,,1067,0,5 6,0,75,,1062,0,5 6,0,80,,1063,0,5 6,0,35,,1060,0,5 6,0,75,,1068,0,5 6,0,35,,1059,0,5 6,0,110,,1072,0,5 6,0,155,,1073,0,5 6,0
3201,'4955',550,,2472,0,5 6,0,70,,2473,0,5 6,0,30,,2474,0,5 6,0,70,,2471,0,5 6,0,30,,2475,0,5 6,0,72,,2476,0,5 6,0,33,,2477,0,5 6,0,70,,2478,0,5 6,0,32,,2479,0,5 6,0,73,,2480,0,5 6,0,75,,2481,0,5 6,0,35,,2482,0,5 6,0,75,,2483,0,5 6,0,35,,2484,0,5 6,0,75,,2485,0,5 6,0,80,,2486,0,5 6,0,37,,2487,0,5 6,0,78,,2488,0,5 6,0,80,,2489,0,5 6,0,35,,2490,0,5 6,0,77,,2491,0,5 6,0,33,,2492,0,5 6,0,72,,2493,0,5 6,0,38,,2494,0,5 6,0,87,,2495,0,5 6,0,68,,2496,0,5 6,0,95,,2497,0,5 6,0,105,,2498,0,5 6,0
3201,'4957',755,,2510,0,5 6,0,70,,2501,0,5 6,0,33,,2521,0,5 6,0,72,,2499,0,5 6,0,70,,2502,0,5 6,0,35,,2508,0,5 6,0,75,,2500,0,5 6,0,35,,2519,0,5 6,0,75,,2504,0,5 6,0,35,,2503,0,5 6,0,75,,2507,0,5 6,0,75,,2505,0,5 6,0,40,,2520,0,5 6,0,75,,2509,0,5 6,0,80,,2506,0,5 6,0,35,,2515,0,5 6,0,75,,2511,0,5 6,0,35,,2522,0,5 6,0,75,,2512,0,5 6,0,35,,2514,0,5 6,0,85,,2513,0,5 6,0,70,,2517,0,5 6,0,30,,2516,0,5 6,0,170,,2518,0,5 6,0
3201,'4958',755,,2537,0,5 6,0,103,,2536,0,5 6,0,144,,2531,0,5 6,0,33,,2538,0,5 6,0,75,,2525,0,5 6,0,35,,2524,0,5 6,0,75,,2532,0,5 6,0,35,,2523,0,5 6,0,75,,2533,0,5 6,0,75,,2528,0,5 6,0,40,,2534,0,5 6,0,75,,2529,0,5 6,0,80,,2530,0,5 6,0,35,,2527,0,5 6,0,75,,2535,0,5 6,0,35,,2526,0,5 6,0,110,,2539,0,5 6,0,155,,2540,0,5 6,0
1003101,'4944',825,,1405,,,0,105,,1411,,,0,105,,1400,,,0,110,,1401,,,0,110,,1402,,,0,150,,1404,,,0,115,,1409,,,0,115,,1407,,,0,110,,1406,,,0,110,,1403,,,0,155,,1408,,,0,100,,1410,,,0
1003101,'4946',858,,1377,,,0,252,,1376,,,0,35,,1370,,,0,110,,1372,,,0,150,,1373,,,0,115,,1374,,,0,115,,1375,,,0,110,,1371,,,0,110,,1378,,,0,155,,1379,,,0,100,,1380,,,0
1003101,'4955',650,,2785,,,0,70,,2786,,,0,30,,2787,,,0,72,,2788,,,0,33,,2789,,,0,102,,2790,,,0,148,,2791,,,0,110,,2792,,,0,110,,2793,,,0,115,,2794,,,0,100,,2795,,,0,78,,2796,,,0,35,,2797,,,0,75,,2798,,,0,73,,2799,,,0,51,,2800,,,0,90,,2801,,,0,163,,2802,,,0,110,,2803,,,0
1003101,'4957',825,,2809,,,0,105,,2815,,,0,105,,2804,,,0,110,,2805,,,0,110,,2806,,,0,150,,2808,,,0,115,,2813,,,0,115,,2811,,,0,110,,2810,,,0,110,,2807,,,0,155,,2812,,,0,100,,2814,,,0
1003101,'4958',858,,2823,,,0,252,,2822,,,0,35,,2816,,,0,110,,2818,,,0,150,,2819,,,0,115,,2820,,,0,115,,2821,,,0,110,,2817,,,0,110,,2824,,,0,155,,2825,,,0,100,,2826,,,0
