201,'4944',605,,392,,,0,31,,393,,,0,69,,394,,,0,35,,395,,,0,75,,396,,,0,35,,391,,,0,71,,397,,,0,34,,398,,,0,78,,399,,,0,70,,400,,,0,30,,401,,,0,70,,402,,,0,30,,403,,,0,68,,404,,,0,29,,405,,,0,70,,406,,,0,30,,407,,,0,70,,408,,,0,30,,409,,,0,70,,410,,,0,30,,411,,,0,26,,412,,,0,70,,413,,,0,30,,414,,,0,75,,415,,,0,76,,416,,,0,36,,417,,,0,75,,418,,,0,37,,419,,,0,75,,420,,,0,75,,421,,,0,36,,422,,,0
201,'4946',622,,316,,,0,80,,317,,,0,39,,318,,,0,80,,319,,,0,87,,320,,,0,46,,321,,,0,79,,322,,,0,83,,323,,,0,37,,336,,,0,80,,324,,,0,79,,325,,,0,39,,326,,,0,80,,327,,,0,80,,328,,,0,40,,329,,,0,80,,330,,,0,80,,331,,,0,41,,333,,,0,79,,332,,,0,79,,334,,,0,39,,335,,,0,85,,338,,,0,98,,337,,,0
201,'4955',518,,1731,,,0,35,,1732,,,0,80,,1733,,,0,75,,1734,,,0,17,,1735,,,0,15,,1736,,,0,15,,1737,,,0,57,,1738,,,0,18,,1739,,,0,18,,1740,,,0,57,,1741,,,0,20,,1742,,,0,17,,1743,,,0,60,,1744,,,0,21,,1745,,,0,22,,1746,,,0,63,,1747,,,0,26,,1748,,,0,22,,1749,,,0,62,,1750,,,0,22,,1751,,,0,63,,1752,,,0,22,,1753,,,0,23,,1754,,,0,60,,1755,,,0,24,,1756,,,0,16,,1757,,,0,55,,1759,,,0,16,,1760,,,0,14,,1761,,,0,18,,1762,,,0,54,,1763,,,0,14,,1765,,,0,13,,1764,,,0,14,,1766,,,0,55,,1767,,,0,15,,1768,,,0,16,,1769,,,0,22,,1770,,,0,60,,1771,,,0,25,,1772,,,0,64,,1780,,,0,25,,1773,,,0,24,,1774,,,0,64,,1775,,,0,27,,1781,,,0,64,,1776,,,0,29,,1777,,,0,71,,1778,,,0,34,,1779,,,0
201,'4957',605,,1784,,,0,31,,1785,,,0,69,,1786,,,0,35,,1787,,,0,75,,1788,,,0,35,,1783,,,0,71,,1789,,,0,34,,1790,,,0,78,,1791,,,0,70,,1792,,,0,30,,1793,,,0,70,,1794,,,0,30,,1795,,,0,68,,1796,,,0,29,,1797,,,0,70,,1798,,,0,30,,1799,,,0,70,,1800,,,0,30,,1801,,,0,70,,1802,,,0,30,,1803,,,0,26,,1804,,,0,70,,1805,,,0,30,,1806,,,0,75,,1807,,,0,76,,1808,,,0,36,,1809,,,0,75,,1810,,,0,37,,1811,,,0,75,,1812,,,0,75,,1813,,,0,36,,1814,,,0
201,'4958',622,,1815,,,0,80,,1816,,,0,39,,1817,,,0,80,,1818,,,0,87,,1819,,,0,46,,1820,,,0,79,,1821,,,0,83,,1822,,,0,37,,1835,,,0,80,,1823,,,0,79,,1824,,,0,39,,1825,,,0,80,,1826,,,0,80,,1827,,,0,40,,1828,,,0,80,,1829,,,0,80,,1830,,,0,41,,1832,,,0,79,,1831,,,0,79,,1833,,,0,39,,1834,,,0,85,,1837,,,0,98,,1836,,,0
300,'4944',601,,490,,,0,50,,489,,,0,98,,491,,,0,87,,466,,,0,68,,467,,,0,40,,468,,,0,75,,470,,,0,29,,471,,,0,75,,472,,,0,35,,469,,,0,73,,473,,,0,80,,474,,,0,35,,475,,,0,75,,476,,,0,81,,477,,,0,35,,478,,,0,70,,479,,,0,36,,480,,,0,76,,481,,,0,36,,482,,,0,86,,483,,,0,75,,484,,,0,36,,485,,,0,90,,486,,,0,102,,487,,,0,101,,488,,,0
300,'4946',630,,423,,,0,95,,424,,,0,88,,437,,,0,93,,426,,,0,50,,427,,,0,97,,428,,,0,95,,425,,,0,99,,429,,,0,101,,430,,,0,100,,431,,,0,100,,432,,,0,104,,433,,,0,99,,434,,,0,96,,435,,,0,100,,436,,,0
300,'4955',546,,1839,,,0,70,,1840,,,0,29,,1841,,,0,74,,1842,,,0,32,,1843,,,0,74,,1844,,,0,75,,1845,,,0,36,,1846,,,0,74,,1847,,,0,35,,1838,,,0,75,,1848,,,0,34,,1849,,,0,75,,1850,,,0,75,,1851,,,0,40,,1852,,,0,72,,1853,,,0,36,,1854,,,0,81,,1855,,,0,75,,1856,,,0,35,,1857,,,0,77,,1858,,,0,37,,1859,,,0,76,,1861,,,0,76,,1860,,,0,30,,1862,,,0,102,,1863,,,0,101,,1864,,,0,105,,1865,,,0
300,'4957',601,,1890,,,0,50,,1889,,,0,98,,1891,,,0,87,,1866,,,0,68,,1867,,,0,40,,1868,,,0,75,,1870,,,0,29,,1871,,,0,75,,1872,,,0,35,,1869,,,0,73,,1873,,,0,80,,1874,,,0,35,,1875,,,0,75,,1876,,,0,81,,1877,,,0,35,,1878,,,0,70,,1879,,,0,36,,1880,,,0,76,,1881,,,0,36,,1882,,,0,86,,1883,,,0,75,,1884,,,0,36,,1885,,,0,90,,1886,,,0,102,,1887,,,0,101,,1888,,,0
300,'4958',630,,1892,,,0,95,,1893,,,0,88,,1906,,,0,93,,1895,,,0,50,,1896,,,0,97,,1897,,,0,95,,1894,,,0,99,,1898,,,0,101,,1899,,,0,100,,1900,,,0,100,,1901,,,0,104,,1902,,,0,99,,1903,,,0,96,,1904,,,0,100,,1905,,,0
2201,'4955',804,,2402,,,0,652,,2403,,,0
