300,'4327',653,,1866,34,,,0,95,,1867,34,,,0,89,,1880,34,,,0,94,,1869,34,,,0,90,,1870,34,,,0,99,,1871,34,,,0,95,,1868,34,,,0,100,,1872,34,,,0,101,,1873,34,,,0,100,,1874,34,,,0,100,,1875,34,,,0,104,,1876,34,,,0,96,,1877,34,,,0,96,,1878,34,,,0,100,,1879,34,,,0
300,'4332',623,,1905,34,,,0,90,,1904,34,,,0,99,,3617,34,,,0,89,,1881,34,,,0,29,,1882,34,,,0,80,,1883,34,,,0,35,,1885,34,,,0,70,,1886,34,,,0,35,,1887,34,,,0,75,,1884,34,,,0,75,,1888,34,,,0,40,,1889,34,,,0,75,,1890,34,,,0,35,,1891,34,,,0,81,,1892,34,,,0,75,,1893,34,,,0,30,,1894,34,,,0,75,,1895,34,,,0,35,,1896,34,,,0,75,,1897,34,,,0,86,,1898,34,,,0,35,,1899,34,,,0,75,,1900,34,,,0,90,,3615,34,,,0,101,,1902,34,,,0,100,,3616,34,,,0
300,'4480',607,,1839,34,,,0,34,,1840,34,,,0,69,,1841,34,,,0,35,,1842,34,,,0,74,,1843,34,,,0,35,,1844,34,,,0,75,,1845,34,,,0,75,,1846,34,,,0,35,,1847,34,,,0,75,,1838,34,,,0,35,,1848,34,,,0,75,,1849,34,,,0,35,,1850,34,,,0,75,,1851,34,,,0,80,,1852,34,,,0,35,,1853,34,,,0,75,,1854,34,,,0,80,,1855,34,,,0,36,,1856,34,,,0,74,,1857,34,,,0,36,,1858,34,,,0,75,,1859,34,,,0,76,,1861,34,,,0,35,,1860,34,,,0,70,,3618,34,,,0,101,,1863,34,,,0,101,,3619,34,,,0,100,,1865,34,,,0
700,'4327',533,,3698,6,0,22 23,0,100,,3692,6,0,22 23,0,200,,3691,6,0,22 23,0,200,,3693,6,0,22 23,0,201,,3694,6,0,22 23,0,200,,3695,6,0,22 23,0,200,,3696,6,0,22 23,0,199,,3697,6,0,22 23,0
700,'4332',533,,2236,14,0,22 23,0,100,,2237,14,0,22 23,0,200,,2238,14,0,22 23,0,200,,3699,14,0,22 23,0,201,,2240,14,0,22 23,0,200,,3700,14,0,22 23,0,200,,3701,14,0,22 23,0,199,,3702,6,0,22 23,0,200,,3703,14,0,22 23,0,270,,3704,6,0,22 23,0
700,'4480',618,,3710,6,0,22 23,0,216,,3711,6,0,22 23,0,200,,3712,6,0,22 23,0,200,,3713,6,0,22 23,0,201,,3708,6,0,22 23,0,200,,3709,6,0,22 23,0,199,,3707,6,0,22 23,0,199,,3705,6,0,22 23,0,270,,3706,6,0,22 23,0
1600,'4480',738,,2328,6,0,24,0,165,,2326,6,0,24,0,641,,2327,6,0,24,0,85,,2325,6,0,24,0
1000700,'4327',733,,3770,6,0,24,0,200,,3769,6,0,24,0,201,,3771,6,0,24,0,200,,3773,6,0,24,0,200,,3772,6,0,24,0,200,,3774,6,0,24,0,199,,3775,6,0,24,0
1000700,'4332',733,,2728,14,0,24,0,200,,3776,14,0,24,0,201,,3777,14,0,24,0,200,,3778,14,0,24,0,200,,3779,6,0,24,0,200,,3780,14,0,24,0,199,,2734,14,0,24,0,200,,2735,14,0,24,0
1000700,'4480',734,,3787,6,0,24,0,14,,3786,6,0,24,0,186,,3788,6,0,24,0,200,,3789,6,0,24,0,200,,3781,6,0,24,0,201,,3784,6,0,24,0,70,,2715,6,0,24,0,129,,3785,6,0,24,0,199,,3782,6,0,24,0,200,,3783,6,0,24,0
