100,'4944',601,,77,,,0,30,,78,,,0,70,,79,,,0,30,,80,,,0,75,,81,,,0,35,,82,,,0,76,,83,,,0,32,,84,,,0,76,,85,,,0,77,,86,,,0,30,,87,,,0,70,,88,,,0,30,,89,,,0,70,,90,,,0,30,,91,,,0,70,,92,,,0,30,,93,,,0,70,,94,,,0,30,,95,,,0,70,,96,,,0,30,,97,,,0,70,,98,,,0,25,,99,,,0,30,,100,,,0,70,,101,,,0,75,,102,,,0,34,,103,,,0,75,,104,,,0,35,,105,,,0,75,,106,,,0,35,,107,,,0,75,,108,,,0
100,'4946',606,,1,,,0,40,,2,,,0,80,,3,,,0,80,,4,,,0,40,,5,,,0,89,,6,,,0,87,,7,,,0,80,,8,,,0,43,,9,,,0,78,,22,,,0,80,,10,,,0,40,,11,,,0,80,,12,,,0,80,,13,,,0,40,,14,,,0,80,,15,,,0,80,,16,,,0,40,,17,,,0,80,,18,,,0,78,,19,,,0,39,,20,,,0,76,,21,,,0,86,,23,,,0,55,,24,,,0
100,'4955',516,,1417,,,0,30,,1418,,,0,71,,1416,,,0,20,,1420,,,0,21,,1421,,,0,61,,1419,,,0,15,,1422,,,0,20,,1423,,,0,55,,1424,,,0,17,,1425,,,0,15,,1426,,,0,17,,1428,,,0,58,,1427,,,0,15,,1429,,,0,20,,1430,,,0,59,,1431,,,0,20,,1432,,,0,22,,1433,,,0,62,,1434,,,0,23,,1435,,,0,66,,1437,,,0,22,,1436,,,0,22,,1438,,,0,63,,1439,,,0,23,,1441,,,0,22,,1440,,,0,63,,1442,,,0,22,,1443,,,0,65,,1444,,,0,16,,1445,,,0,14,,1446,,,0,16,,1447,,,0,54,,1448,,,0,17,,1449,,,0,14,,1450,,,0,14,,1451,,,0,54,,1452,,,0,14,,1453,,,0,15,,1454,,,0,14,,1455,,,0,57,,1456,,,0,20,,1457,,,0,20,,1458,,,0,64,,1459,,,0,23,,1466,,,0,24,,1460,,,0,64,,1461,,,0,24,,1462,,,0,65,,1467,,,0,24,,1463,,,0,68,,1464,,,0,31,,1465,,,0
100,'4957',601,,1468,,,0,30,,1469,,,0,70,,1470,,,0,30,,1471,,,0,75,,1472,,,0,35,,1473,,,0,76,,1474,,,0,32,,1475,,,0,76,,1476,,,0,77,,1477,,,0,30,,1478,,,0,70,,1479,,,0,30,,1480,,,0,70,,1481,,,0,30,,1482,,,0,70,,1483,,,0,30,,1484,,,0,70,,1485,,,0,30,,1486,,,0,70,,1487,,,0,30,,1488,,,0,70,,1489,,,0,25,,1490,,,0,30,,1491,,,0,70,,1492,,,0,75,,1493,,,0,34,,1494,,,0,75,,1495,,,0,35,,1496,,,0,75,,1497,,,0,35,,1498,,,0,75,,1499,,,0
100,'4958',606,,1500,,,0,40,,1501,,,0,80,,1502,,,0,80,,1503,,,0,40,,1504,,,0,89,,1505,,,0,87,,1506,,,0,80,,1507,,,0,43,,1508,,,0,78,,1521,,,0,80,,1509,,,0,40,,1510,,,0,80,,1511,,,0,80,,1512,,,0,40,,1513,,,0,80,,1514,,,0,80,,1515,,,0,40,,1516,,,0,80,,1517,,,0,78,,1518,,,0,39,,1519,,,0,76,,1520,,,0,86,,1522,,,0,55,,1523,,,0
201,'4944',620,,392,,,0,31,,393,,,0,69,,394,,,0,35,,395,,,0,75,,396,,,0,75,,391,,,0,32,,397,,,0,75,,398,,,0,38,,399,,,0,70,,400,,,0,30,,401,,,0,70,,402,,,0,30,,403,,,0,70,,404,,,0,30,,405,,,0,70,,406,,,0,30,,407,,,0,70,,408,,,0,30,,409,,,0,69,,410,,,0,30,,411,,,0,66,,412,,,0,30,,413,,,0,70,,414,,,0,34,,415,,,0,76,,416,,,0,75,,417,,,0,34,,418,,,0,76,,419,,,0,35,,420,,,0,75,,421,,,0,36,,422,,,0
201,'4946',637,,316,,,0,80,,317,,,0,39,,318,,,0,80,,319,,,0,87,,320,,,0,87,,321,,,0,39,,322,,,0,84,,323,,,0,78,,336,,,0,40,,324,,,0,79,,325,,,0,80,,326,,,0,40,,327,,,0,80,,328,,,0,80,,329,,,0,40,,330,,,0,80,,331,,,0,81,,333,,,0,38,,332,,,0,79,,334,,,0,78,,335,,,0,44,,338,,,0,97,,337,,,0
201,'4955',533,,1731,,,0,75,,1732,,,0,41,,1733,,,0,75,,1734,,,0,19,,1735,,,0,15,,1736,,,0,57,,1737,,,0,16,,1738,,,0,17,,1739,,,0,58,,1740,,,0,15,,1741,,,0,20,,1742,,,0,18,,1743,,,0,60,,1744,,,0,22,,1745,,,0,62,,1746,,,0,23,,1747,,,0,26,,1748,,,0,62,,1749,,,0,22,,1750,,,0,22,,1751,,,0,63,,1752,,,0,22,,1753,,,0,63,,1754,,,0,20,,1755,,,0,27,,1756,,,0,56,,1757,,,0,14,,1759,,,0,16,,1760,,,0,14,,1761,,,0,58,,1762,,,0,14,,1763,,,0,14,,1765,,,0,13,,1764,,,0,54,,1766,,,0,15,,1767,,,0,14,,1768,,,0,16,,1769,,,0,62,,1770,,,0,20,,1771,,,0,24,,1772,,,0,63,,1780,,,0,25,,1773,,,0,64,,1774,,,0,24,,1775,,,0,26,,1781,,,0,63,,1776,,,0,29,,1777,,,0,71,,1778,,,0,33,,1779,,,0
201,'4957',620,,1784,,,0,31,,1785,,,0,69,,1786,,,0,35,,1787,,,0,75,,1788,,,0,75,,1783,,,0,32,,1789,,,0,75,,1790,,,0,38,,1791,,,0,70,,1792,,,0,30,,1793,,,0,70,,1794,,,0,30,,1795,,,0,70,,1796,,,0,30,,1797,,,0,70,,1798,,,0,30,,1799,,,0,70,,1800,,,0,30,,1801,,,0,69,,1802,,,0,30,,1803,,,0,66,,1804,,,0,30,,1805,,,0,70,,1806,,,0,34,,1807,,,0,76,,1808,,,0,75,,1809,,,0,34,,1810,,,0,76,,1811,,,0,35,,1812,,,0,75,,1813,,,0,36,,1814,,,0
201,'4958',637,,1815,,,0,80,,1816,,,0,39,,1817,,,0,80,,1818,,,0,87,,1819,,,0,87,,1820,,,0,39,,1821,,,0,84,,1822,,,0,78,,1835,,,0,40,,1823,,,0,79,,1824,,,0,80,,1825,,,0,40,,1826,,,0,80,,1827,,,0,80,,1828,,,0,40,,1829,,,0,80,,1830,,,0,81,,1832,,,0,38,,1831,,,0,79,,1833,,,0,78,,1834,,,0,44,,1837,,,0,97,,1836,,,0
