3101,'4944',811,,1049,,,0,104,,1048,,,0,103,,1046,,,0,112,,1053,,,0,110,,1054,,,0,110,,1047,,,0,155,,1052,,,0,115,,1050,,,0,110,,1051,,,0,108,,1055,,,0
3101,'4946',812,,1028,,,0,208,,1025,,,0,220,,1022,,,0,110,,1026,,,0,154,,1024,,,0,115,,1027,,,0,109,,1023,,,0
3101,'4955',639,,2437,,,0,83,,2438,,,0,31,,2440,,,0,72,,2441,,,0,32,,2439,,,0,87,,2443,,,0,106,,2444,,,0,150,,2445,,,0,110,,2442,,,0,116,,2446,,,0,117,,2447,,,0,79,,2449,,,0,35,,2450,,,0,76,,2451,,,0,72,,2448,,,0,31,,2452,,,0,18,,2453,,,0
3101,'4957',811,,2457,,,0,104,,2456,,,0,103,,2454,,,0,112,,2461,,,0,110,,2462,,,0,110,,2455,,,0,155,,2460,,,0,115,,2458,,,0,110,,2459,,,0,108,,2463,,,0
3101,'4958',812,,2470,,,0,208,,2467,,,0,220,,2464,,,0,110,,2468,,,0,154,,2466,,,0,115,,2469,,,0,109,,2465,,,0
1003101,'4944',845,,1405,,,0,105,,1411,,,0,106,,1400,,,0,151,,1401,,,0,110,,1402,,,0,110,,1404,,,0,115,,1409,,,0,115,,1407,,,0,149,,1406,,,0,109,,1403,,,0,115,,1408,,,0,100,,1410,,,0
1003101,'4946',917,,1377,,,0,214,,1376,,,0,75,,1370,,,0,110,,1372,,,0,110,,1373,,,0,114,,1374,,,0,115,,1375,,,0,150,,1371,,,0,109,,1378,,,0,115,,1379,,,0,99,,1380,,,0
1003101,'4955',709,,2785,,,0,30,,2786,,,0,72,,2787,,,0,32,,2788,,,0,73,,2789,,,0,102,,2790,,,0,109,,2791,,,0,110,,2792,,,0,110,,2793,,,0,157,,2794,,,0,100,,2795,,,0,38,,2796,,,0,74,,2797,,,0,34,,2798,,,0,72,,2799,,,0,91,,2800,,,0,90,,2801,,,0,121,,2802,,,0,109,,2803,,,0
1003101,'4957',845,,2809,,,0,105,,2815,,,0,106,,2804,,,0,151,,2805,,,0,110,,2806,,,0,110,,2808,,,0,115,,2813,,,0,115,,2811,,,0,149,,2810,,,0,109,,2807,,,0,115,,2812,,,0,100,,2814,,,0
1003101,'4958',917,,2823,,,0,214,,2822,,,0,75,,2816,,,0,110,,2818,,,0,110,,2819,,,0,114,,2820,,,0,115,,2821,,,0,150,,2817,,,0,109,,2824,,,0,115,,2825,,,0,99,,2826,,,0
