301,'4327',611,,1939,9,,,0,101,,1940,9,,,0,95,,1942,9,,,0,51,,1951,9,,,0,95,,1937,9,,,0,90,,1943,9,,,0,100,,1944,9,,,0,95,,1941,9,,,0,101,,1945,9,,,0,101,,1946,9,,,0,100,,1947,9,,,0,99,,1948,9,,,0,104,,1949,9,,,0,96,,1950,9,,,0,94,,1936,9,,,0,100,,1938,9,0,17 10,0
301,'4332',547,,1977,9,,,0,95,,1976,9,,,0,90,,1975,9,,,0,100,,3622,9,,,0,91,,1952,9,,,0,30,,1953,9,,,0,80,,1954,9,,,0,76,,1955,9,,,0,30,,1956,9,,,0,75,,1957,9,,,0,35,,1958,9,,,0,75,,1959,9,,,0,80,,1960,9,,,0,36,,1961,9,,,0,75,,1962,9,,,0,40,,1963,9,,,0,75,,1964,9,,,0,29,,1965,9,,,0,75,,1966,9,,,0,75,,1967,9,,,0,34,,1968,9,,,0,85,,1969,9,,,0,75,,1970,9,,,0,35,,1971,9,,,0,89,,3620,9,,,0,100,,1973,9,,,0,100,,3621,9,0,17 10,0
301,'4480',547,,1908,9,,,0,80,,1909,9,,,0,75,,1910,9,,,0,31,,1911,9,,,0,75,,1912,9,,,0,35,,1913,9,,,0,75,,1914,9,,,0,35,,1915,9,,,0,75,,1907,9,,,0,75,,1916,9,,,0,36,,1917,9,,,0,75,,1918,9,,,0,35,,1919,9,,,0,76,,1920,9,,,0,75,,1921,9,,,0,40,,1922,9,,,0,75,,1923,9,,,0,36,,1924,9,,,0,80,,1925,9,,,0,76,,1926,9,,,0,33,,1927,9,,,0,73,,1928,9,,,0,35,,1929,9,,,0,74,,1930,9,,,0,35,,1931,9,,,0,170,,1933,9,,,0,199,,1935,9,0,17 10,0
301,'5232',2027,,3623,9,,,0,200,,3624,9,,,0
700,'4327',553,,3698,41,,,0,100,,3692,41,,,0,201,,3691,41,,,0,201,,3693,41,,,0,201,,3694,41,,,0,201,,3695,41,,,0,201,,3696,41,,,0,198,,3697,41,,,0
700,'4332',553,,2236,49,,,0,100,,2237,49,,,0,201,,2238,49,,,0,202,,3699,49,,,0,202,,2240,49,,,0,200,,3700,49,,,0,200,,3701,49,,,0,199,,3702,41,,,0,198,,3703,49,,,0,267,,3704,41,,,0
700,'5232',643,,3710,41,,,0,216,,3711,41,,,0,199,,3712,41,,,0,201,,3713,41,,,0,242,,3708,41,,,0,199,,3709,41,,,0,157,,3707,41,,,0,198,,3705,41,,,0,268,,3706,41,,,0
1000700,'4327',756,,3770,45,0,17 10,0,201,,3769,45,0,17 10,0,201,,3771,45,0,17 10,0,200,,3773,45,0,17 10,0,242,,3772,45,0,17 10,0,159,,3774,45,0,17 10,0,198,,3775,45,,,0
1000700,'4332',756,,2728,53,0,17 10,0,201,,3776,53,,,0,202,,3777,53,0,17 10,0,241,,3778,53,0,17 10,0,200,,3779,45,,,0,200,,3780,53,0,17 10,0,158,,2734,53,0,17 10,0,197,,2735,53,,,0
1000700,'4480',1632,,2715,45,0,17 10,0
1000700,'5232',803,,3787,45,0,17 10,0,12,,3786,45,0,17 10,0,185,,3788,45,0,17 10,0,201,,3789,45,0,17 10,0,200,,3781,45,0,17 10,0,202,,3784,45,0,17 10,0,197,,3785,45,0,17 10,0,158,,3782,45,0,17 10,0,197,,3783,45,0,17 10,0
