100,'4944',629,,77,4,,0,73,,78,4,,0,30,,79,4,,0,71,,80,4,,0,35,,81,4,,0,77,,82,4,,0,37,,83,4,,0,72,,84,4,,0,78,,85,4,,0,37,,86,4,,0,71,,87,4,,0,30,,88,4,,0,70,,89,4,,0,32,,90,4,,0,70,,91,4,,0,31,,92,4,,0,70,,93,4,,0,30,,94,4,,0,70,,95,4,,0,29,,96,4,,0,69,,97,4,,0,29,,98,4,,0,64,,99,4,,0,29,,100,4,,0,69,,101,4,,0,35,,102,4,,0,73,,103,4,,0,34,,104,4,,0,75,,105,4,,0,33,,106,4,,0,75,,107,4,,0,73,,108,4,,0
100,'4946',633,,1,4,,0,81,,2,4,,0,40,,3,4,,0,82,,4,4,,0,80,,5,4,,0,91,,6,4,,0,48,,7,4,,0,81,,8,4,,0,86,,9,4,,0,78,,22,4,,0,40,,10,4,,0,80,,11,4,,0,81,,12,4,,0,40,,13,4,,0,80,,14,4,,0,80,,15,4,,0,39,,16,4,,0,79,,17,4,,0,40,,18,4,,0,77,,19,4,,0,77,,20,4,,0,36,,21,4,,0,84,,23,4,,0,92,,24,4,,0
100,'4955',543,,1417,4,,0,70,,1418,4,,0,34,,1416,4,,0,62,,1420,4,,0,22,,1421,4,,0,22,,1419,4,,0,55,,1422,4,,0,21,,1423,4,,0,17,,1424,4,,0,55,,1425,4,,0,15,,1426,4,,0,17,,1428,4,,0,18,,1427,4,,0,55,,1429,4,,0,20,,1430,4,,0,19,,1431,4,,0,62,,1432,4,,0,22,,1433,4,,0,22,,1434,4,,0,64,,1435,4,,0,27,,1437,4,,0,62,,1436,4,,0,22,,1438,4,,0,24,,1439,4,,0,65,,1441,4,,0,24,,1440,4,,0,64,,1442,4,,0,22,,1443,4,,0,23,,1444,4,,0,56,,1445,4,,0,13,,1446,4,,0,17,,1447,4,,0,14,,1448,4,,0,57,,1449,4,,0,14,,1450,4,,0,13,,1451,4,,0,13,,1452,4,,0,12,,1453,4,,0,53,,1454,4,,0,13,,1455,4,,0,17,,1456,4,,0,19,,1457,4,,0,60,,1458,4,,0,23,,1459,4,,0,63,,1466,4,,0,24,,1460,4,,0,22,,1461,4,,0,64,,1462,4,,0,25,,1467,4,,0,63,,1463,4,,0,27,,1464,4,,0,70,,1465,4,,0
100,'4957',629,,1468,4,,0,73,,1469,4,,0,30,,1470,4,,0,71,,1471,4,,0,35,,1472,4,,0,77,,1473,4,,0,37,,1474,4,,0,72,,1475,4,,0,78,,1476,4,,0,37,,1477,4,,0,71,,1478,4,,0,30,,1479,4,,0,70,,1480,4,,0,32,,1481,4,,0,70,,1482,4,,0,31,,1483,4,,0,70,,1484,4,,0,30,,1485,4,,0,70,,1486,4,,0,29,,1487,4,,0,69,,1488,4,,0,29,,1489,4,,0,64,,1490,4,,0,29,,1491,4,,0,69,,1492,4,,0,35,,1493,4,,0,73,,1494,4,,0,34,,1495,4,,0,75,,1496,4,,0,33,,1497,4,,0,75,,1498,4,,0,73,,1499,4,,0
100,'4958',633,,1500,4,,0,81,,1501,4,,0,40,,1502,4,,0,82,,1503,4,,0,80,,1504,4,,0,91,,1505,4,,0,48,,1506,4,,0,81,,1507,4,,0,86,,1508,4,,0,78,,1521,4,,0,40,,1509,4,,0,80,,1510,4,,0,81,,1511,4,,0,40,,1512,4,,0,80,,1513,4,,0,80,,1514,4,,0,39,,1515,4,,0,79,,1516,4,,0,40,,1517,4,,0,77,,1518,4,,0,77,,1519,4,,0,36,,1520,4,,0,84,,1522,4,,0,92,,1523,4,,0
101,'4944',610,,181,,,0,34,,182,,,0,70,,183,,,0,32,,184,,,0,67,,185,,,0,35,,186,,,0,81,,187,,,0,74,,188,,,0,32,,189,,,0,68,,190,,,0,29,,191,,,0,27,,192,,,0,68,,193,,,0,30,,194,,,0,70,,195,,,0,29,,196,,,0,70,,197,,,0,30,,198,,,0,72,,199,,,0,30,,200,,,0,70,,201,,,0,29,,202,,,0,68,,203,,,0,30,,204,,,0,78,,205,,,0,79,,206,,,0,39,,207,,,0,76,,208,,,0,77,,209,,,0,35,,210,,,0,72,,212,,,0,35,,211,,,0
101,'4946',611,,109,,,0,39,,110,,,0,85,,111,,,0,80,,112,,,0,39,,113,,,0,75,,114,,,0,94,,115,,,0,88,,116,,,0,44,,117,,,0,79,,118,,,0,80,,119,,,0,40,,120,,,0,80,,121,,,0,80,,122,,,0,40,,123,,,0,80,,124,,,0,81,,125,,,0,41,,126,,,0,84,,127,,,0,80,,128,,,0,81,,129,,,0,43,,130,,,0
101,'4955',535,,1525,,,0,65,,1526,,,0,30,,1527,,,0,28,,1528,,,0,61,,1524,,,0,14,,1529,,,0,16,,1530,,,0,62,,1531,,,0,21,,1532,,,0,23,,1533,,,0,60,,1534,,,0,22,,1535,,,0,22,,1536,,,0,62,,1537,,,0,22,,1538,,,0,60,,1539,,,0,22,,1540,,,0,22,,1541,,,0,61,,1542,,,0,23,,1543,,,0,25,,1544,,,0,65,,1545,,,0,19,,1546,,,0,64,,1547,,,0,18,,1548,,,0,16,,1549,,,0,15,,1550,,,0,55,,1551,,,0,15,,1552,,,0,14,,1553,,,0,15,,1554,,,0,55,,1555,,,0,16,,1556,,,0,16,,1557,,,0,16,,1558,,,0,53,,1559,,,0,14,,1560,,,0,12,,1561,,,0,22,,1562,,,0,61,,1563,,,0,20,,1564,,,0,20,,1572,,,0,70,,1565,,,0,26,,1566,,,0,65,,1567,,,0,25,,1573,,,0,65,,1568,,,0,30,,1569,,,0,74,,1570,,,0,34,,1571,,,0
101,'4957',610,,1574,,,0,34,,1575,,,0,70,,1576,,,0,32,,1577,,,0,67,,1578,,,0,35,,1579,,,0,81,,1580,,,0,74,,1581,,,0,32,,1582,,,0,68,,1583,,,0,29,,1584,,,0,27,,1585,,,0,68,,1586,,,0,30,,1587,,,0,70,,1588,,,0,29,,1589,,,0,70,,1590,,,0,30,,1591,,,0,72,,1592,,,0,30,,1593,,,0,70,,1594,,,0,29,,1595,,,0,68,,1596,,,0,30,,1597,,,0,78,,1598,,,0,79,,1599,,,0,39,,1600,,,0,76,,1601,,,0,77,,1602,,,0,35,,1603,,,0,72,,1605,,,0,35,,1604,,,0
101,'4958',611,,1606,,,0,39,,1607,,,0,85,,1608,,,0,80,,1609,,,0,39,,1610,,,0,75,,1611,,,0,94,,1612,,,0,88,,1613,,,0,44,,1614,,,0,79,,1615,,,0,80,,1616,,,0,40,,1617,,,0,80,,1618,,,0,80,,1619,,,0,40,,1620,,,0,80,,1621,,,0,81,,1622,,,0,41,,1623,,,0,84,,1624,,,0,80,,1625,,,0,81,,1626,,,0,43,,1627,,,0
1200,'4955',715,,2301,,,0,40,,2302,,,0,86,,2303,,,0,76,,2296,,,0,115,,2297,,,0,119,,2298,,,0,165,,2299,,,0,127,,2300,,,0,170,,2294,,,0,42,,2295,,,0,85,,2293,,,0
1201,'4955',713,,2312,4,,0,40,,2313,4,,0,86,,2314,4,,0,76,,2309,4,,0,115,,2310,4,,0,119,,2311,4,,0,165,,2304,4,,0,127,,2306,4,,0,170,,2307,4,,0,42,,2308,4,,0,85,,2305,4,,0
