301,'4729',557,,3323,,,0,83,,3324,,,0,76,,3325,,,0,31,,3326,,,0,76,,3327,,,0,35,,3328,,,0,74,,3329,,,0,76,,3330,,,0,35,,3322,,,0,76,,3331,,,0,36,,3332,,,0,75,,3333,,,0,75,,3334,,,0,36,,3335,,,0,75,,3336,,,0,41,,3337,,,0,75,,3338,,,0,73,,3339,,,0,40,,3340,,,0,75,,3341,,,0,33,,3342,,,0,74,,3343,,,0,75,,3344,,,0,34,,3345,,,0,75,,3346,,,0,30,,3347,,,0,100,,3348,,,0,99,,3349,,,0
301,'4739',559,,3376,,,0,95,,3375,,,0,91,,3374,,,0,100,,3377,,,0,92,,3351,,,0,71,,3352,,,0,40,,3353,,,0,77,,3354,,,0,30,,3355,,,0,75,,3356,,,0,75,,3357,,,0,35,,3358,,,0,80,,3359,,,0,36,,3360,,,0,75,,3361,,,0,80,,3362,,,0,35,,3363,,,0,69,,3364,,,0,35,,3365,,,0,74,,3366,,,0,34,,3367,,,0,84,,3368,,,0,75,,3369,,,0,35,,3370,,,0,89,,3371,,,0,100,,3372,,,0
301,'4958',624,,3381,,,0,101,,3382,,,0,95,,3383,,,0,91,,3393,,,0,96,,3379,,,0,50,,3384,,,0,101,,3385,,,0,96,,3386,,,0,101,,3387,,,0,101,,3388,,,0,100,,3389,,,0,98,,3390,,,0,104,,3391,,,0,96,,3392,,,0,93,,3378,,,0
2400,'4729',1513,,3819,0,15 16 11 12,0
3101,'4729',644,,3852,,,0,83,,3853,,,0,32,,3855,,,0,73,,3856,,,0,72,,3854,,,0,46,,3858,,,0,106,,3859,,,0,151,,3860,,,0,110,,3857,,,0,116,,3861,,,0,117,,3862,,,0,79,,3864,,,0,75,,3865,,,0,36,,3866,,,0,72,,3863,,,0,30,,3867,,,0,58,,3868,,,0
3101,'4739',817,,3872,,,0,104,,3871,,,0,103,,3869,,,0,112,,3876,,,0,110,,3877,,,0,110,,3870,,,0,156,,3875,,,0,115,,3873,,,0,109,,3874,,,0,108,,3878,,,0
3101,'4958',817,,3885,,,0,209,,3882,,,0,220,,3879,,,0,110,,3883,,,0,154,,3881,,,0,115,,3884,,,0,109,,3880,,,0
1003101,'4729',714,,4200,,,0,32,,4201,,,0,73,,4202,,,0,32,,4203,,,0,72,,4204,,,0,101,,4205,,,0,110,,4206,,,0,110,,4207,,,0,110,,4208,,,0,158,,4209,,,0,100,,4210,,,0,38,,4211,,,0,74,,4212,,,0,34,,4213,,,0,70,,4214,,,0,91,,4215,,,0,90,,4216,,,0,121,,4217,,,0,108,,4218,,,0
1003101,'4739',851,,4224,,,0,105,,4230,,,0,146,,4219,,,0,111,,4220,,,0,110,,4221,,,0,111,,4223,,,0,115,,4228,,,0,154,,4226,,,0,109,,4225,,,0,109,,4222,,,0,115,,4227,,,0,100,,4229,,,0
1003101,'4958',922,,4238,,,0,215,,4237,,,0,75,,4231,,,0,110,,4233,,,0,110,,4234,,,0,114,,4235,,,0,155,,4236,,,0,110,,4232,,,0,109,,4239,,,0,115,,4240,,,0,98,,4241,,,0
