101,'4944',617,,181,,,0,35,,182,,,0,70,,183,,,0,32,,184,,,0,67,,185,,,0,35,,186,,,0,82,,187,,,0,74,,188,,,0,32,,189,,,0,68,,190,,,0,29,,191,,,0,67,,192,,,0,28,,193,,,0,70,,194,,,0,30,,195,,,0,70,,196,,,0,30,,197,,,0,70,,198,,,0,31,,199,,,0,70,,200,,,0,30,,201,,,0,69,,202,,,0,28,,203,,,0,70,,204,,,0,38,,205,,,0,79,,206,,,0,38,,207,,,0,76,,208,,,0,76,,209,,,0,35,,210,,,0,72,,212,,,0,35,,211,,,0
101,'4946',618,,109,,,0,40,,110,,,0,85,,111,,,0,80,,112,,,0,79,,113,,,0,36,,114,,,0,94,,115,,,0,88,,116,,,0,84,,117,,,0,40,,118,,,0,80,,119,,,0,79,,120,,,0,40,,121,,,0,80,,122,,,0,80,,123,,,0,40,,124,,,0,81,,125,,,0,81,,126,,,0,43,,127,,,0,80,,128,,,0,81,,129,,,0,43,,130,,,0
101,'4955',543,,1525,,,0,65,,1526,,,0,30,,1527,,,0,69,,1528,,,0,22,,1524,,,0,14,,1529,,,0,16,,1530,,,0,62,,1531,,,0,21,,1532,,,0,63,,1533,,,0,20,,1534,,,0,21,,1535,,,0,62,,1536,,,0,22,,1537,,,0,22,,1538,,,0,61,,1539,,,0,22,,1540,,,0,22,,1541,,,0,61,,1542,,,0,23,,1543,,,0,65,,1544,,,0,26,,1545,,,0,19,,1546,,,0,64,,1547,,,0,18,,1548,,,0,16,,1549,,,0,55,,1550,,,0,15,,1551,,,0,15,,1552,,,0,14,,1553,,,0,55,,1554,,,0,15,,1555,,,0,15,,1556,,,0,16,,1557,,,0,56,,1558,,,0,13,,1559,,,0,14,,1560,,,0,12,,1561,,,0,62,,1562,,,0,21,,1563,,,0,20,,1564,,,0,59,,1572,,,0,30,,1565,,,0,65,,1566,,,0,25,,1567,,,0,25,,1573,,,0,65,,1568,,,0,30,,1569,,,0,74,,1570,,,0,34,,1571,,,0
101,'4957',617,,1574,,,0,35,,1575,,,0,70,,1576,,,0,32,,1577,,,0,67,,1578,,,0,35,,1579,,,0,82,,1580,,,0,74,,1581,,,0,32,,1582,,,0,68,,1583,,,0,29,,1584,,,0,67,,1585,,,0,28,,1586,,,0,70,,1587,,,0,30,,1588,,,0,70,,1589,,,0,30,,1590,,,0,70,,1591,,,0,31,,1592,,,0,70,,1593,,,0,30,,1594,,,0,69,,1595,,,0,28,,1596,,,0,70,,1597,,,0,38,,1598,,,0,79,,1599,,,0,38,,1600,,,0,76,,1601,,,0,76,,1602,,,0,35,,1603,,,0,72,,1605,,,0,35,,1604,,,0
101,'4958',618,,1606,,,0,40,,1607,,,0,85,,1608,,,0,80,,1609,,,0,79,,1610,,,0,36,,1611,,,0,94,,1612,,,0,88,,1613,,,0,84,,1614,,,0,40,,1615,,,0,80,,1616,,,0,79,,1617,,,0,40,,1618,,,0,80,,1619,,,0,80,,1620,,,0,40,,1621,,,0,81,,1622,,,0,81,,1623,,,0,43,,1624,,,0,80,,1625,,,0,81,,1626,,,0,43,,1627,,,0
700,'4944',556,,821,4,,0,100,,822,4,,0,202,,823,4,,0,242,,824,4,,0,202,,825,4,,0,200,,826,4,,0,200,,827,4,,0,199,,828,4,,0,158,,829,4,,0,266,,830,4,,0
700,'4946',556,,811,4,,0,100,,805,4,,0,201,,804,4,,0,202,,806,4,,0,241,,807,4,,0,201,,808,4,,0,201,,809,4,,0,198,,810,4,,0
700,'4955',649,,2224,4,,0,252,,2225,4,,0,200,,2226,4,,0,201,,2227,4,,0,201,,2222,4,,0,200,,2223,4,,0,198,,2221,4,,0,199,,2219,4,,0,225,,2220,4,,0
700,'4957',556,,2228,4,,0,100,,2229,4,,0,202,,2230,4,,0,242,,2231,4,,0,202,,2232,4,,0,200,,2233,4,,0,200,,2234,4,,0,199,,2235,4,,0,158,,2236,4,,0,266,,2237,4,,0
700,'4958',556,,2245,4,,0,100,,2239,4,,0,201,,2238,4,,0,202,,2240,4,,0,241,,2241,4,,0,201,,2242,4,,0,201,,2243,4,,0,198,,2244,4,,0
1000700,'4944',759,,1313,4,,0,242,,1314,,,0,202,,1315,4,,0,201,,1316,4,,0,200,,1317,,,0,200,,1318,4,,0,198,,1319,4,,0,157,,1320,,,0
1000700,'4946',759,,1297,4,,0,241,,1296,4,,0,202,,1298,4,,0,200,,1300,4,,0,202,,1299,4,,0,199,,1301,4,,0,198,,1302,,,0
1000700,'4955',803,,2718,4,,0,15,,2717,4,,0,185,,2719,4,,0,201,,2720,4,,0,202,,2711,4,,0,200,,2714,4,,0,30,,2715,4,,0,168,,2716,4,,0,197,,2712,4,,0,158,,2713,4,,0
1000700,'4957',759,,2721,4,,0,242,,2722,,,0,202,,2723,4,,0,201,,2724,4,,0,200,,2725,,,0,200,,2726,4,,0,198,,2727,4,,0,157,,2728,,,0
1000700,'4958',759,,2730,4,,0,241,,2729,4,,0,202,,2731,4,,0,200,,2733,4,,0,202,,2732,4,,0,199,,2734,4,,0,198,,2735,,,0
