3100,'4944',909,,1017,,,0,105,,1021,,,0,110,,1015,,,0,109,,1014,,,0,110,,1016,,,0,115,,1018,,,0,155,,1020,,,0,110,,1019,,,0
3100,'4946',1015,,999,,,0,109,,993,,,0,109,,994,,,0,110,,995,,,0,115,,996,,,0,156,,997,,,0,110,,998,,,0
3100,'4955',732,,2408,,,0,71,,2409,,,0,31,,2410,,,0,104,,2411,,,0,107,,2412,,,0,110,,2413,,,0,150,,2414,,,0,114,,2415,,,0,97,,2416,,,0,39,,2417,,,0,74,,2418,,,0,74,,2419,,,0,36,,2420,,,0,75,,2421,,,0
3100,'4957',909,,2425,,,0,105,,2429,,,0,110,,2423,,,0,109,,2422,,,0,110,,2424,,,0,115,,2426,,,0,155,,2428,,,0,110,,2427,,,0
3100,'4958',1015,,2436,,,0,109,,2430,,,0,109,,2431,,,0,110,,2432,,,0,115,,2433,,,0,156,,2434,,,0,110,,2435,,,0
1003100,'4944',736,,1369,,,0,101,,1358,,,0,100,,1357,,,0,110,,1356,,,0,110,,1364,,,0,150,,1368,,,0,115,,1361,,,0,114,,1365,,,0,111,,1362,,,0,110,,1363,,,0,75,,1359,,,0,115,,1360,,,0,101,,1367,,,0,99,,1366,,,0
1003100,'4946',735,,1335,,,0,102,,1327,,,0,103,,1325,,,0,107,,1329,,,0,110,,1326,,,0,150,,1324,,,0,114,,1330,,,0,115,,1331,,,0,111,,1328,,,0,181,,1332,,,0,120,,1333,,,0,103,,1334,,,0
1003100,'4955',646,,2743,,,0,69,,2744,,,0,30,,2745,,,0,68,,2746,,,0,90,,2747,,,0,106,,2748,,,0,109,,2749,,,0,109,,2750,,,0,115,,2751,,,0,110,,2752,,,0,80,,2753,,,0,74,,2740,,,0,36,,2741,,,0,79,,2739,,,0,32,,2742,,,0,80,,2754,,,0,85,,2755,,,0,124,,2756,,,0,101,,2757,,,0,108,,2758,,,0
1003100,'4957',736,,2772,,,0,101,,2761,,,0,100,,2760,,,0,110,,2759,,,0,110,,2767,,,0,150,,2771,,,0,115,,2764,,,0,114,,2768,,,0,111,,2765,,,0,110,,2766,,,0,75,,2762,,,0,115,,2763,,,0,101,,2770,,,0,99,,2769,,,0
1003100,'4958',735,,2784,,,0,102,,2776,,,0,103,,2774,,,0,107,,2778,,,0,110,,2775,,,0,150,,2773,,,0,114,,2779,,,0,115,,2780,,,0,111,,2777,,,0,181,,2781,,,0,120,,2782,,,0,103,,2783,,,0
24003100,'4955',536,,2830,,,0,69,,2827,,,0,30,,2828,,,0,70,,2829,,,0
