3101,'4528',621,,4827,3,,,0,85,,4828,3,,,0,30,,4830,3,,,0,71,,4831,3,,,0,32,,4829,3,,,0,87,,4833,3,,,0,105,,4834,3,,,0,110,,4835,3,,,0,110,,4832,3,,,0,155,,4836,3,,,0,114,,4837,3,,,0,81,,4839,3,,,0,36,,4840,3,,,0,76,,4841,3,,,0,34,,4838,3,,,0,71,,4842,3,,,0,18,,4843,3,,,0
3101,'4532',756,,4847,3,,,0,103,,4846,3,,,0,142,,4844,3,,,0,110,,4851,3,,,0,110,,4852,3,,,0,110,,4845,3,,,0,115,,4850,3,,,0,155,,4848,3,,,0,110,,4849,3,,,0,110,,4853,3,,,0
3101,'5221',756,,4860,3,,,0,247,,4857,3,,,0,218,,4854,3,,,0,110,,4858,3,,,0,115,,4856,3,,,0,155,,4859,3,,,0,110,,4855,3,,,0
3201,'4528',551,,4862,3,0,5 49,0,70,,4863,3,0,5 49,0,30,,4864,3,0,5 49,0,70,,4861,3,0,5 49,0,30,,4865,3,0,5 49,0,72,,4866,3,0,5 49,0,33,,4867,3,0,5 49,0,70,,4868,3,0,5 49,0,32,,4869,3,0,5 49,0,73,,4870,3,0,5 49,0,75,,4871,3,0,5 49,0,35,,4872,3,0,5 49,0,75,,4873,3,0,5 49,0,35,,4874,3,0,5 49,0,75,,4875,3,0,5 49,0,80,,4876,3,0,5 49,0,37,,4877,3,0,5 49,0,78,,4878,3,0,5 49,0,80,,4879,3,0,5 49,0,35,,4880,3,0,5 49,0,78,,4881,3,0,5 49,0,32,,4882,3,0,5 49,0,72,,4883,3,0,5 49,0,38,,4884,3,0,5 49,0,87,,4885,3,0,5 49,0,68,,4886,3,0,5 49,0,95,,4887,3,0,5 49,0,105,,4888,3,0,5 49,0
3201,'4532',756,,4900,3,0,5 49,0,70,,4891,3,0,5 49,0,33,,4911,3,0,5 49,0,72,,4889,3,0,5 49,0,70,,4892,3,0,5 49,0,35,,4897,3,0,5 49,0,75,,4890,3,0,5 49,0,35,,4909,3,0,5 49,0,75,,4894,3,0,5 49,0,35,,4893,3,0,5 49,0,75,,4898,3,0,5 49,0,75,,4895,3,0,5 49,0,40,,4910,3,0,5 49,0,75,,4899,3,0,5 49,0,80,,4896,3,0,5 49,0,35,,4905,3,0,5 49,0,75,,4901,3,0,5 49,0,35,,4912,3,0,5 49,0,75,,4902,3,0,5 49,0,35,,4904,3,0,5 49,0,85,,4903,3,0,5 49,0,70,,4907,3,0,5 49,0,30,,4906,3,0,5 49,0,170,,4908,3,0,5 49,0
3201,'5221',756,,4927,3,0,5 49,0,103,,4926,3,0,5 49,0,144,,4921,3,0,5 49,0,33,,4928,3,0,5 49,0,75,,4915,3,0,5 49,0,35,,4914,3,0,5 49,0,75,,4922,3,0,5 49,0,35,,4913,3,0,5 49,0,75,,4923,3,0,5 49,0,75,,4918,3,0,5 49,0,40,,4924,3,0,5 49,0,75,,4919,3,0,5 49,0,80,,4920,3,0,5 49,0,35,,4917,3,0,5 49,0,75,,4925,3,0,5 49,0,35,,4916,3,0,5 49,0,110,,4929,3,0,5 49,0,155,,4930,3,0,5 49,0
3201,'5357',2506,,4931,3,0,5 49,0
3501,'4528',713,,5064,7,,,0,28,,5065,7,,,0,65,,5066,7,,,0,34,,5067,7,,,0,396,,5062,7,,,0,302,,5063,7,,,0,298,,5061,7,,,0,120,,5060,7,,,0
3501,'4532',841,,5069,7,,,0,395,,5072,7,,,0,280,,5068,7,,,0,225,,5070,7,,,0,160,,5071,7,,,0
3501,'5221',842,,5074,7,,,0,395,,5073,7,,,0,280,,5077,7,,,0,225,,5075,7,,,0,160,,5076,7,,,0
3900,'4528',627,,5083,3,,,0,319,,5086,33,0,7 8,0,98,,5080,32,0,7 8,0,159,,5081,33,0,7 8,0,135,,5082,32,0,7 8,0,170,,5084,33,0,7 8,0,150,,5085,33,0,7 8,0,150,,5078,33,0,7 8,0,119,,5079,32,0,7 8,0
3900,'4532',933,,5088,32,0,7 8,0,120,,5089,32,0,7 8,0,106,,5087,32,0,7 8,0,175,,5090,32,0,7 8,0,110,,5092,32,0,7 8,0,170,,5091,32,0,7 8,0,104,,5094,32,0,7 8,0,114,,5093,32,0,7 8,0
3900,'5221',928,,5098,32,0,7 8,0,121,,5101,32,0,7 8,0,105,,5096,32,0,7 8,0,175,,5095,32,0,7 8,0,110,,5099,32,0,7 8,0,170,,5097,32,0,7 8,0,104,,5102,32,0,7 8,0,115,,5100,32,0,7 8,0
1003101,'4528',651,,6169,3,,,0,70,,6170,3,,,0,30,,6171,3,,,0,72,,6172,3,,,0,33,,6173,3,,,0,102,,6174,3,,,0,148,,6175,3,,,0,110,,6176,3,,,0,110,,6177,3,,,0,115,,6178,3,,,0,100,,6179,3,,,0,78,,6180,3,,,0,35,,6181,3,,,0,75,,6182,3,,,0,73,,6183,3,,,0,51,,6184,3,,,0,90,,6185,3,,,0,163,,6186,3,,,0,110,,6187,3,,,0
1003101,'4532',826,,6193,3,,,0,105,,6199,3,,,0,105,,6188,3,,,0,110,,6189,3,,,0,110,,6190,3,,,0,150,,6192,3,,,0,115,,6197,3,,,0,115,,6195,3,,,0,110,,6194,3,,,0,110,,6191,3,,,0,155,,6196,3,,,0,100,,6198,3,,,0
1003101,'5221',859,,6207,3,,,0,252,,6206,3,,,0,35,,6200,3,,,0,110,,6202,3,,,0,150,,6203,3,,,0,115,,6204,3,,,0,115,,6205,3,,,0,110,,6201,3,,,0,110,,6208,3,,,0,155,,6209,3,,,0,100,,6210,3,,,0
