101,'4528',548,,3923,19,,,0,67,,3924,19,,,0,30,,3925,19,,,0,70,,3926,19,,,0,22,,3922,19,,,0,15,,3927,19,,,0,56,,3928,19,,,0,21,,3929,19,,,0,21,,3930,19,,,0,62,,3931,19,,,0,21,,3932,19,,,0,21,,3933,19,,,0,61,,3934,19,,,0,22,,3935,19,,,0,21,,3936,19,,,0,62,,3937,19,,,0,23,,3938,19,,,0,61,,3939,19,,,0,21,,3940,19,,,0,23,,3941,19,,,0,66,,3942,19,,,0,26,,3943,19,,,0,60,,3944,19,,,0,24,,3945,19,,,0,18,,3946,19,,,0,15,,3947,19,,,0,56,,3948,19,,,0,15,,3949,19,,,0,15,,3950,19,,,0,15,,3951,19,,,0,55,,3952,19,,,0,15,,3953,19,,,0,15,,3954,19,,,0,14,,3955,19,,,0,55,,3956,19,,,0,15,,3957,19,,,0,12,,3958,19,,,0,13,,3959,19,,,0,61,,3960,19,,,0,20,,3961,19,,,0,20,,3962,19,,,0,60,,3970,19,,,0,29,,3963,19,,,0,65,,3964,19,,,0,26,,3965,19,,,0,24,,3971,19,,,0,63,,3966,19,,,0,30,,3967,19,,,0,76,,3968,19,,,0,32,,3969,19,,,0
101,'4532',623,,3973,19,,,0,35,,3972,19,,,0,70,,3974,19,,,0,72,,3975,19,,,0,28,,3976,19,,,0,75,,3977,19,,,0,42,,3978,19,,,0,74,,3979,19,,,0,32,,3980,19,,,0,69,,3981,19,,,0,29,,3982,19,,,0,67,,3983,19,,,0,28,,3984,19,,,0,70,,3985,19,,,0,30,,3986,19,,,0,70,,3987,19,,,0,30,,3988,19,,,0,70,,3989,19,,,0,31,,3990,19,,,0,70,,3991,19,,,0,30,,3992,19,,,0,69,,3993,19,,,0,28,,3994,19,,,0,69,,3995,19,,,0,38,,3996,19,,,0,79,,3997,19,,,0,78,,3998,19,,,0,35,,3999,19,,,0,76,,4000,19,,,0,35,,4001,19,,,0,72,,4003,19,,,0,35,,4002,19,,,0
101,'5221',623,,4004,19,,,0,80,,4005,19,,,0,45,,4006,19,,,0,80,,4007,19,,,0,79,,4008,19,,,0,37,,4009,19,,,0,94,,4010,19,,,0,88,,4011,19,,,0,85,,4012,19,,,0,40,,4013,19,,,0,80,,4014,19,,,0,79,,4015,19,,,0,40,,4016,19,,,0,80,,4017,19,,,0,80,,4018,19,,,0,40,,4019,19,,,0,81,,4020,19,,,0,81,,4021,19,,,0,42,,4022,19,,,0,80,,4023,19,,,0,81,,4024,19,,,0,43,,4025,19,,,0
500,'4528',620,,4425,18,4,,0,84,,4426,18,4,,0,37,,4427,18,4,,0,75,,4428,18,4,,0,36,,4429,18,4,,0,73,,4430,18,4,,0,76,,4431,18,4,,0,36,,4432,18,4,,0,78,,4433,18,4,,0,37,,4434,18,4,,0,76,,4435,18,4,,0,75,,4436,18,4,,0,36,,4437,18,4,,0,76,,4438,18,4,,0,37,,4439,18,4,,0,80,,4440,18,4,,0,75,,4441,18,4,,0,34,,4442,18,4,,0,80,,4443,18,4,,0,34,,4444,18,4,,0,69,,4445,18,4,,0,35,,4446,18,4,,0,73,,4447,18,4,,0,73,,4448,18,4,,0,34,,4449,18,4,,0,69,,4450,18,4,,0,97,,4451,18,4,,0,100,,4452,18,4,,0
500,'4532',622,,4477,18,4,,0,95,,4476,18,4,,0,92,,4475,18,4,,0,102,,4478,18,4,,0,92,,4453,18,4,,0,34,,4454,18,4,,0,81,,4455,18,4,,0,37,,4456,18,4,,0,71,,4458,18,4,,0,75,,4459,18,4,,0,35,,4460,18,4,,0,75,,4457,18,4,,0,40,,4461,18,4,,0,77,,4462,18,4,,0,75,,4463,18,4,,0,40,,4464,18,4,,0,75,,4465,18,4,,0,28,,4466,18,4,,0,74,,4467,18,4,,0,33,,4468,18,4,,0,73,,4469,18,4,,0,83,,4470,18,4,,0,34,,4471,18,4,,0,75,,4472,18,4,,0,88,,4473,18,4,,0,99,,4474,18,4,,0
500,'5221',646,,4479,18,4,,0,103,,4480,18,4,,0,96,,4481,18,4,,0,92,,4493,18,4,,0,97,,4482,18,4,,0,90,,4483,18,4,,0,104,,4485,18,4,,0,96,,4486,18,4,,0,101,,4487,18,4,,0,102,,4484,18,4,,0,100,,4488,18,4,,0,96,,4489,18,4,,0,103,,4490,18,4,,0,95,,4491,18,4,,0,93,,4492,18,4,,0
900,'4532',717,,4659,60,4,,0,100,,4660,60,4,,0,102,,4661,60,4,,0,101,,4662,60,4,,0,105,,4663,60,4,,0,96,,4664,60,4,,0,106,,4665,60,4,,0,100,,4666,60,4,,0,200,,4668,60,4,,0,103,,4669,69,4,,0,194,,4671,60,4,,0,95,,4672,60,4,,0,99,,4673,60,4,,0
1200,'4528',732,,4697,22,4,,0,80,,4698,22,4,,0,46,,4699,22,4,,0,75,,4692,22,4,,0,115,,4693,22,4,,0,160,,4694,22,4,,0,125,,4695,22,4,,0,168,,4696,22,4,,0,130,,4690,22,4,,0,81,,4691,22,4,,0,45,,4689,22,4,,0
2101,'4528',559,,4776,1,,,0,83,,4777,1,,,0,165,,4775,1,,,0,98,,4774,1,,,0,32,,4778,1,,,0,98,,4773,1,,,0,122,,4766,1,,,0,170,,4771,1,,,0,91,,4767,1,,,0,41,,4768,1,,,0,147,,4772,1,,,0,49,,4770,1,,,0,149,,4765,1,,,0,122,,4769,1,,,0
2101,'4532',723,,4787,1,,,0,129,,4788,1,,,0,178,,4786,1,,,0,122,,4782,1,,,0,172,,4780,1,,,0,105,,4781,1,,,0,100,,4783,1,,,0,100,,4784,1,,,0,129,,4785,1,,,0,171,,4779,1,,,0
2101,'5221',800,,4797,1,,,0,59,,4789,1,,,0,175,,4790,1,,,0,169,,4791,1,,,0,132,,4792,1,,,0,173,,4793,1,,,0,130,,4794,1,,,0,174,,4795,1,,,0,130,,4796,1,,,0
74701,'5328',1035,,5965,1,,,0,65,,5961,1,,,0,25,,5960,1,,,0,25,,5966,1,,,0,65,,5962,1,,,0,25,,5964,1,,,0,175,,5963,1,,,0,90,,5968,1,,,0,25,,5967,1,,,0,25,,5969,1,,,0,65,,5970,1,,,0,35,,5973,1,,,0,60,,5972,1,,,0,20,,5971,1,,,0
74701,'5360',1035,,5985,1,,,0,65,,5982,1,,,0,25,,5977,1,,,0,25,,5987,1,,,0,65,,5983,1,,,0,25,,5986,1,,,0,175,,5974,1,,,0,90,,5976,1,,,0,25,,5975,1,,,0,25,,5979,1,,,0,65,,5978,1,,,0,35,,5980,1,,,0,60,,5981,1,,,0,20,,5984,1,,,0
1000700,'4532',1007,,6106,64,4,,0,605,,6109,56,4,,0,592,,6112,64,4,,0
1000700,'5221',2007,,6119,56,4,,0
1002101,'4528',717,,6122,1,,,0
