300,'4528',551,,4236,14,,,0,71,,4237,14,,,0,30,,4238,14,,,0,74,,4239,14,,,0,33,,4240,14,,,0,75,,4241,14,,,0,74,,4242,14,,,0,35,,4243,14,,,0,74,,4244,14,,,0,35,,4235,14,,,0,74,,4245,14,,,0,74,,4246,14,,,0,35,,4247,14,,,0,75,,4248,14,,,0,40,,4249,14,,,0,75,,4250,14,,,0,75,,4251,14,,,0,40,,4252,14,,,0,76,,4253,14,,,0,34,,4254,14,,,0,77,,4255,14,,,0,77,,4256,14,,,0,36,,4258,14,,,0,75,,4257,14,,,0,30,,4259,14,,,0,100,,4260,14,,,0,103,,4261,14,,,0,103,,4262,14,,,0
300,'4532',605,,4287,14,,,0,50,,4286,14,,,0,99,,4288,14,,,0,87,,4263,14,,,0,68,,4264,14,,,0,40,,4265,14,,,0,75,,4267,14,,,0,30,,4268,14,,,0,75,,4269,14,,,0,75,,4266,14,,,0,33,,4270,14,,,0,80,,4271,14,,,0,35,,4272,14,,,0,75,,4273,14,,,0,81,,4274,14,,,0,35,,4275,14,,,0,70,,4276,14,,,0,36,,4277,14,,,0,76,,4278,14,,,0,75,,4279,14,,,0,46,,4280,14,,,0,75,,4281,14,,,0,36,,4282,14,,,0,90,,4283,14,,,0,102,,4284,14,,,0,101,,4285,14,,,0
300,'5221',635,,4289,14,,,0,95,,4290,14,,,0,88,,4303,14,,,0,93,,4292,14,,,0,90,,4293,14,,,0,58,,4294,14,,,0,95,,4291,14,,,0,99,,4295,14,,,0,101,,4296,14,,,0,100,,4297,14,,,0,100,,4298,14,,,0,104,,4299,14,,,0,98,,4300,14,,,0,96,,4301,14,,,0,100,,4302,14,,,0
301,'4528',557,,4305,26,,,0,83,,4306,26,,,0,76,,4307,26,,,0,32,,4308,26,,,0,75,,4309,26,,,0,35,,4310,26,,,0,76,,4311,26,,,0,76,,4312,26,,,0,36,,4304,26,,,0,75,,4313,26,,,0,36,,4314,26,,,0,75,,4315,26,,,0,76,,4316,26,,,0,35,,4317,26,,,0,75,,4318,26,,,0,40,,4319,26,,,0,75,,4320,26,,,0,75,,4321,26,,,0,40,,4322,26,,,0,76,,4323,26,,,0,31,,4324,26,,,0,75,,4325,26,,,0,75,,4326,26,,,0,33,,4327,26,,,0,75,,4328,26,,,0,29,,4329,26,,,0,99,,4330,26,,,0,100,,4331,26,,,0
301,'4532',559,,4358,26,,,0,95,,4357,26,,,0,92,,4356,26,,,0,100,,4359,26,,,0,92,,4333,26,,,0,71,,4334,26,,,0,40,,4335,26,,,0,77,,4336,26,,,0,30,,4337,26,,,0,75,,4338,26,,,0,75,,4339,26,,,0,35,,4340,26,,,0,80,,4341,26,,,0,36,,4342,26,,,0,75,,4343,26,,,0,80,,4344,26,,,0,35,,4345,26,,,0,69,,4346,26,,,0,35,,4347,26,,,0,74,,4348,26,,,0,34,,4349,26,,,0,84,,4350,26,,,0,75,,4351,26,,,0,35,,4352,26,,,0,88,,4353,26,,,0,100,,4354,26,,,0
301,'5221',624,,4363,26,,,0,101,,4364,26,,,0,96,,4366,26,,,0,91,,4375,26,,,0,96,,4361,26,,,0,50,,4367,26,,,0,101,,4368,26,,,0,96,,4365,26,,,0,101,,4369,26,,,0,101,,4370,26,,,0,100,,4371,26,,,0,98,,4372,26,,,0,104,,4373,26,,,0,96,,4374,26,,,0,93,,4360,26,,,0
3101,'4528',644,,4827,17,,,0,84,,4828,17,,,0,72,,4830,17,,,0,31,,4831,17,,,0,73,,4829,17,,,0,47,,4833,17,,,0,106,,4834,17,,,0,150,,4835,17,,,0,111,,4832,17,,,0,115,,4836,17,,,0,116,,4837,17,,,0,81,,4839,17,,,0,74,,4840,17,,,0,36,,4841,17,,,0,72,,4838,17,,,0,31,,4842,17,,,0,58,,4843,17,,,0
3101,'4532',818,,4847,17,,,0,104,,4846,17,,,0,103,,4844,17,,,0,112,,4851,17,,,0,110,,4852,17,,,0,110,,4845,17,,,0,155,,4850,17,,,0,115,,4848,17,,,0,110,,4849,17,,,0,108,,4853,17,,,0
3101,'5221',818,,4860,17,,,0,209,,4857,17,,,0,220,,4854,17,,,0,110,,4858,17,,,0,154,,4856,17,,,0,115,,4859,17,,,0,109,,4855,17,,,0
1003101,'4528',715,,6169,20,,,0,32,,6170,20,,,0,70,,6171,20,,,0,33,,6172,20,,,0,73,,6173,20,,,0,103,,6174,20,,,0,108,,6175,20,,,0,110,,6176,20,,,0,111,,6177,20,,,0,157,,6178,20,,,0,101,,6179,20,,,0,36,,6180,20,,,0,75,,6181,20,,,0,34,,6182,20,,,0,71,,6183,20,,,0,91,,6184,20,,,0,90,,6185,20,,,0,122,,6186,20,,,0,109,,6187,20,,,0
1003101,'4532',852,,6193,20,,,0,105,,6199,20,,,0,146,,6188,20,,,0,111,,6189,20,,,0,110,,6190,20,,,0,110,,6192,20,,,0,115,,6197,20,,,0,155,,6195,20,,,0,109,,6194,20,,,0,109,,6191,20,,,0,115,,6196,20,,,0,100,,6198,20,,,0
1003101,'5221',923,,6207,20,,,0,215,,6206,20,,,0,75,,6200,20,,,0,110,,6202,20,,,0,110,,6203,20,,,0,114,,6204,20,,,0,155,,6205,20,,,0,110,,6201,20,,,0,109,,6208,20,,,0,115,,6209,20,,,0,98,,6210,20,,,0
