101,'4528',551,,3923,23,,,0,67,,3924,23,,,0,31,,3925,23,,,0,70,,3926,23,,,0,22,,3922,23,,,0,15,,3927,23,,,0,56,,3928,23,,,0,21,,3929,23,,,0,21,,3930,23,,,0,62,,3931,23,,,0,21,,3932,23,,,0,21,,3933,23,,,0,62,,3934,23,,,0,22,,3935,23,,,0,61,,3936,23,,,0,22,,3937,23,,,0,23,,3938,23,,,0,61,,3939,23,,,0,21,,3940,23,,,0,23,,3941,23,,,0,66,,3942,23,,,0,26,,3943,23,,,0,60,,3944,23,,,0,24,,3945,23,,,0,18,,3946,23,,,0,55,,3947,23,,,0,16,,3948,23,,,0,15,,3949,23,,,0,15,,3950,23,,,0,55,,3951,23,,,0,15,,3952,23,,,0,15,,3953,23,,,0,15,,3954,23,,,0,54,,3955,23,,,0,15,,3956,23,,,0,15,,3957,23,,,0,12,,3958,23,,,0,13,,3959,23,,,0,60,,3960,23,,,0,20,,3961,23,,,0,20,,3962,23,,,0,60,,3970,23,,,0,29,,3963,23,,,0,65,,3964,23,,,0,26,,3965,23,,,0,64,,3971,23,,,0,23,,3966,23,,,0,30,,3967,23,,,0,75,,3968,23,,,0,72,,3969,23,,,0
101,'5015',626,,3973,23,,,0,75,,3972,23,,,0,30,,3974,23,,,0,72,,3975,23,,,0,29,,3976,23,,,0,75,,3977,23,,,0,42,,3978,23,,,0,74,,3979,23,,,0,32,,3980,23,,,0,69,,3981,23,,,0,30,,3982,23,,,0,67,,3983,23,,,0,28,,3984,23,,,0,70,,3985,23,,,0,30,,3986,23,,,0,70,,3987,23,,,0,30,,3988,23,,,0,70,,3989,23,,,0,31,,3990,23,,,0,70,,3991,23,,,0,30,,3992,23,,,0,69,,3993,23,,,0,27,,3994,23,,,0,69,,3995,23,,,0,38,,3996,23,,,0,79,,3997,23,,,0,78,,3998,23,,,0,35,,3999,23,,,0,75,,4000,23,,,0,35,,4001,23,,,0,72,,4003,23,,,0,75,,4002,23,,,0
101,'5221',626,,4004,23,,,0,80,,4005,23,,,0,45,,4006,23,,,0,80,,4007,23,,,0,80,,4008,23,,,0,37,,4009,23,,,0,94,,4010,23,,,0,88,,4011,23,,,0,86,,4012,23,,,0,40,,4013,23,,,0,80,,4014,23,,,0,79,,4015,23,,,0,40,,4016,23,,,0,80,,4017,23,,,0,80,,4018,23,,,0,40,,4019,23,,,0,81,,4020,23,,,0,80,,4021,23,,,0,42,,4022,23,,,0,80,,4023,23,,,0,81,,4024,23,,,0,82,,4025,23,,,0
201,'4528',516,,4130,24,,,0,35,,4131,24,,,0,78,,4132,24,,,0,75,,4133,24,,,0,18,,4134,24,,,0,16,,4135,24,,,0,17,,4136,24,,,0,55,,4137,24,,,0,15,,4138,24,,,0,18,,4139,24,,,0,16,,4140,24,,,0,59,,4141,24,,,0,19,,4142,24,,,0,20,,4143,24,,,0,62,,4144,24,,,0,22,,4145,24,,,0,65,,4146,24,,,0,24,,4147,24,,,0,21,,4148,24,,,0,62,,4149,24,,,0,23,,4150,24,,,0,23,,4151,24,,,0,62,,4152,24,,,0,22,,4153,24,,,0,62,,4154,24,,,0,25,,4155,24,,,0,16,,4156,24,,,0,55,,4157,24,,,0,14,,4158,24,,,0,15,,4159,24,,,0,15,,4160,24,,,0,55,,4161,24,,,0,14,,4163,24,,,0,14,,4162,24,,,0,14,,4164,24,,,0,15,,4165,24,,,0,55,,4166,24,,,0,17,,4167,24,,,0,22,,4168,24,,,0,60,,4169,24,,,0,25,,4170,24,,,0,23,,4178,24,,,0,64,,4171,24,,,0,25,,4172,24,,,0,65,,4173,24,,,0,25,,4179,24,,,0,65,,4174,24,,,0,28,,4175,24,,,0,72,,4176,24,,,0,34,,4177,24,,,0
201,'5015',602,,4181,24,,,0,31,,4182,24,,,0,69,,4183,24,,,0,35,,4184,24,,,0,75,,4185,24,,,0,34,,4180,24,,,0,71,,4186,24,,,0,34,,4187,24,,,0,78,,4188,24,,,0,30,,4189,24,,,0,70,,4190,24,,,0,29,,4191,24,,,0,70,,4193,24,,,0,28,,4194,24,,,0,69,,4195,24,,,0,30,,4192,24,,,0,70,,4196,24,,,0,30,,4197,24,,,0,70,,4198,24,,,0,30,,4199,24,,,0,70,,4200,24,,,0,26,,4201,24,,,0,70,,4202,24,,,0,30,,4204,24,,,0,76,,4205,24,,,0,76,,4206,24,,,0,36,,4203,24,,,0,75,,4207,24,,,0,37,,4209,24,,,0,75,,4208,24,,,0,75,,4210,24,,,0,36,,4211,24,,,0
201,'5221',619,,4212,24,,,0,40,,4213,24,,,0,79,,4214,24,,,0,80,,4215,24,,,0,86,,4216,24,,,0,46,,4217,24,,,0,79,,4218,24,,,0,83,,4219,24,,,0,37,,4232,24,,,0,80,,4220,24,,,0,79,,4221,24,,,0,38,,4222,24,,,0,80,,4223,24,,,0,80,,4224,24,,,0,40,,4225,24,,,0,80,,4226,24,,,0,80,,4227,24,,,0,41,,4229,24,,,0,79,,4228,24,,,0,80,,4230,24,,,0,39,,4231,24,,,0,85,,4234,24,,,0,98,,4233,24,,,0
1701,'4528',628,,4730,5,0,29 23,0,75,,4731,5,0,29 23,0,50,,4732,5,0,29 23,0,766,,4726,5,0,29 23,0,85,,4727,5,0,29 23,0,45,,4728,5,0,29 23,0,85,,4729,5,0,29 23,0,84,,4725,5,0,29 23,0
2101,'4528',602,,4776,5,,,0,43,,4777,5,,,0,166,,4775,5,,,0,97,,4774,5,,,0,32,,4778,5,,,0,99,,4773,5,,,0,162,,4766,5,,,0,130,,4771,5,,,0,91,,4767,5,,,0,82,,4768,5,,,0,107,,4772,5,,,0,89,,4770,5,,,0,108,,4765,5,,,0,122,,4769,5,,,0
2101,'5015',726,,4787,5,,,0,129,,4788,5,,,0,179,,4786,5,,,0,122,,4782,5,,,0,173,,4780,5,,,0,105,,4781,5,,,0,99,,4783,5,,,0,100,,4784,5,,,0,169,,4785,5,,,0,131,,4779,5,,,0
2101,'5221',803,,4797,5,,,0,99,,4789,5,,,0,135,,4790,5,,,0,170,,4791,5,,,0,132,,4792,5,,,0,173,,4793,5,,,0,130,,4794,5,,,0,174,,4795,5,,,0,129,,4796,5,,,0
1002101,'4528',720,,6122,5,,,0
