5100,'4528',536,,5104,36,4,,0,81,,5105,36,4,,0,25,,5106,36,4,,0,67,,5107,36,4,,0,14,,5108,36,4,,0,12,,5109,36,4,,0,22,,5110,36,4,,0,58,,5111,36,4,,0,18,,5112,36,4,,0,14,,5113,36,4,,0,55,,5114,36,4,,0,15,,5115,36,4,,0,15,,5103,36,4,,0,23,,5116,36,4,,0,61,,5117,36,4,,0,26,,5118,36,4,,0,68,,5119,36,4,,0,26,,5120,36,4,,0,67,,5121,36,4,,0,25,,5122,36,4,,0,25,,5123,36,4,,0,57,,5124,36,4,,0,20,,5125,36,4,,0,20,,5126,36,4,,0,60,,5127,36,4,,0,18,,5128,36,4,,0,20,,5129,36,4,,0,60,,5130,36,4,,0,17,,5131,36,4,,0,23,,5132,36,4,,0,58,,5133,36,4,,0,16,,5134,36,4,,0,15,,5135,36,4,,0,16,,5136,36,4,,0,55,,5137,36,4,,0,13,,5138,36,4,,0,16,,5139,36,4,,0,14,,5140,36,4,,0,55,,5141,36,4,,0,14,,5142,36,4,,0,14,,5143,36,4,,0,20,,5144,36,4,,0,58,,5145,36,4,,0,20,,5146,36,4,,0,25,,5147,36,4,,0,65,,5148,36,4,,0,27,,5155,36,4,,0,70,,5149,36,4,,0,30,,5150,36,4,,0,64,,5151,36,4,,0,30,,5152,36,4,,0,69,,5154,36,4,,0,28,,5153,36,4,,0
5100,'4532',804,,5191,36,4,,0,104,,5187,36,4,,0,30,,5188,36,4,,0,74,,5156,36,4,,0,30,,5157,36,4,,0,70,,5159,36,4,,0,22,,5160,36,4,,0,25,,5158,36,4,,0,66,,5189,36,4,,0,21,,5161,36,4,,0,58,,5162,36,4,,0,18,,5163,36,4,,0,19,,5164,36,4,,0,18,,5165,36,4,,0,59,,5166,36,4,,0,17,,5167,36,4,,0,18,,5168,36,4,,0,58,,5169,36,4,,0,18,,5170,36,4,,0,18,,5171,36,4,,0,58,,5172,36,4,,0,17,,5173,36,4,,0,18,,5190,36,4,,0,19,,5174,36,4,,0,65,,5175,36,4,,0,25,,5176,36,4,,0,58,,5177,36,4,,0,24,,5178,36,4,,0,24,,5179,36,4,,0,58,,5180,36,4,,0,25,,5185,36,4,,0,64,,5195,36,4,,0,19,,5184,36,4,,0,20,,5186,36,4,,0,70,,5194,36,4,,0,30,,5183,36,4,,0,79,,5193,36,4,,0,24,,5182,36,4,,0,70,,5192,36,4,,0,29,,5181,36,4,,0
5100,'5221',804,,5220,36,4,,0,101,,5205,36,4,,0,30,,5219,36,4,,0,72,,5196,36,4,,0,35,,5209,36,4,,0,72,,5197,36,4,,0,37,,5210,36,4,,0,78,,5198,36,4,,0,77,,5211,36,4,,0,35,,5199,36,4,,0,80,,5212,36,4,,0,33,,5200,36,4,,0,80,,5202,36,4,,0,74,,5203,36,4,,0,35,,5213,36,4,,0,75,,5204,36,4,,0,35,,5214,36,4,,0,74,,5201,36,4,,0,73,,5215,36,4,,0,33,,5208,36,4,,0,69,,5216,36,4,,0,34,,5207,36,4,,0,70,,5218,36,4,,0,33,,5206,36,4,,0,98,,5217,36,4,,0
5101,'4528',620,,5222,1,,,0,25,,5223,1,,,0,60,,5224,1,,,0,15,,5225,1,,,0,15,,5226,1,,,0,15,,5227,1,,,0,55,,5228,1,,,0,15,,5229,1,,,0,15,,5230,1,,,0,20,,5231,1,,,0,60,,5232,1,,,0,25,,5221,1,,,0,65,,5233,1,,,0,25,,5234,1,,,0,25,,5235,1,,,0,65,,5236,1,,,0,25,,5237,1,,,0,57,,5238,1,,,0,20,,5239,1,,,0,20,,5240,1,,,0,60,,5241,1,,,0,18,,5242,1,,,0,20,,5243,1,,,0,60,,5244,1,,,0,18,,5245,1,,,0,20,,5246,1,,,0,20,,5247,1,,,0,57,,5248,1,,,0,15,,5249,1,,,0,16,,5250,1,,,0,56,,5251,1,,,0,16,,5252,1,,,0,16,,5253,1,,,0,16,,5254,1,,,0,55,,5255,1,,,0,16,,5256,1,,,0,16,,5257,1,,,0,20,,5258,1,,,0,61,,5259,1,,,0,20,,5260,1,,,0,65,,5261,1,,,0,25,,5262,1,,,0,27,,5269,1,,,0,70,,5263,1,,,0,30,,5264,1,,,0,70,,5265,1,,,0,30,,5266,1,,,0,70,,5268,1,,,0,30,,5267,1,,,0
5101,'4532',715,,5304,1,,,0,100,,5301,1,,,0,30,,5309,1,,,0,70,,5270,1,,,0,30,,5271,1,,,0,70,,5272,1,,,0,20,,5273,1,,,0,65,,5274,1,,,0,25,,5302,1,,,0,20,,5275,1,,,0,58,,5276,1,,,0,18,,5277,1,,,0,18,,5278,1,,,0,18,,5279,1,,,0,58,,5280,1,,,0,19,,5281,1,,,0,18,,5282,1,,,0,58,,5283,1,,,0,18,,5284,1,,,0,18,,5285,1,,,0,58,,5286,1,,,0,18,,5287,1,,,0,18,,5303,1,,,0,60,,5288,1,,,0,25,,5289,1,,,0,25,,5290,1,,,0,60,,5291,1,,,0,25,,5292,1,,,0,65,,5293,1,,,0,18,,5294,1,,,0,25,,5299,1,,,0,65,,5308,1,,,0,20,,5300,1,,,0,21,,5298,1,,,0,70,,5307,1,,,0,30,,5297,1,,,0,81,,5306,1,,,0,25,,5296,1,,,0,71,,5305,1,,,0,30,,5295,1,,,0
5101,'5221',715,,5334,1,,,0,100,,5319,1,,,0,30,,5333,1,,,0,70,,5318,1,,,0,35,,5323,1,,,0,70,,5310,1,,,0,35,,5324,1,,,0,75,,5311,1,,,0,75,,5325,1,,,0,35,,5312,1,,,0,80,,5326,1,,,0,35,,5313,1,,,0,80,,5314,1,,,0,75,,5315,1,,,0,35,,5327,1,,,0,75,,5316,1,,,0,35,,5328,1,,,0,76,,5317,1,,,0,74,,5329,1,,,0,35,,5322,1,,,0,70,,5330,1,,,0,35,,5321,1,,,0,70,,5332,1,,,0,35,,5320,1,,,0,100,,5331,1,,,0
7101,'4528',711,,5891,30,,,0,96,,5893,30,,,0,103,,5892,30,,,0,30,,5894,22,,,0,70,,5895,30,,,0,100,,5890,30,,,0,316,,5896,30,,,0,180,,5897,30,,,0,100,,5898,30,,,0,104,,5899,30,,,0,110,,5900,30,,,0
7101,'4532',1029,,5904,30,,,0,115,,5908,22,,,0,85,,5903,30,,,0,205,,5905,30,,,0,280,,5906,30,,,0,115,,5909,22,,,0,86,,5907,30,,,0,224,,5910,30,,,0,193,,5911,30,,,0
7101,'4623',2114,,5901,30,,,0,193,,5902,30,,,0
7101,'5221',1017,,5912,30,,,0,196,,5913,30,,,0,305,,5914,30,,,0,194,,5915,30,,,0
