100,'4528',529,,3815,19,,,0,71,,3816,19,,,0,30,,3814,19,,,0,20,,3818,19,,,0,61,,3819,19,,,0,20,,3817,19,,,0,17,,3820,19,,,0,60,,3821,19,,,0,16,,3822,19,,,0,18,,3823,19,,,0,15,,3824,19,,,0,56,,3826,19,,,0,18,,3825,19,,,0,16,,3827,19,,,0,59,,3828,19,,,0,19,,3829,19,,,0,21,,3830,19,,,0,62,,3831,19,,,0,22,,3832,19,,,0,26,,3833,19,,,0,64,,3835,19,,,0,22,,3834,19,,,0,62,,3836,19,,,0,24,,3837,19,,,0,23,,3839,19,,,0,61,,3838,19,,,0,23,,3840,19,,,0,22,,3841,19,,,0,66,,3842,19,,,0,16,,3843,19,,,0,15,,3844,19,,,0,55,,3845,19,,,0,15,,3846,19,,,0,15,,3847,19,,,0,15,,3848,19,,,0,55,,3849,19,,,0,12,,3850,19,,,0,14,,3851,19,,,0,14,,3852,19,,,0,55,,3853,19,,,0,15,,3854,19,,,0,20,,3855,19,,,0,20,,3856,19,,,0,64,,3857,19,,,0,23,,3864,19,,,0,64,,3858,19,,,0,25,,3859,19,,,0,23,,3860,19,,,0,65,,3865,19,,,0,25,,3861,19,,,0,66,,3862,19,,,0,29,,3863,19,,,0
100,'4532',612,,3866,19,,,0,32,,3867,19,,,0,70,,3868,19,,,0,30,,3869,19,,,0,75,,3870,19,,,0,36,,3871,19,,,0,77,,3872,19,,,0,72,,3874,19,,,0,37,,3875,19,,,0,77,,3873,19,,,0,31,,3876,19,,,0,70,,3877,19,,,0,30,,3878,19,,,0,71,,3879,19,,,0,30,,3880,19,,,0,70,,3881,19,,,0,30,,3882,19,,,0,70,,3883,19,,,0,30,,3884,19,,,0,70,,3885,19,,,0,30,,3886,19,,,0,69,,3887,19,,,0,24,,3888,19,,,0,69,,3889,19,,,0,30,,3890,19,,,0,75,,3891,19,,,0,34,,3892,19,,,0,74,,3893,19,,,0,75,,3894,19,,,0,34,,3895,19,,,0,75,,3896,19,,,0,34,,3897,19,,,0
100,'5221',618,,3898,19,,,0,41,,3899,19,,,0,80,,3900,19,,,0,80,,3901,19,,,0,40,,3902,19,,,0,90,,3903,19,,,0,88,,3904,19,,,0,80,,3905,19,,,0,84,,3906,19,,,0,38,,3919,19,,,0,80,,3907,19,,,0,40,,3908,19,,,0,81,,3909,19,,,0,80,,3910,19,,,0,80,,3911,19,,,0,40,,3912,19,,,0,79,,3913,19,,,0,40,,3914,19,,,0,80,,3915,19,,,0,77,,3916,19,,,0,38,,3917,19,,,0,76,,3918,19,,,0,85,,3920,19,,,0,95,,3921,19,,,0
200,'4528',548,,4026,24,,,0,74,,4027,24,,,0,29,,4028,24,,,0,71,,4029,24,,,0,17,,4030,24,,,0,15,,4031,24,,,0,63,,4032,24,,,0,16,,4033,24,,,0,17,,4034,24,,,0,61,,4035,24,,,0,21,,4036,24,,,0,23,,4037,24,,,0,61,,4038,24,,,0,21,,4039,24,,,0,22,,4040,24,,,0,63,,4041,24,,,0,23,,4042,24,,,0,62,,4043,24,,,0,23,,4044,24,,,0,22,,4045,24,,,0,61,,4046,24,,,0,23,,4047,24,,,0,66,,4048,24,,,0,26,,4049,24,,,0,20,,4050,24,,,0,66,,4051,24,,,0,18,,4052,24,,,0,15,,4053,24,,,0,56,,4054,24,,,0,15,,4055,24,,,0,14,,4056,24,,,0,15,,4057,24,,,0,55,,4058,24,,,0,14,,4059,24,,,0,15,,4060,24,,,0,14,,4061,24,,,0,55,,4062,24,,,0,18,,4063,24,,,0,19,,4064,24,,,0,20,,4065,24,,,0,60,,4066,24,,,0,19,,4067,24,,,0,20,,4073,24,,,0,69,,4068,24,,,0,24,,4069,24,,,0,65,,4070,24,,,0,23,,4074,24,,,0,63,,4071,24,,,0,29,,4072,24,,,0
200,'4532',622,,4075,24,,,0,35,,4076,24,,,0,75,,4077,24,,,0,71,,4078,24,,,0,33,,4079,24,,,0,71,,4080,24,,,0,37,,4081,24,,,0,84,,4082,24,,,0,75,,4083,24,,,0,33,,4084,24,,,0,70,,4086,24,,,0,30,,4087,24,,,0,68,,4088,24,,,0,30,,4085,24,,,0,70,,4089,24,,,0,30,,4090,24,,,0,70,,4091,24,,,0,29,,4092,24,,,0,70,,4093,24,,,0,30,,4095,24,,,0,69,,4096,24,,,0,30,,4094,24,,,0,68,,4097,24,,,0,27,,4098,24,,,0,29,,4099,24,,,0,75,,4100,24,,,0,78,,4101,24,,,0,35,,4102,24,,,0,75,,4103,24,,,0,34,,4104,24,,,0,74,,4105,24,,,0
200,'5221',621,,4106,24,,,0,35,,4107,24,,,0,81,,4108,24,,,0,86,,4109,24,,,0,80,,4110,24,,,0,43,,4111,24,,,0,82,,4112,24,,,0,95,,4113,24,,,0,89,,4114,24,,,0,46,,4115,24,,,0,81,,4116,24,,,0,80,,4117,24,,,0,40,,4118,24,,,0,80,,4119,24,,,0,80,,4120,24,,,0,40,,4121,24,,,0,79,,4122,24,,,0,80,,4123,24,,,0,39,,4124,24,,,0,79,,4125,24,,,0,79,,4126,24,,,0,40,,4128,24,,,0,78,,4127,24,,,0
1701,'4528',649,,4730,36,,,0,76,,4731,36,,,0,92,,4732,36,,,0,729,,4726,36,,,0,88,,4727,36,,,0,84,,4728,36,,,0,40,,4729,36,,,0,84,,4725,36,,,0
2100,'4528',654,,4744,27,,,0,87,,4740,27,,,0,84,,4741,27,,,0,97,,4742,27,,,0,85,,4743,27,,,0,33,,4745,27,,,0,99,,4739,27,,,0,166,,4737,27,,,0,132,,4738,27,,,0,281,,4736,27,,,0,84,,4734,27,,,0,103,,4735,27,,,0,120,,4733,27,,,0
2100,'4532',818,,4753,27,,,0,135,,4755,27,,,0,179,,4754,27,,,0,183,,4749,27,,,0,118,,4750,27,,,0,103,,4751,27,,,0,98,,4752,27,,,0,99,,4747,27,,,0,175,,4748,27,,,0,132,,4746,27,,,0
2100,'5221',856,,4763,27,,,0,100,,4764,27,,,0,176,,4756,27,,,0,172,,4758,27,,,0,133,,4757,27,,,0,173,,4759,27,,,0,129,,4760,27,,,0,169,,4761,27,,,0,129,,4762,27,,,0
1002100,'4528',1541,,6120,32,,,0,80,,6121,32,,,0
