6600,'4528',620,,5686,1,,,0,35,,5687,1,,,0,70,,5688,1,,,0,20,,5689,1,,,0,60,,5692,1,0,45 46,0,20,,5693,1,,,0,26,,5694,1,,,0,75,,5695,1,0,45 46,0,74,,5691,1,,,0,30,,5697,1,0,45 46,0,70,,5690,1,,,0,29,,5696,1,0,45 46,0,71,,5698,1,,,0,30,,5719,1,0,45 46,0,28,,5699,1,,,0,72,,5718,1,,,0,27,,5717,1,,,0,73,,5720,1,0,45 46,0,70,,5716,1,,,0,33,,5715,1,0,45 46,0,70,,5701,1,,,0,20,,5702,1,0,45 46,0,20,,5703,1,,,0,62,,5704,1,0,45 46,0,20,,5705,1,,,0,20,,5706,1,,,0,64,,5707,1,,,0,19,,5708,1,,,0,19,,5710,1,,,0,59,,5711,1,0,45 46,0,24,,5712,1,,,0,70,,5700,1,,,0,30,,5709,1,,,0,70,,5713,1,,,0,100,,5714,1,,,0
6600,'4532',715,,5739,1,,,0,100,,5733,1,,,0,30,,5732,1,,,0,70,,5731,1,,,0,40,,5725,1,,,0,75,,5735,1,,,0,75,,5741,1,,,0,40,,5722,1,,,0,80,,5740,1,,,0,75,,5730,1,,,0,45,,5743,1,,,0,80,,5721,1,,,0,90,,5744,1,,,0,85,,5723,1,,,0,45,,5724,1,,,0,90,,5726,1,,,0,72,,5736,1,0,45 46,0,28,,5727,1,,,0,65,,5734,1,,,0,30,,5729,1,,,0,87,,5742,1,,,0,83,,5737,1,,,0,55,,5728,1,0,45 46,0,45,,5738,1,,,0
6600,'5221',820,,5763,1,,,0,80,,5762,1,,,0,34,,5761,1,,,0,76,,5755,1,,,0,30,,5746,1,,,0,70,,5747,1,,,0,30,,5754,1,,,0,85,,5745,1,,,0,75,,5760,1,,,0,45,,5766,1,,,0,85,,5748,1,,,0,85,,5764,1,,,0,85,,5749,1,,,0,45,,5750,1,,,0,85,,5765,1,,,0,70,,5759,1,0,45 46,0,30,,5751,1,,,0,70,,5752,1,,,0,30,,5758,1,,,0,85,,5753,1,,,0,85,,5756,1,,,0,100,,5757,1,,,0
6600,'5328',835,,5769,1,0,56,0,65,,5768,1,0,56,0,10,,5767,1,0,56,0
6600,'5360',835,,5776,1,0,56,0,65,,5775,1,0,56,0,10,,5774,1,0,56,0
6601,'4528',606,,5777,9,4,,0,34,,5778,9,4,,0,66,,5779,9,4,,0,20,,5780,9,4,,0,23,,5783,9,4,,0,61,,5784,9,4,,0,26,,5785,9,4,,0,75,,5786,9,4,,0,34,,5782,9,4,,0,71,,5788,5,4,,0,30,,5781,9,4,,0,69,,5787,5,4,,0,31,,5789,9,4,,0,70,,5810,5,4,,0,28,,5790,9,4,,0,69,,5809,9,4,,0,27,,5808,5,4,,0,73,,5811,9,4,,0,30,,5807,5,4,,0,73,,5806,9,4,,0,30,,5792,9,4,,0,60,,5793,5,4,,0,20,,5794,9,4,,0,22,,5795,9,4,,0,60,,5796,5,4,,0,20,,5797,9,4,,0,24,,5798,9,4,,0,59,,5799,5,4,,0,19,,5800,9,4,,0,19,,5801,9,4,,0,68,,5802,5,4,,0,30,,5791,9,4,,0,70,,5803,9,4,,0,30,,5804,9,4,,0,100,,5805,9,4,,0
6601,'4532',703,,5830,9,4,,0,101,,5826,9,4,,0,29,,5823,9,4,,0,70,,5822,9,4,,0,39,,5818,9,4,,0,76,,5825,9,4,,0,35,,5832,9,4,,0,81,,5815,9,4,,0,80,,5831,9,4,,0,35,,5821,9,4,,0,84,,5834,9,4,,0,76,,5812,9,4,,0,50,,5835,9,4,,0,85,,5813,9,4,,0,85,,5814,9,4,,0,90,,5816,9,4,,0,32,,5827,9,4,,0,68,,5817,9,4,,0,25,,5824,9,4,,0,70,,5819,9,4,,0,88,,5833,5,4,,0,43,,5828,9,4,,0,95,,5820,5,4,,0,5,,5829,9,4,,0
6601,'5221',806,,5854,9,4,,0,40,,5853,9,4,,0,75,,5852,9,4,,0,35,,5846,9,4,,0,70,,5837,9,4,,0,31,,5838,9,4,,0,70,,5845,9,4,,0,86,,5839,9,4,,0,36,,5851,9,4,,0,81,,5857,9,4,,0,84,,5840,9,4,,0,44,,5856,9,4,,0,85,,5841,9,4,,0,84,,5842,9,4,,0,85,,5855,9,4,,0,30,,5850,9,4,,0,70,,5836,9,4,,0,30,,5843,9,4,,0,72,,5849,9,4,,0,45,,5844,5,4,,0,86,,5847,9,4,,0,100,,5848,9,4,,0
6601,'5328',1829,,5859,5,4,,0,20,,5860,5,4,,0,60,,5858,5,4,,0
6601,'5360',1829,,5861,5,4,,0,20,,5862,5,4,,0,60,,5863,5,4,,0
