200,'4327',632,,1677,43,,,0,75,,1678,43,,,0,42,,1679,43,,,0,86,,1680,43,,,0,81,,1681,43,,,0,43,,1682,43,,,0,82,,1683,43,,,0,96,,1684,43,,,0,90,,1685,43,,,0,86,,1686,43,,,0,41,,1687,43,,,0,80,,1688,43,,,0,80,,1689,43,,,0,40,,1690,43,,,0,80,,1691,43,,,0,80,,1692,43,,,0,38,,1693,43,,,0,80,,1694,43,,,0,79,,1695,43,,,0,38,,1696,43,,,0,79,,1697,43,,,0,79,,1699,43,,,0,38,,1698,43,,,0
200,'4332',634,,1700,43,,,0,75,,1701,43,,,0,35,,1702,43,,,0,72,,1703,43,,,0,33,,1704,43,,,0,71,,1705,43,,,0,37,,1706,43,,,0,84,,1707,43,,,0,76,,1708,43,,,0,33,,1709,43,,,0,71,,1711,43,,,0,31,,1712,43,,,0,68,,1713,43,,,0,30,,1710,43,,,0,70,,1714,43,,,0,30,,1715,43,,,0,70,,1716,43,,,0,29,,1717,43,,,0,70,,1718,43,,,0,30,,1720,43,,,0,69,,1721,43,,,0,29,,1719,43,,,0,68,,1722,43,,,0,27,,1723,43,,,0,67,,1724,43,,,0,35,,1725,43,,,0,78,,1726,43,,,0,35,,1727,43,,,0,75,,1728,43,,,0,74,,1729,43,,,0,33,,1730,43,,,0
200,'4480',559,,1628,43,,,0,77,,1629,43,,,0,68,,1630,43,,,0,32,,1631,43,,,0,20,,1632,43,,,0,55,,1633,43,,,0,27,,1634,43,,,0,12,,1635,43,,,0,55,,1636,43,,,0,20,,1637,43,,,0,21,,1638,43,,,0,62,,1639,43,,,0,21,,1640,43,,,0,23,,1641,43,,,0,62,,1642,43,,,0,24,,1643,43,,,0,62,,1644,43,,,0,22,,1645,43,,,0,23,,1646,43,,,0,62,,1647,43,,,0,21,,1648,43,,,0,23,,1649,43,,,0,66,,1650,43,,,0,30,,1651,43,,,0,64,,1652,43,,,0,22,,1653,43,,,0,16,,1654,43,,,0,55,,1655,43,,,0,16,,1656,43,,,0,14,,1657,43,,,0,15,,1658,43,,,0,54,,1659,43,,,0,15,,1660,43,,,0,15,,1661,43,,,0,15,,1662,43,,,0,53,,1663,43,,,0,15,,1664,43,,,0,21,,1665,43,,,0,14,,1666,43,,,0,60,,1667,43,,,0,19,,1668,43,,,0,20,,1669,43,,,0,59,,1675,43,,,0,28,,1670,43,,,0,63,,1671,43,,,0,24,,1672,43,,,0,24,,1676,43,,,0,63,,1673,43,,,0,30,,1674,43,,,0
200,'5352',2543,,3790,43,,,0
200,'5354',2242,,3791,43,,,0
200,'5356',2449,,3792,43,,,0
900,'4327',648,,3715,6,0,34 2 13 14,0,100,,3716,6,0,34 2 13 14,0,100,,3717,6,0,34 2 13 14,0,100,,3714,6,0,34 2 13 14,0,105,,3718,6,0,34 2 13 14,0,95,,3719,6,0,34 2 13 14,0,105,,3720,6,0,34 2 13 14,0,100,,3721,6,0,34 2 13 14,0,100,,3722,6,0,34 2 13 14,0,100,,3723,6,0,34 2 13 14,0,100,,3724,6,0,34 2 13 14,0,100,,3725,6,0,34 2 13 14,0,100,,3726,6,0,34 2 13 14,0,95,,3727,6,0,34 2 13 14,0
900,'4332',648,,2277,6,0,34 2 13 14,0,100,,2278,6,0,34 2 13 14,0,100,,2279,6,0,34 2 13 14,0,100,,2280,6,0,34 2 13 14,0,105,,2281,6,0,34 2 13 14,0,95,,3728,6,0,34 2 13 14,0,105,,3729,6,0,34 2 13 14,0,100,,2284,6,0,34 2 13 14,0,100,,3730,6,0,34 2 13 14,0,100,,3731,6,0,34 2 13 14,0,104,,2287,15,0,34 2 13 14,0,96,,3732,6,0,34 2 13 14,0,100,,3733,6,0,34 2 13 14,0,95,,3734,6,0,34 2 13 14,0,100,,2291,6,0,34 2 13 14,0,105,,3735,6,0,34 2 13 14,0
900,'4480',548,,3752,6,0,34 2 13 14,0,107,,3741,6,0,34 2 13 14,0,93,,3742,6,0,34 2 13 14,0,107,,3743,6,0,34 2 13 14,0,100,,3744,6,0,34 2 13 14,0,100,,3745,6,0,34 2 13 14,0,100,,3746,6,0,34 2 13 14,0,100,,3747,6,0,34 2 13 14,0,100,,3748,6,0,34 2 13 14,0,101,,3749,6,0,34 2 13 14,0,100,,3750,6,0,34 2 13 14,0,100,,3751,6,0,34 2 13 14,0,100,,3737,6,0,34 2 13 14,0,99,,3738,6,0,34 2 13 14,0,100,,3739,6,0,34 2 13 14,0,100,,3740,6,0,34 2 13 14,0,100,,3736,6,0,34 2 13 14,0
2600,'4480',1438,,2406,14,0,13 14 11,0
2601,'4480',723,,2407,14,0,13 14 11,0
