100,'4528',536,,3815,31,,,0,72,,3816,31,,,0,31,,3814,31,,,0,20,,3818,31,,,0,61,,3819,31,,,0,21,,3817,31,,,0,17,,3820,31,,,0,60,,3821,31,,,0,16,,3822,31,,,0,18,,3823,31,,,0,55,,3824,31,,,0,16,,3826,31,,,0,18,,3825,31,,,0,17,,3827,31,,,0,59,,3828,31,,,0,19,,3829,31,,,0,21,,3830,31,,,0,62,,3831,31,,,0,22,,3832,31,,,0,66,,3833,31,,,0,25,,3835,31,,,0,22,,3834,31,,,0,62,,3836,31,,,0,24,,3837,31,,,0,63,,3839,31,,,0,21,,3838,31,,,0,23,,3840,31,,,0,62,,3841,31,,,0,26,,3842,31,,,0,16,,3843,31,,,0,55,,3844,31,,,0,15,,3845,31,,,0,15,,3846,31,,,0,15,,3847,31,,,0,55,,3848,31,,,0,15,,3849,31,,,0,11,,3850,31,,,0,14,,3851,31,,,0,54,,3852,31,,,0,15,,3853,31,,,0,15,,3854,31,,,0,20,,3855,31,,,0,60,,3856,31,,,0,24,,3857,31,,,0,21,,3864,31,,,0,64,,3858,31,,,0,25,,3859,31,,,0,63,,3860,31,,,0,25,,3865,31,,,0,25,,3861,31,,,0,66,,3862,31,,,0,28,,3863,31,,,0
100,'4532',621,,3866,31,,,0,33,,3867,31,,,0,70,,3868,31,,,0,30,,3869,31,,,0,75,,3870,31,,,0,76,,3871,31,,,0,37,,3872,31,,,0,72,,3874,31,,,0,38,,3875,31,,,0,77,,3873,31,,,0,71,,3876,31,,,0,30,,3877,31,,,0,70,,3878,31,,,0,32,,3879,31,,,0,70,,3880,31,,,0,30,,3881,31,,,0,70,,3882,31,,,0,30,,3883,31,,,0,70,,3884,31,,,0,29,,3885,31,,,0,70,,3886,31,,,0,29,,3887,31,,,0,24,,3888,31,,,0,69,,3889,31,,,0,29,,3890,31,,,0,75,,3891,31,,,0,73,,3892,31,,,0,34,,3893,31,,,0,75,,3894,31,,,0,34,,3895,31,,,0,75,,3896,31,,,0,34,,3897,31,,,0
100,'5221',625,,3898,31,,,0,81,,3899,31,,,0,40,,3900,31,,,0,82,,3901,31,,,0,80,,3902,31,,,0,50,,3903,31,,,0,88,,3904,31,,,0,80,,3905,31,,,0,86,,3906,31,,,0,38,,3919,31,,,0,80,,3907,31,,,0,80,,3908,31,,,0,41,,3909,31,,,0,80,,3910,31,,,0,80,,3911,31,,,0,40,,3912,31,,,0,79,,3913,31,,,0,79,,3914,31,,,0,40,,3915,31,,,0,77,,3916,31,,,0,77,,3917,31,,,0,36,,3918,31,,,0,85,,3920,31,,,0,93,,3921,31,,,0
201,'4528',506,,4130,12,,,0,35,,4131,12,,,0,78,,4132,12,,,0,35,,4133,12,,,0,58,,4134,12,,,0,16,,4135,12,,,0,17,,4136,12,,,0,55,,4137,12,,,0,15,,4138,12,,,0,18,,4139,12,,,0,15,,4140,12,,,0,59,,4141,12,,,0,19,,4142,12,,,0,19,,4143,12,,,0,62,,4144,12,,,0,22,,4145,12,,,0,25,,4146,12,,,0,64,,4147,12,,,0,21,,4148,12,,,0,62,,4149,12,,,0,22,,4150,12,,,0,23,,4151,12,,,0,62,,4152,12,,,0,23,,4153,12,,,0,22,,4154,12,,,0,65,,4155,12,,,0,16,,4156,12,,,0,15,,4157,12,,,0,54,,4158,12,,,0,15,,4159,12,,,0,15,,4160,12,,,0,15,,4161,12,,,0,54,,4163,12,,,0,14,,4162,12,,,0,14,,4164,12,,,0,15,,4165,12,,,0,55,,4166,12,,,0,17,,4167,12,,,0,22,,4168,12,,,0,20,,4169,12,,,0,65,,4170,12,,,0,23,,4178,12,,,0,64,,4171,12,,,0,27,,4172,12,,,0,65,,4173,12,,,0,25,,4179,12,,,0,25,,4174,12,,,0,68,,4175,12,,,0,32,,4176,12,,,0,74,,4177,12,,,0
201,'4532',554,,4181,12,,,0,71,,4182,12,,,0,28,,4183,12,,,0,75,,4184,12,,,0,75,,4185,12,,,0,34,,4180,12,,,0,71,,4186,12,,,0,34,,4187,12,,,0,77,,4188,12,,,0,30,,4189,12,,,0,70,,4190,12,,,0,29,,4191,12,,,0,69,,4193,12,,,0,28,,4194,12,,,0,69,,4195,12,,,0,29,,4192,12,,,0,70,,4196,12,,,0,30,,4197,12,,,0,70,,4198,12,,,0,31,,4199,12,,,0,70,,4200,12,,,0,26,,4201,12,,,0,70,,4202,12,,,0,30,,4204,12,,,0,76,,4205,12,,,0,36,,4206,12,,,0,77,,4203,12,,,0,76,,4207,12,,,0,37,,4209,12,,,0,75,,4208,12,,,0,35,,4210,12,,,0,76,,4211,12,,,0
201,'5221',610,,4212,12,,,0,40,,4213,12,,,0,79,,4214,12,,,0,80,,4215,12,,,0,46,,4216,12,,,0,86,,4217,12,,,0,79,,4218,12,,,0,81,,4219,12,,,0,37,,4232,12,,,0,80,,4220,12,,,0,39,,4221,12,,,0,78,,4222,12,,,0,80,,4223,12,,,0,40,,4224,12,,,0,80,,4225,12,,,0,80,,4226,12,,,0,40,,4227,12,,,0,81,,4229,12,,,0,79,,4228,12,,,0,40,,4230,12,,,0,80,,4231,12,,,0,85,,4234,12,,,0,99,,4233,12,,,0
300,'4528',559,,4236,25,,,0,72,,4237,25,,,0,70,,4238,25,,,0,34,,4239,25,,,0,74,,4240,25,,,0,35,,4241,25,,,0,75,,4242,25,,,0,35,,4243,25,,,0,74,,4244,25,,,0,75,,4235,25,,,0,35,,4245,25,,,0,74,,4246,25,,,0,35,,4247,25,,,0,75,,4248,25,,,0,80,,4249,25,,,0,35,,4250,25,,,0,75,,4251,25,,,0,40,,4252,25,,,0,76,,4253,25,,,0,74,,4254,25,,,0,36,,4255,25,,,0,76,,4256,25,,,0,36,,4258,25,,,0,75,,4257,25,,,0,30,,4259,25,,,0,100,,4260,25,,,0,102,,4261,25,,,0,101,,4262,25,,,0
300,'4532',612,,4287,25,,,0,90,,4286,25,,,0,99,,4288,25,,,0,49,,4263,25,,,0,69,,4264,25,,,0,40,,4265,25,,,0,75,,4267,25,,,0,70,,4268,25,,,0,35,,4269,25,,,0,75,,4266,25,,,0,34,,4270,25,,,0,80,,4271,25,,,0,75,,4272,25,,,0,35,,4273,25,,,0,81,,4274,25,,,0,35,,4275,25,,,0,70,,4276,25,,,0,35,,4277,25,,,0,76,,4278,25,,,0,75,,4279,25,,,0,46,,4280,25,,,0,75,,4281,25,,,0,75,,4282,25,,,0,50,,4283,25,,,0,101,,4284,25,,,0,100,,4285,25,,,0
300,'5221',642,,4289,25,,,0,95,,4290,25,,,0,89,,4303,25,,,0,94,,4292,25,,,0,90,,4293,25,,,0,99,,4294,25,,,0,95,,4291,25,,,0,99,,4295,25,,,0,101,,4296,25,,,0,100,,4297,25,,,0,100,,4298,25,,,0,104,,4299,25,,,0,97,,4300,25,,,0,96,,4301,25,,,0,100,,4302,25,,,0
401,'4528',628,,4393,46,,,0,108,,4390,46,,,0,18,,4384,46,,,0,86,,4385,46,,,0,97,,4386,46,,,0,100,,4387,46,,,0,101,,4388,46,,,0,100,,4389,46,,,0,101,,4391,46,,,0,101,,4392,46,,,0,99,,4380,46,,,0,104,,4381,46,,,0,96,,4382,46,,,0,98,,4383,46,,,0,100,,4377,46,,,0,100,,4378,46,,,0,98,,4379,46,,,0,122,,4376,46,,,0
401,'4532',626,,4406,46,,,0,108,,4409,46,,,0,101,,4410,46,,,0,100,,4394,46,,,0,101,,4395,46,,,0,101,,4407,46,,,0,100,,4405,46,,,0,100,,4404,46,,,0,100,,4403,46,,,0,100,,4399,46,,,0,100,,4402,46,,,0,100,,4401,46,,,0,99,,4400,46,,,0,100,,4398,46,,,0,99,,4397,46,,,0,99,,4396,46,,,0,123,,4408,46,,,0
401,'5221',626,,4424,46,,,0,108,,4411,46,,,0,100,,4412,46,,,0,100,,4413,46,,,0,100,,4414,46,,,0,101,,4415,46,,,0,101,,4416,46,,,0,100,,4417,46,,,0,100,,4418,46,,,0,100,,4419,46,,,0,100,,4420,46,,,0,100,,4421,46,,,0,100,,4422,46,,,0,99,,4423,46,,,0
700,'4532',530,,4624,8,0,22 23,0,100,,4625,8,0,22 23,0,199,,4626,8,0,22 23,0,200,,4627,8,0,22 23,0,200,,4628,8,0,22 23,0,200,,4629,8,0,22 23,0,200,,4630,8,0,22 23,0,400,,4632,8,0,22 23,0
900,'4528',611,,4658,52,0,17 10,0,110,,4647,52,0,17 10,0,95,,4648,52,0,17 10,0,106,,4649,52,0,17 10,0,100,,4650,52,0,17 10,0,100,,4651,52,0,17 10,0,101,,4652,52,0,17 10,0,101,,4653,52,0,17 10,0,100,,4654,52,0,17 10,0,101,,4655,52,0,17 10,0,99,,4656,52,0,17 10,0,100,,4657,52,0,17 10,0,98,,4643,52,0,17 10,0,100,,4644,52,0,17 10,0,99,,4645,52,0,17 10,0,100,,4646,52,0,17 10,0,99,,4642,52,0,17 10,0
900,'4532',711,,4659,52,,,0,100,,4660,52,,,0,101,,4661,52,,,0,101,,4662,52,,,0,105,,4663,52,,,0,96,,4664,52,,,0,106,,4665,52,,,0,100,,4666,52,,,0,100,,4667,52,0,17 10,0,100,,4668,52,,,0,104,,4669,61,,,0,95,,4670,52,0,17 10,0,99,,4671,52,,,0,95,,4672,52,,,0,99,,4673,52,,,0,105,,4674,52,0,17 10,0
900,'5221',712,,4676,52,0,17 10,0,100,,4677,52,0,17 10,0,101,,4678,52,0,17 10,0,100,,4675,52,0,17 10,0,106,,4679,52,0,17 10,0,95,,4680,52,0,17 10,0,105,,4681,52,0,17 10,0,100,,4682,52,0,17 10,0,100,,4683,52,0,17 10,0,100,,4684,52,0,17 10,0,100,,4685,52,0,17 10,0,100,,4686,52,0,17 10,0,100,,4687,52,0,17 10,0,95,,4688,52,0,17 10,0
1501,'4528',648,,4714,46,,,0,84,,4716,46,,,0,123,,4713,46,,,0,681,,4715,46,,,0,205,,4712,46,,,0,89,,4711,46,,,0
1501,'4532',953,,4717,46,,,0,172,,4718,46,,,0,428,,4719,46,,,0,172,,4720,46,,,0
1600,'4528',804,,4724,38,,,0,124,,4722,38,,,0,682,,4723,38,,,0,48,,4721,38,,,0
1000700,'4532',729,,6105,8,0,24,0,200,,6106,8,0,24,0,200,,6107,8,0,24,0,200,,6108,8,0,24,0,400,,6110,8,0,24,0,200,,6111,8,0,24,0,200,,6112,8,0,24,0
