6600,'4327',909,,3410,4,,,0,40,,3409,4,,,0,75,,3408,4,,,0,35,,3402,4,,,0,70,,3392,4,,,0,30,,3393,4,,,0,75,,3401,4,,,0,81,,3391,4,,,0,35,,3407,4,,,0,86,,3413,4,,,0,85,,3394,4,,,0,86,,3411,4,,,0,44,,3395,4,,,0,84,,3396,4,,,0,85,,3412,4,,,0,30,,3406,4,4,,0,70,,3397,4,,,0,30,,3398,4,,,0,70,,3405,4,,,0,85,,3400,4,,,0,50,,3403,4,,,0,94,,3399,4,4,,0,5,,3404,4,,,0
6600,'4332',810,,3432,4,,,0,100,,3426,4,,,0,40,,3425,4,,,0,75,,3424,4,,,0,75,,3418,4,,,0,30,,3428,4,,,0,71,,3434,4,,,0,35,,3415,4,,,0,82,,3433,4,,,0,35,,3423,4,,,0,86,,3436,4,,,0,85,,3414,4,,,0,84,,3437,4,,,0,44,,3416,4,,,0,85,,3417,4,,,0,85,,3419,4,,,0,31,,3429,4,4,,0,68,,3420,4,,,0,30,,3427,4,,,0,69,,3422,4,,,0,85,,3435,4,,,0,50,,3430,4,,,0,95,,3421,4,4,,0,5,,3431,4,,,0
6600,'4480',712,,3438,4,,,0,43,,3439,4,,,0,70,,3440,4,,,0,23,,3441,4,,,0,59,,3444,4,4,,0,20,,3445,4,,,0,28,,3446,4,,,0,69,,3447,4,4,,0,30,,3443,4,,,0,70,,3449,4,4,,0,31,,3442,4,,,0,70,,3448,4,4,,0,30,,3450,4,,,0,72,,3471,4,4,,0,26,,3451,4,,,0,76,,3470,4,,,0,71,,3469,4,,,0,35,,3472,4,4,,0,76,,3468,4,,,0,32,,3467,4,4,,0,75,,3453,4,,,0,15,,3454,4,4,,0,18,,3455,4,,,0,57,,3456,4,4,,0,21,,3457,4,,,0,15,,3458,4,,,0,57,,3459,4,,,0,18,,3460,4,,,0,20,,3461,4,,,0,17,,3462,4,4,,0,65,,3463,4,,,0,30,,3452,4,,,0,70,,3464,4,,,0,34,,3465,4,,,0,100,,3466,4,,,0
6600,'5352',2530,,3802,4,4,,0,5,,3803,4,,,0
6600,'5353',1929,,3804,4,4,,0
6600,'5354',2230,,3806,4,4,,0
6600,'5355',1654,,3807,4,4,,0
6600,'5356',2435,,3809,4,4,,0,5,,3810,4,,,0
6601,'4327',718,,3492,5,,,0,40,,3491,5,,,0,75,,3490,5,,,0,75,,3484,5,,,0,30,,3474,5,,,0,71,,3475,5,,,0,35,,3483,5,,,0,75,,3476,5,,,0,35,,3489,5,,,0,85,,3495,5,,,0,83,,3477,5,,,0,84,,3494,5,,,0,45,,3478,5,,,0,84,,3479,5,,,0,84,,3493,5,,,0,33,,3488,5,,,0,70,,3473,5,,,0,30,,3480,5,,,0,70,,3487,5,,,0,85,,3482,1,,,0,46,,3485,5,,,0,91,,3481,1,,,0,6,,3486,5,,,0
6601,'4332',618,,3514,5,,,0,100,,3510,5,,,0,40,,3507,5,,,0,75,,3506,5,,,0,75,,3502,5,,,0,26,,3509,5,,,0,71,,3516,5,,,0,36,,3499,5,,,0,77,,3515,5,,,0,34,,3505,5,,,0,84,,3518,5,,,0,85,,3496,5,,,0,86,,3519,5,,,0,45,,3497,5,,,0,85,,3498,5,,,0,85,,3500,5,,,0,32,,3511,5,,,0,69,,3501,5,,,0,30,,3508,5,,,0,70,,3503,5,,,0,88,,3517,1,,,0,45,,3512,5,,,0,90,,3504,1,,,0,5,,3513,5,,,0
6601,'4480',511,,3520,5,,,0,21,,3521,5,,,0,20,,3522,5,,,0,61,,3523,5,,,0,21,,3526,5,,,0,23,,3527,5,,,0,76,,3528,5,,,0,79,,3529,5,,,0,39,,3525,5,,,0,75,,3531,1,,,0,31,,3524,5,,,0,70,,3530,1,,,0,30,,3532,5,,,0,69,,3553,1,,,0,25,,3533,5,,,0,69,,3552,5,,,0,30,,3551,1,,,0,69,,3554,5,,,0,28,,3550,1,,,0,68,,3549,5,,,0,26,,3535,5,,,0,59,,3536,1,,,0,15,,3537,5,,,0,17,,3538,5,,,0,23,,3539,1,,,0,60,,3540,5,,,0,26,,3541,5,,,0,67,,3542,1,,,0,23,,3543,5,,,0,25,,3544,5,,,0,71,,3545,1,,,0,31,,3534,5,,,0,71,,3546,5,,,0,30,,3547,5,,,0,95,,3548,5,,,0
24003100,'5352',2535,,3811,1,,,0
24003100,'5354',2235,,3812,1,,,0
24003100,'5356',2440,,3813,1,,,0
