300,'4528',544,,4236,3,,,0,70,,4237,3,,,0,30,,4238,3,,,0,74,,4239,3,,,0,32,,4240,3,,,0,75,,4241,3,,,0,34,,4242,3,,,0,74,,4243,3,,,0,74,,4244,3,,,0,35,,4235,3,,,0,74,,4245,3,,,0,34,,4246,3,,,0,75,,4247,3,,,0,34,,4248,3,,,0,80,,4249,3,,,0,75,,4250,3,,,0,35,,4251,3,,,0,80,,4252,3,,,0,76,,4253,3,,,0,34,,4254,3,,,0,78,,4255,3,,,0,37,,4256,3,,,0,76,,4258,3,,,0,76,,4257,3,,,0,30,,4259,3,,,0,101,,4260,3,,,0,104,,4261,3,,,0,103,,4262,3,,,0
300,'5015',559,,4287,3,,,0,90,,4286,3,,,0,98,,4288,3,,,0,87,,4263,3,,,0,67,,4264,3,,,0,40,,4265,3,,,0,75,,4267,3,,,0,29,,4268,3,,,0,75,,4269,3,,,0,35,,4266,3,,,0,73,,4270,3,,,0,80,,4271,3,,,0,35,,4272,3,,,0,75,,4273,3,,,0,41,,4274,3,,,0,75,,4275,3,,,0,70,,4276,3,,,0,36,,4277,3,,,0,76,,4278,3,,,0,36,,4279,3,,,0,86,,4280,3,,,0,75,,4281,3,,,0,36,,4282,3,,,0,90,,4283,3,,,0,102,,4284,3,,,0,101,,4285,3,,,0
300,'5221',628,,4289,3,,,0,95,,4290,3,,,0,88,,4303,3,,,0,92,,4292,3,,,0,50,,4293,3,,,0,97,,4294,3,,,0,95,,4291,3,,,0,99,,4295,3,,,0,101,,4296,3,,,0,100,,4297,3,,,0,100,,4298,3,,,0,104,,4299,3,,,0,99,,4300,3,,,0,96,,4301,3,,,0,100,,4302,3,,,0
500,'4528',609,,4425,3,,,0,43,,4426,3,,,0,76,,4427,3,,,0,75,,4428,3,,,0,35,,4429,3,,,0,74,,4430,3,,,0,36,,4431,3,,,0,76,,4432,3,,,0,77,,4433,3,,,0,36,,4434,3,,,0,76,,4435,3,,,0,35,,4436,3,,,0,76,,4437,3,,,0,76,,4438,3,,,0,37,,4439,3,,,0,80,,4440,3,,,0,35,,4441,3,,,0,74,,4442,3,,,0,80,,4443,3,,,0,34,,4444,3,,,0,70,,4445,3,,,0,35,,4446,3,,,0,74,,4447,3,,,0,33,,4448,3,,,0,75,,4449,3,,,0,29,,4450,3,,,0,98,,4451,3,,,0,100,,4452,3,,,0
500,'5015',612,,4477,3,,,0,95,,4476,3,,,0,52,,4475,3,,,0,141,,4478,3,,,0,52,,4453,3,,,0,73,,4454,3,,,0,80,,4455,3,,,0,37,,4456,3,,,0,70,,4458,3,,,0,35,,4459,3,,,0,75,,4460,3,,,0,35,,4457,3,,,0,80,,4461,3,,,0,77,,4462,3,,,0,35,,4463,3,,,0,80,,4464,3,,,0,75,,4465,3,,,0,28,,4466,3,,,0,75,,4467,3,,,0,34,,4468,3,,,0,73,,4469,3,,,0,43,,4470,3,,,0,75,,4471,3,,,0,75,,4472,3,,,0,48,,4473,3,,,0,99,,4474,3,,,0
500,'5221',636,,4479,3,,,0,102,,4480,3,,,0,96,,4481,3,,,0,92,,4493,3,,,0,96,,4482,3,,,0,90,,4483,3,,,0,102,,4485,3,,,0,96,,4486,3,,,0,101,,4487,3,,,0,102,,4484,3,,,0,100,,4488,3,,,0,97,,4489,3,,,0,104,,4490,3,,,0,95,,4491,3,,,0,93,,4492,3,,,0
1701,'4528',646,,4730,31,,,0,76,,4731,31,,,0,92,,4732,31,,,0,727,,4726,31,,,0,87,,4727,31,,,0,85,,4728,31,,,0,41,,4729,31,,,0,84,,4725,31,,,0
2100,'4528',651,,4744,22,,,0,87,,4740,22,,,0,84,,4741,22,,,0,96,,4742,22,,,0,85,,4743,22,,,0,33,,4745,22,,,0,99,,4739,22,,,0,165,,4737,22,,,0,132,,4738,22,,,0,281,,4736,22,,,0,45,,4734,22,,,0,143,,4735,22,,,0,120,,4733,22,,,0
2100,'5015',815,,4753,22,,,0,134,,4755,22,,,0,179,,4754,22,,,0,183,,4749,22,,,0,118,,4750,22,,,0,103,,4751,22,,,0,98,,4752,22,,,0,99,,4747,22,,,0,175,,4748,22,,,0,133,,4746,22,,,0
2100,'5221',853,,4763,22,,,0,100,,4764,22,,,0,175,,4756,22,,,0,172,,4758,22,,,0,133,,4757,22,,,0,173,,4759,22,,,0,129,,4760,22,,,0,170,,4761,22,,,0,129,,4762,22,,,0
1002100,'4528',1536,,6120,27,,,0,79,,6121,27,,,0
