5201,'4327',846,,3125,14,,,0,100,,3123,14,,,0,99,,3116,14,,,0,100,,3115,14,,,0,100,,3118,14,,,0,100,,3119,14,,,0,100,,3117,14,,,0,100,,3120,14,,,0,100,,3121,14,,,0,101,,3122,14,,,0,110,,3124,14,,,0,99,,3126,14,,,0,90,,3127,14,,,0
5201,'4332',746,,3142,14,,,0,99,,3135,14,,,0,100,,3141,14,,,0,100,,3134,14,,,0,99,,3138,14,,,0,100,,3132,14,,,0,100,,3139,14,,,0,100,,3131,14,,,0,100,,3140,14,,,0,100,,3130,14,,,0,100,,3137,14,,,0,101,,3129,14,,,0,100,,3136,14,,,0,110,,3133,14,,,0,170,,3128,14,,,0,134,,3143,14,,,0
5201,'4480',702,,3150,14,,,0,57,,3151,14,,,0,155,,3152,14,,,0,105,,3153,14,,,0,110,,3154,14,,,0,99,,3155,14,,,0,105,,3156,14,,,0,100,,3157,14,,,0,109,,3158,14,,,0,101,,3159,14,,,0,106,,3145,14,,,0,95,,3146,14,,,0,109,,3147,14,,,0,102,,3148,14,,,0,170,,3149,14,,,0,133,,3144,14,,,0
5401,'4327',846,,3218,44,,,0,98,,3219,73,,,0,103,,3217,73,,,0,103,,3210,73,,,0,101,,3211,73,,,0,100,,3212,73,,,0,100,,3213,73,,,0,97,,3215,73,,,0,99,,3209,73,,,0,100,,3214,73,,,0,99,,3216,73,,,0,109,,3220,73,,,0,100,,3221,73,,,0
5401,'4332',747,,3238,44,,,0,99,,3237,73,,,0,103,,3229,73,,,0,101,,3235,73,,,0,102,,3228,73,,,0,100,,3234,73,,,0,100,,3226,73,,,0,100,,3233,73,,,0,100,,3225,73,,,0,99,,3232,73,,,0,98,,3224,73,,,0,100,,3231,73,,,0,99,,3223,73,,,0,99,,3230,73,,,0,110,,3222,73,,,0,172,,3227,73,,,0
5401,'4480',559,,3239,44,,,0,100,,3241,73,,,0,161,,3242,73,,,0,87,,3243,73,,,0,112,,3244,73,,,0,106,,3245,73,,,0,111,,3246,73,,,0,101,,3240,73,,,0,113,,3247,73,,,0,106,,3248,73,,,0,99,,3249,73,,,0,97,,3250,73,,,0,103,,3251,73,,,0,94,,3252,73,,,0,108,,3253,73,,,0,99,,3254,73,,,0,169,,3255,73,,,0
5801,'4327',815,,3355,27,,,0,120,,3351,27,,,0,100,,3345,27,,,0,100,,3353,27,,,0,100,,3346,27,,,0,100,,3347,27,,,0,100,,3348,27,,,0,100,,3354,27,,,0,100,,3349,27,,,0,100,,3350,27,,,0,100,,3352,27,,,0,95,,3356,27,,,0,100,,3357,27,,,0
5801,'4332',815,,3370,27,,,0,120,,3366,27,,,0,100,,3365,27,,,0,100,,3369,27,,,0,100,,3361,27,,,0,100,,3360,27,,,0,100,,3364,27,,,0,100,,3368,27,,,0,100,,3367,27,,,0,100,,3363,27,,,0,100,,3359,27,,,0,170,,3358,27,,,0,130,,3362,27,,,0,100,,3371,27,,,0
5801,'4480',556,,3386,16,,,0,95,,3382,27,,,0,176,,3383,27,,,0,121,,3384,27,,,0,100,,3385,27,,,0,101,,3375,27,,,0,100,,3376,27,,,0,100,,3377,27,,,0,105,,3378,27,,,0,101,,3379,27,,,0,96,,3380,27,,,0,97,,3381,27,,,0,98,,3373,27,,,0,160,,3374,27,,,0,130,,3372,27,,,0
5900,'4480',1624,,3387,11,,,0,95,,3388,11,,,0
5901,'4480',652,,3390,18,,,0,100,,3389,18,,,0
