401,'4944',600,,611,0,27,0,108,,612,0,27,0,100,,613,0,27,0,100,,597,0,27,0,100,,598,0,27,0,100,,609,0,27,0,100,,608,0,27,0,100,,607,0,27,0,100,,606,0,27,0,100,,605,0,27,0,100,,604,0,27,0,100,,603,0,27,0,100,,602,0,27,0,100,,601,0,27,0,100,,600,0,27,0,100,,599,0,27,0,122,,610,0,27,0
401,'4946',600,,577,0,27,0,108,,564,0,27,0,100,,565,0,27,0,100,,566,0,27,0,100,,567,0,27,0,100,,568,0,27,0,100,,569,0,27,0,100,,570,0,27,0,100,,571,0,27,0,100,,572,0,27,0,100,,573,0,27,0,100,,574,0,27,0,100,,575,0,27,0,100,,576,0,27,0
401,'4955',600,,1997,0,27,0,108,,1994,0,27,0,17,,1988,0,27,0,83,,1989,0,27,0,100,,1990,0,27,0,100,,1991,0,27,0,100,,1992,0,27,0,100,,1993,0,27,0,100,,1995,0,27,0,101,,1996,0,27,0,21,,1983,0,27,0,78,,1984,0,27,0,101,,1985,0,27,0,99,,1986,0,27,0,100,,1987,0,27,0,100,,1980,0,27,0,100,,1981,0,27,0,100,,1982,0,27,0,122,,1979,0,27,0
401,'4957',600,,2012,0,27,0,108,,2013,0,27,0,100,,2014,0,27,0,100,,1998,0,27,0,100,,1999,0,27,0,100,,2010,0,27,0,100,,2009,0,27,0,100,,2008,0,27,0,100,,2007,0,27,0,100,,2006,0,27,0,100,,2005,0,27,0,100,,2004,0,27,0,100,,2003,0,27,0,100,,2002,0,27,0,100,,2001,0,27,0,100,,2000,0,27,0,122,,2011,0,27,0
401,'4958',600,,2028,0,27,0,108,,2015,0,27,0,100,,2016,0,27,0,100,,2017,0,27,0,100,,2018,0,27,0,100,,2019,0,27,0,100,,2020,0,27,0,100,,2021,0,27,0,100,,2022,0,27,0,100,,2023,0,27,0,100,,2024,0,27,0,100,,2025,0,27,0,100,,2026,0,27,0,100,,2027,0,27,0
900,'4944',645,,862,0,13 14,0,100,,863,0,13 14,0,100,,864,0,13 14,0,100,,865,0,13 14,0,105,,866,0,13 14,0,95,,867,0,13 14,0,105,,868,0,13 14,0,100,,869,0,13 14,0,100,,870,0,13 14,0,100,,871,0,13 14,0,104,,872,0,13 14,0,96,,873,0,13 14,0,100,,874,0,13 14,0,95,,875,0,13 14,0,100,,876,0,13 14,0,105,,877,0,13 14,0
900,'4946',645,,832,0,13 14,0,100,,833,0,13 14,0,100,,834,0,13 14,0,100,,831,0,13 14,0,105,,835,0,13 14,0,95,,836,0,13 14,0,105,,837,0,13 14,0,100,,838,0,13 14,0,100,,839,0,13 14,0,100,,840,0,13 14,0,100,,841,0,13 14,0,100,,842,0,13 14,0,100,,843,0,13 14,0,95,,844,0,13 14,0
900,'4955',545,,2262,0,13 14,0,107,,2251,0,13 14,0,93,,2252,0,13 14,0,107,,2253,0,13 14,0,100,,2254,0,13 14,0,100,,2255,0,13 14,0,100,,2256,0,13 14,0,100,,2257,0,13 14,0,100,,2258,0,13 14,0,100,,2259,0,13 14,0,100,,2260,0,13 14,0,100,,2261,0,13 14,0,101,,2247,0,13 14,0,99,,2248,0,13 14,0,100,,2249,0,13 14,0,100,,2250,0,13 14,0,100,,2246,0,13 14,0
900,'4957',645,,2263,0,13 14,0,100,,2264,0,13 14,0,100,,2265,0,13 14,0,100,,2266,0,13 14,0,105,,2267,0,13 14,0,95,,2268,0,13 14,0,105,,2269,0,13 14,0,100,,2270,0,13 14,0,100,,2271,0,13 14,0,100,,2272,0,13 14,0,104,,2273,0,13 14,0,96,,2274,0,13 14,0,100,,2275,0,13 14,0,95,,2276,0,13 14,0,100,,2277,0,13 14,0,105,,2278,0,13 14,0
900,'4958',645,,2280,0,13 14,0,100,,2281,0,13 14,0,100,,2282,0,13 14,0,100,,2279,0,13 14,0,105,,2283,0,13 14,0,95,,2284,0,13 14,0,105,,2285,0,13 14,0,100,,2286,0,13 14,0,100,,2287,0,13 14,0,100,,2288,0,13 14,0,100,,2289,0,13 14,0,100,,2290,0,13 14,0,100,,2291,0,13 14,0,95,,2292,0,13 14,0
1501,'4944',920,,906,0,18,0,130,,907,0,18,0,470,,908,0,18,0,130,,909,0,18,0
1501,'4955',615,,2318,0,18,0,43,,2320,0,18,0,159,,2317,0,18,0,683,,2319,0,18,0,205,,2316,0,18,0,50,,2315,0,18,0
1501,'4957',920,,2321,0,18,0,130,,2322,0,18,0,470,,2323,0,18,0,130,,2324,0,18,0
