3101,'4729',624,,1022,5,,,0,85,,1023,5,,,0,30,,1025,5,,,0,71,,1026,5,,,0,32,,1024,5,,,0,87,,1028,5,,,0,106,,1029,5,,,0,110,,1030,5,,,0,110,,1027,5,,,0,155,,1031,5,,,0,115,,1032,5,,,0,80,,1034,5,,,0,36,,1035,5,,,0,76,,1036,5,,,0,33,,1033,5,,,0,71,,1037,5,,,0,18,,1038,5,,,0
3101,'4739',759,,1042,5,,,0,143,,1041,5,,,0,102,,1039,5,,,0,111,,1046,5,,,0,110,,1047,5,,,0,110,,1040,5,,,0,115,,1045,5,,,0,155,,1043,5,,,0,110,,1044,5,,,0,109,,1048,5,,,0
3101,'4958',759,,1055,5,,,0,247,,1052,5,,,0,219,,1049,5,,,0,110,,1053,5,,,0,114,,1051,5,,,0,155,,1054,5,,,0,110,,1050,5,,,0
3201,'4729',553,,1057,5,0,5 6,0,70,,1058,5,0,5 6,0,30,,1059,5,0,5 6,0,71,,1056,5,0,5 6,0,30,,1060,5,0,5 6,0,72,,1061,5,0,5 6,0,33,,1062,5,0,5 6,0,70,,1063,5,0,5 6,0,72,,1064,5,0,5 6,0,33,,1065,5,0,5 6,0,76,,1066,5,0,5 6,0,35,,1067,5,0,5 6,0,75,,1068,5,0,5 6,0,35,,1069,5,0,5 6,0,75,,1070,5,0,5 6,0,80,,1071,5,0,5 6,0,37,,1072,5,0,5 6,0,79,,1073,5,0,5 6,0,80,,1074,5,0,5 6,0,35,,1075,5,0,5 6,0,77,,1076,5,0,5 6,0,31,,1077,5,0,5 6,0,72,,1078,5,0,5 6,0,38,,1079,5,0,5 6,0,87,,1080,5,0,5 6,0,68,,1081,5,0,5 6,0,95,,1082,5,0,5 6,0,105,,1083,5,0,5 6,0
3201,'4739',759,,1095,5,0,5 6,0,70,,1086,5,0,5 6,0,73,,1106,5,0,5 6,0,32,,1084,5,0,5 6,0,70,,1087,5,0,5 6,0,35,,1093,5,0,5 6,0,75,,1085,5,0,5 6,0,36,,1104,5,0,5 6,0,75,,1089,5,0,5 6,0,75,,1088,5,0,5 6,0,35,,1092,5,0,5 6,0,75,,1090,5,0,5 6,0,40,,1105,5,0,5 6,0,75,,1094,5,0,5 6,0,80,,1091,5,0,5 6,0,35,,1100,5,0,5 6,0,74,,1096,5,0,5 6,0,35,,1107,5,0,5 6,0,75,,1097,5,0,5 6,0,35,,1099,5,0,5 6,0,85,,1098,5,0,5 6,0,70,,1102,5,0,5 6,0,30,,1101,5,0,5 6,0,170,,1103,5,0,5 6,0
3201,'4958',758,,1122,5,0,5 6,0,144,,1121,5,0,5 6,0,104,,1116,5,0,5 6,0,33,,1123,5,0,5 6,0,75,,1110,5,0,5 6,0,35,,1109,5,0,5 6,0,75,,1117,5,0,5 6,0,35,,1108,5,0,5 6,0,75,,1118,5,0,5 6,0,75,,1113,5,0,5 6,0,41,,1119,5,0,5 6,0,75,,1114,5,0,5 6,0,79,,1115,5,0,5 6,0,35,,1112,5,0,5 6,0,75,,1120,5,0,5 6,0,35,,1111,5,0,5 6,0,110,,1124,5,0,5 6,0,155,,1125,5,0,5 6,0
3900,'4729',629,,1276,5,0,30 31 19,0,277,,1279,6,0,7 8,0,109,,1273,6,0,7 8,0,108,,1274,6,0,7 8,0,185,,1275,6,0,7 8,0,120,,1277,6,0,7 8,0,190,,1278,6,0,7 8,0,110,,1271,6,0,7 8,0,130,,1272,6,0,7 8,0
3900,'4739',901,,1280,6,0,7 8,0,120,,1281,6,0,7 8,0,106,,1282,6,0,7 8,0,175,,1283,6,0,7 8,0,110,,1285,6,0,7 8,0,130,,1284,6,0,7 8,0,104,,1287,6,0,7 8,0,155,,1286,6,0,7 8,0
3900,'4958',858,,1291,6,0,7 8,0,161,,1294,6,0,7 8,0,105,,1289,6,0,7 8,0,135,,1288,6,0,7 8,0,150,,1292,6,0,7 8,0,130,,1290,6,0,7 8,0,104,,1295,6,0,7 8,0,115,,1293,6,0,7 8,0
1003101,'4729',653,,1370,5,,,0,70,,1371,5,,,0,31,,1372,5,,,0,72,,1373,5,,,0,33,,1374,5,,,0,142,,1375,5,,,0,108,,1376,5,,,0,110,,1377,5,,,0,110,,1378,5,,,0,115,,1379,5,,,0,100,,1380,5,,,0,78,,1381,5,,,0,35,,1382,5,,,0,75,,1383,5,,,0,73,,1384,5,,,0,51,,1385,5,,,0,90,,1386,5,,,0,163,,1387,5,,,0,109,,1388,5,,,0
1003101,'4739',829,,1394,5,,,0,105,,1400,5,,,0,105,,1389,5,,,0,110,,1390,5,,,0,110,,1391,5,,,0,150,,1393,5,,,0,115,,1398,5,,,0,115,,1396,5,,,0,110,,1395,5,,,0,110,,1392,5,,,0,155,,1397,5,,,0,100,,1399,5,,,0
1003101,'4958',901,,1408,5,,,0,213,,1407,5,,,0,35,,1401,5,,,0,110,,1403,5,,,0,150,,1404,5,,,0,115,,1405,5,,,0,115,,1406,5,,,0,110,,1402,5,,,0,109,,1409,5,,,0,155,,1410,5,,,0,100,,1411,5,,,0
