100,'4327',604,,1468,1,,,0,40,,1469,1,,,0,80,,1470,1,,,0,80,,1471,1,,,0,40,,1472,1,,,0,88,,1473,1,,,0,87,,1474,1,,,0,40,,1475,1,,,0,83,,1476,1,,,0,78,,1489,1,,,0,80,,1477,1,,,0,40,,1478,1,,,0,80,,1479,1,,,0,80,,1480,1,,,0,40,,1481,1,,,0,80,,1482,1,,,0,80,,1483,1,,,0,40,,1484,1,,,0,80,,1485,1,,,0,38,,1486,1,,,0,79,,1487,1,,,0,77,,1488,1,,,0,86,,1490,1,,,0,55,,1491,1,,,0
100,'4332',559,,1492,1,,,0,70,,1493,1,,,0,30,,1494,1,,,0,70,,1495,1,,,0,75,,1496,1,,,0,35,,1497,1,,,0,75,,1498,1,,,0,32,,1500,1,,,0,76,,1501,1,,,0,37,,1499,1,,,0,70,,1502,1,,,0,30,,1503,1,,,0,70,,1504,1,,,0,30,,1505,1,,,0,70,,1506,1,,,0,30,,1507,1,,,0,70,,1508,1,,,0,30,,1509,1,,,0,70,,1510,1,,,0,30,,1511,1,,,0,70,,1512,1,,,0,30,,1513,1,,,0,65,,1514,1,,,0,30,,1515,1,,,0,70,,1516,1,,,0,35,,1517,1,,,0,75,,1518,1,,,0,75,,1519,1,,,0,35,,1520,1,,,0,75,,1521,1,,,0,35,,1522,1,,,0,75,,1523,1,,,0
100,'4480',514,,1417,1,,,0,30,,1418,1,,,0,71,,1416,1,,,0,20,,1420,1,,,0,21,,1421,1,,,0,60,,1419,1,,,0,15,,1422,1,,,0,20,,1423,1,,,0,55,,1424,1,,,0,17,,1425,1,,,0,15,,1426,1,,,0,17,,1428,1,,,0,58,,1427,1,,,0,15,,1429,1,,,0,20,,1430,1,,,0,59,,1431,1,,,0,20,,1432,1,,,0,22,,1433,1,,,0,62,,1434,1,,,0,23,,1435,1,,,0,66,,1437,1,,,0,22,,1436,1,,,0,22,,1438,1,,,0,63,,1439,1,,,0,23,,1441,1,,,0,22,,1440,1,,,0,63,,1442,1,,,0,22,,1443,1,,,0,65,,1444,1,,,0,16,,1445,1,,,0,14,,1446,1,,,0,16,,1447,1,,,0,54,,1448,1,,,0,17,,1449,1,,,0,14,,1450,1,,,0,14,,1451,1,,,0,54,,1452,1,,,0,14,,1453,1,,,0,15,,1454,1,,,0,14,,1455,1,,,0,57,,1456,1,,,0,20,,1457,1,,,0,20,,1458,1,,,0,64,,1459,1,,,0,23,,1466,1,,,0,24,,1460,1,,,0,65,,1461,1,,,0,24,,1462,1,,,0,65,,1467,1,,,0,24,,1463,1,,,0,28,,1464,1,,,0,71,,1465,1,,,0
101,'4327',637,,1574,34,4,,0,80,,1575,34,4,,0,85,,1576,34,4,,0,40,,1577,34,4,,0,80,,1578,34,4,,0,78,,1579,34,4,,0,55,,1580,34,4,,0,89,,1581,34,4,,0,86,,1582,34,4,,0,80,,1583,34,4,,0,40,,1584,34,4,,0,80,,1585,34,4,,0,80,,1586,34,4,,0,40,,1587,34,4,,0,80,,1588,34,4,,0,80,,1589,34,4,,0,40,,1590,34,4,,0,80,,1591,34,4,,0,80,,1592,34,4,,0,40,,1593,34,4,,0,80,,1594,34,4,,0,82,,1595,34,4,,0
101,'4332',637,,1597,34,4,,0,75,,1596,34,4,,0,30,,1598,34,4,,0,72,,1599,34,4,,0,29,,1600,34,4,,0,75,,1601,34,4,,0,83,,1602,34,4,,0,34,,1603,34,4,,0,73,,1604,34,4,,0,30,,1605,34,4,,0,70,,1606,34,4,,0,27,,1607,34,4,,0,70,,1608,34,4,,0,30,,1609,34,4,,0,70,,1610,34,4,,0,30,,1611,34,4,,0,70,,1612,34,4,,0,30,,1613,34,4,,0,70,,1614,34,4,,0,30,,1615,34,4,,0,70,,1616,34,4,,0,28,,1617,34,4,,0,67,,1618,34,4,,0,29,,1619,34,4,,0,78,,1620,34,4,,0,38,,1621,34,4,,0,76,,1622,34,4,,0,35,,1623,34,4,,0,75,,1624,34,4,,0,75,,1625,34,4,,0,32,,1627,34,4,,0,75,,1626,34,4,,0
101,'4480',601,,1525,34,4,,0,27,,1526,34,4,,0,31,,1527,34,4,,0,70,,1528,34,4,,0,24,,1524,34,4,,0,54,,1529,34,4,,0,16,,1530,34,4,,0,21,,1531,34,4,,0,60,,1532,34,4,,0,23,,1533,34,4,,0,21,,1534,34,4,,0,61,,1535,34,4,,0,22,,1536,34,4,,0,23,,1537,34,4,,0,62,,1538,34,4,,0,22,,1539,34,4,,0,63,,1540,34,4,,0,22,,1541,34,4,,0,21,,1542,34,4,,0,63,,1543,34,4,,0,26,,1544,34,4,,0,26,,1545,34,4,,0,60,,1546,34,4,,0,25,,1547,34,4,,0,58,,1548,34,4,,0,16,,1549,34,4,,0,16,,1550,34,4,,0,15,,1551,34,4,,0,55,,1552,34,4,,0,14,,1553,34,4,,0,15,,1554,34,4,,0,15,,1555,34,4,,0,55,,1556,34,4,,0,15,,1557,34,4,,0,15,,1558,34,4,,0,12,,1559,34,4,,0,13,,1560,34,4,,0,52,,1561,34,4,,0,21,,1562,34,4,,0,20,,1563,34,4,,0,60,,1564,34,4,,0,19,,1572,34,4,,0,29,,1565,34,4,,0,65,,1566,34,4,,0,23,,1567,34,4,,0,66,,1573,34,4,,0,23,,1568,34,4,,0,70,,1569,34,4,,0,34,,1570,34,4,,0,72,,1571,34,4,,0
200,'4327',605,,1677,1,,,0,35,,1678,1,,,0,80,,1679,1,,,0,85,,1680,1,,,0,40,,1681,1,,,0,80,,1682,1,,,0,80,,1683,1,,,0,95,,1684,1,,,0,49,,1685,1,,,0,86,,1686,1,,,0,80,,1687,1,,,0,40,,1688,1,,,0,80,,1689,1,,,0,80,,1690,1,,,0,40,,1691,1,,,0,80,,1692,1,,,0,80,,1693,1,,,0,40,,1694,1,,,0,80,,1695,1,,,0,80,,1696,1,,,0,40,,1697,1,,,0,80,,1699,1,,,0,80,,1698,1,,,0,100,,3791,1,,,0
200,'4332',605,,1700,1,,,0,35,,1701,1,,,0,75,,1702,1,,,0,30,,1703,1,,,0,72,,1704,1,,,0,30,,1705,1,,,0,75,,1706,1,,,0,83,,1707,1,,,0,35,,1708,1,,,0,73,,1709,1,,,0,30,,1711,1,,,0,70,,1712,1,,,0,27,,1713,1,,,0,70,,1710,1,,,0,30,,1714,1,,,0,70,,1715,1,,,0,30,,1716,1,,,0,70,,1717,1,,,0,30,,1718,1,,,0,70,,1720,1,,,0,30,,1721,1,,,0,70,,1719,1,,,0,28,,1722,1,,,0,67,,1723,1,,,0,29,,1724,1,,,0,77,,1725,1,,,0,38,,1726,1,,,0,76,,1727,1,,,0,76,,1728,1,,,0,34,,1729,1,,,0,75,,1730,1,,,0
200,'4480',530,,1628,1,,,0,75,,1629,1,,,0,27,,1630,1,,,0,71,,1631,1,,,0,15,,1632,1,,,0,15,,1633,1,,,0,24,,1634,1,,,0,55,,1635,1,,,0,16,,1636,1,,,0,21,,1637,1,,,0,60,,1638,1,,,0,23,,1639,1,,,0,21,,1640,1,,,0,61,,1641,1,,,0,22,,1642,1,,,0,23,,1643,1,,,0,62,,1644,1,,,0,22,,1645,1,,,0,63,,1646,1,,,0,22,,1647,1,,,0,21,,1648,1,,,0,63,,1649,1,,,0,26,,1650,1,,,0,66,,1651,1,,,0,20,,1652,1,,,0,25,,1653,1,,,0,58,,1654,1,,,0,16,,1655,1,,,0,16,,1656,1,,,0,15,,1657,1,,,0,55,,1658,1,,,0,14,,1659,1,,,0,15,,1660,1,,,0,15,,1661,1,,,0,55,,1662,1,,,0,15,,1663,1,,,0,15,,1664,1,,,0,62,,1665,1,,,0,15,,1666,1,,,0,20,,1667,1,,,0,20,,1668,1,,,0,60,,1669,1,,,0,19,,1675,1,,,0,69,,1670,1,,,0,25,,1671,1,,,0,25,,1672,1,,,0,64,,1676,1,,,0,23,,1673,1,,,0,70,,1674,1,,,0
200,'5356',2420,,3792,1,,,0
201,'4327',641,,1783,46,4,,0,80,,1784,46,4,,0,79,,1785,46,4,,0,40,,1786,46,4,,0,87,,1787,46,4,,0,87,,1788,46,4,,0,39,,1789,46,4,,0,84,,1790,46,4,,0,78,,1803,46,4,,0,40,,1791,46,4,,0,80,,1792,46,4,,0,80,,1793,46,4,,0,40,,1794,46,4,,0,80,,1795,46,4,,0,80,,1796,46,4,,0,40,,1797,46,4,,0,80,,1798,46,4,,0,80,,1800,46,4,,0,38,,1799,46,4,,0,79,,1801,46,4,,0,78,,1802,46,4,,0,44,,1805,46,4,,0,97,,1804,46,4,,0
201,'4332',624,,1807,46,4,,0,31,,1808,46,4,,0,69,,1809,46,4,,0,35,,1810,46,4,,0,75,,1811,46,4,,0,75,,1806,46,4,,0,32,,1812,46,4,,0,75,,1813,46,4,,0,38,,1814,46,4,,0,70,,1815,46,4,,0,30,,1816,46,4,,0,70,,1817,46,4,,0,30,,1819,46,4,,0,70,,1820,46,4,,0,30,,1821,46,4,,0,70,,1818,46,4,,0,30,,1822,46,4,,0,70,,1823,46,4,,0,30,,1824,46,4,,0,69,,1825,46,4,,0,30,,1826,46,4,,0,66,,1827,46,4,,0,30,,1828,46,4,,0,70,,1830,46,4,,0,34,,1831,46,4,,0,76,,1832,46,4,,0,75,,1829,46,4,,0,34,,1833,46,4,,0,76,,1835,46,4,,0,35,,1834,46,4,,0,75,,1836,46,4,,0,76,,1837,46,4,,0
201,'4480',537,,1731,46,4,,0,75,,1732,46,4,,0,41,,1733,46,4,,0,75,,1734,46,4,,0,19,,1735,46,4,,0,55,,1736,46,4,,0,17,,1737,46,4,,0,16,,1738,46,4,,0,17,,1739,46,4,,0,58,,1740,46,4,,0,15,,1741,46,4,,0,20,,1742,46,4,,0,58,,1743,46,4,,0,20,,1744,46,4,,0,22,,1745,46,4,,0,62,,1746,46,4,,0,23,,1747,46,4,,0,26,,1748,46,4,,0,62,,1749,46,4,,0,22,,1750,46,4,,0,62,,1751,46,4,,0,23,,1752,46,4,,0,22,,1753,46,4,,0,63,,1754,46,4,,0,21,,1755,46,4,,0,27,,1756,46,4,,0,56,,1757,46,4,,0,14,,1759,46,4,,0,16,,1760,46,4,,0,14,,1761,46,4,,0,57,,1762,46,4,,0,14,,1763,46,4,,0,14,,1765,46,4,,0,13,,1764,46,4,,0,54,,1766,46,4,,0,15,,1767,46,4,,0,14,,1768,46,4,,0,16,,1769,46,4,,0,62,,1770,46,4,,0,20,,1771,46,4,,0,64,,1772,46,4,,0,23,,1780,46,4,,0,25,,1773,46,4,,0,64,,1774,46,4,,0,24,,1775,46,4,,0,66,,1781,46,4,,0,23,,1776,46,4,,0,29,,1777,46,4,,0,71,,1778,46,4,,0,33,,1779,46,4,,0
6600,'4327',859,,3410,3,,,0,80,,3409,3,,,0,75,,3408,3,,,0,35,,3402,3,,,0,70,,3392,3,,,0,30,,3393,3,,,0,75,,3401,3,,,0,81,,3391,3,,,0,35,,3407,3,,,0,86,,3413,3,,,0,85,,3394,3,,,0,46,,3411,3,,,0,84,,3395,3,,,0,84,,3396,3,,,0,85,,3412,3,,,0,30,,3406,3,0,45 46,0,70,,3397,3,,,0,30,,3398,3,,,0,70,,3405,3,,,0,45,,3400,3,,,0,90,,3403,3,,,0,66,,3805,3,4,,0,10,,3806,3,0,45 46,0,18,,3399,3,0,45 46,0,5,,3404,3,,,0
6600,'4332',800,,3432,3,,,0,100,,3426,3,,,0,40,,3425,3,,,0,75,,3424,3,,,0,35,,3418,3,,,0,70,,3428,3,,,0,31,,3434,3,,,0,75,,3415,3,,,0,81,,3433,3,,,0,35,,3423,3,,,0,86,,3436,3,,,0,85,,3414,3,,,0,45,,3437,3,,,0,84,,3416,3,,,0,85,,3417,3,,,0,85,,3419,3,,,0,31,,3429,3,0,45 46,0,68,,3420,3,,,0,30,,3427,3,,,0,69,,3422,3,,,0,45,,3435,3,,,0,90,,3430,3,,,0,95,,3421,3,0,45 46,0,5,,3431,3,,,0
6600,'4480',703,,3438,3,,,0,41,,3439,3,,,0,67,,3440,3,,,0,26,,3441,3,,,0,20,,3444,3,0,45 46,0,60,,3445,3,,,0,28,,3446,3,,,0,69,,3447,3,0,45 46,0,30,,3443,3,,,0,70,,3449,3,0,45 46,0,30,,3442,3,,,0,70,,3448,3,0,45 46,0,30,,3450,3,,,0,72,,3471,3,0,45 46,0,26,,3451,3,,,0,75,,3470,3,,,0,31,,3469,3,,,0,74,,3472,3,0,45 46,0,35,,3468,3,,,0,72,,3467,3,0,45 46,0,74,,3453,3,,,0,17,,3454,3,0,45 46,0,19,,3455,3,,,0,18,,3456,3,0,45 46,0,61,,3457,3,,,0,15,,3458,3,,,0,18,,3459,3,,,0,58,,3460,3,,,0,20,,3461,3,,,0,18,,3462,3,0,45 46,0,65,,3463,3,,,0,30,,3452,3,,,0,70,,3464,3,,,0,34,,3465,3,,,0,100,,3466,3,,,0
6600,'5353',1919,,3804,3,0,45 46,0
6600,'5355',1640,,3807,3,0,45 46,0
6600,'5356',2416,,3808,3,4,,0,10,,3809,3,0,45 46,0,5,,3810,3,,,0
6601,'4327',728,,3492,6,,,0,80,,3491,6,,,0,35,,3490,6,,,0,75,,3484,6,,,0,30,,3474,6,,,0,71,,3475,6,,,0,36,,3483,6,,,0,75,,3476,6,,,0,75,,3489,6,,,0,45,,3495,6,,,0,83,,3477,6,,,0,84,,3494,6,,,0,85,,3478,6,,,0,44,,3479,6,,,0,84,,3493,6,,,0,73,,3488,6,,,0,30,,3473,6,,,0,70,,3480,6,,,0,30,,3487,6,,,0,85,,3482,2,,,0,86,,3485,6,,,0,51,,3481,2,,,0,45,,3486,6,,,0
6601,'4332',628,,3514,6,,,0,101,,3510,6,,,0,80,,3507,6,,,0,35,,3506,6,,,0,75,,3502,6,,,0,26,,3509,6,,,0,71,,3516,6,,,0,36,,3499,6,,,0,77,,3515,6,,,0,75,,3505,6,,,0,44,,3518,6,,,0,85,,3496,6,,,0,85,,3519,6,,,0,85,,3497,6,,,0,45,,3498,6,,,0,85,,3500,6,,,0,72,,3511,6,,,0,29,,3501,6,,,0,70,,3508,6,,,0,30,,3503,6,,,0,87,,3517,2,,,0,85,,3512,6,,,0,50,,3504,2,,,0,45,,3513,6,,,0
6601,'4480',522,,3520,6,,,0,22,,3521,6,,,0,60,,3522,6,,,0,21,,3523,6,,,0,21,,3526,6,,,0,63,,3527,6,,,0,37,,3528,6,,,0,79,,3529,6,,,0,78,,3525,6,,,0,35,,3531,2,,,0,71,,3524,6,,,0,30,,3530,2,,,0,70,,3532,6,,,0,30,,3553,2,,,0,65,,3533,6,,,0,29,,3552,6,,,0,69,,3551,2,,,0,29,,3554,6,,,0,28,,3550,2,,,0,68,,3549,6,,,0,27,,3535,6,,,0,59,,3536,2,,,0,16,,3537,6,,,0,17,,3538,6,,,0,63,,3539,2,,,0,20,,3540,6,,,0,26,,3541,6,,,0,66,,3542,2,,,0,23,,3543,6,,,0,64,,3544,6,,,0,31,,3545,2,,,0,71,,3534,6,,,0,30,,3546,6,,,0,70,,3547,6,,,0,95,,3548,6,,,0
