100,'4332',615,,1492,23,,,0,32,,1493,23,,,0,70,,1494,23,,,0,30,,1495,23,,,0,75,,1496,23,,,0,36,,1497,23,,,0,77,,1498,23,,,0,72,,1500,23,,,0,37,,1501,23,,,0,77,,1499,23,,,0,31,,1502,23,,,0,70,,1503,23,,,0,30,,1504,23,,,0,71,,1505,23,,,0,30,,1506,23,,,0,70,,1507,23,,,0,30,,1508,23,,,0,70,,1509,23,,,0,30,,1510,23,,,0,70,,1511,23,,,0,30,,1512,23,,,0,69,,1513,23,,,0,24,,1514,23,,,0,70,,1515,23,,,0,29,,1516,23,,,0,75,,1517,23,,,0,34,,1518,23,,,0,74,,1519,23,,,0,75,,1520,23,,,0,34,,1521,23,,,0,75,,1522,23,,,0,34,,1523,23,,,0
100,'4480',530,,1417,23,,,0,70,,1418,23,,,0,33,,1416,23,,,0,20,,1420,23,,,0,62,,1421,23,,,0,21,,1419,23,,,0,15,,1422,23,,,0,61,,1423,23,,,0,17,,1424,23,,,0,15,,1425,23,,,0,15,,1426,23,,,0,57,,1428,23,,,0,18,,1427,23,,,0,15,,1429,23,,,0,60,,1430,23,,,0,19,,1431,23,,,0,21,,1432,23,,,0,62,,1433,23,,,0,22,,1434,23,,,0,23,,1435,23,,,0,67,,1437,23,,,0,22,,1436,23,,,0,62,,1438,23,,,0,24,,1439,23,,,0,23,,1441,23,,,0,63,,1440,23,,,0,23,,1442,23,,,0,63,,1443,23,,,0,23,,1444,23,,,0,16,,1445,23,,,0,14,,1446,23,,,0,57,,1447,23,,,0,14,,1448,23,,,0,17,,1449,23,,,0,14,,1450,23,,,0,54,,1451,23,,,0,14,,1452,23,,,0,13,,1453,23,,,0,14,,1454,23,,,0,53,,1455,23,,,0,17,,1456,23,,,0,19,,1457,23,,,0,60,,1458,23,,,0,23,,1459,23,,,0,23,,1466,23,,,0,64,,1460,23,,,0,23,,1461,23,,,0,24,,1462,23,,,0,65,,1467,23,,,0,24,,1463,23,,,0,68,,1464,23,,,0,30,,1465,23,,,0
200,'4332',624,,1700,28,,,0,35,,1701,28,,,0,75,,1702,28,,,0,72,,1703,28,,,0,33,,1704,28,,,0,71,,1705,28,,,0,37,,1706,28,,,0,84,,1707,28,,,0,76,,1708,28,,,0,33,,1709,28,,,0,70,,1711,28,,,0,30,,1712,28,,,0,68,,1713,28,,,0,30,,1710,28,,,0,70,,1714,28,,,0,30,,1715,28,,,0,70,,1716,28,,,0,29,,1717,28,,,0,70,,1718,28,,,0,30,,1720,28,,,0,69,,1721,28,,,0,29,,1719,28,,,0,68,,1722,28,,,0,27,,1723,28,,,0,29,,1724,28,,,0,75,,1725,28,,,0,78,,1726,28,,,0,35,,1727,28,,,0,75,,1728,28,,,0,34,,1729,28,,,0,73,,1730,28,,,0
200,'4480',550,,1628,28,,,0,76,,1629,28,,,0,27,,1630,28,,,0,72,,1631,28,,,0,18,,1632,28,,,0,15,,1633,28,,,0,69,,1634,28,,,0,12,,1635,28,,,0,15,,1636,28,,,0,60,,1637,28,,,0,21,,1638,28,,,0,22,,1639,28,,,0,61,,1640,28,,,0,22,,1641,28,,,0,62,,1642,28,,,0,23,,1643,28,,,0,22,,1644,28,,,0,62,,1645,28,,,0,23,,1646,28,,,0,22,,1647,28,,,0,61,,1648,28,,,0,23,,1649,28,,,0,66,,1650,28,,,0,28,,1651,28,,,0,25,,1652,28,,,0,62,,1653,28,,,0,16,,1654,28,,,0,16,,1655,28,,,0,56,,1656,28,,,0,14,,1657,28,,,0,15,,1658,28,,,0,14,,1659,28,,,0,55,,1660,28,,,0,15,,1661,28,,,0,15,,1662,28,,,0,15,,1663,28,,,0,55,,1664,28,,,0,21,,1665,28,,,0,14,,1666,28,,,0,60,,1667,28,,,0,19,,1668,28,,,0,20,,1669,28,,,0,19,,1675,28,,,0,68,,1670,28,,,0,24,,1671,28,,,0,64,,1672,28,,,0,24,,1676,28,,,0,63,,1673,28,,,0,30,,1674,28,,,0
200,'4663',2439,,3792,28,,,0
601,'4332',614,,2203,47,,,0,100,,3677,47,,,0,103,,2202,47,,,0,97,,3678,47,,,0,102,,3679,47,,,0,100,,3680,47,,,0,96,,2208,47,,,0,102,,3681,47,,,0,100,,3682,47,,,0,99,,2211,47,,,0,99,,2212,47,,,0,99,,3683,47,,,0,105,,2214,47,,,0,103,,2215,47,,,0,95,,3684,47,,,0,107,,2217,47,,,0,114,,2218,47,,,0,110,,2201,47,,,0
601,'4480',613,,2175,47,,,0,40,,2176,47,,,0,79,,2178,47,,,0,80,,2179,47,,,0,40,,2180,47,,,0,83,,3690,47,,,0,74,,2181,47,,,0,118,,2182,47,,,0,121,,2183,47,,,0,166,,2184,47,,,0,89,,2185,47,,,0,39,,2167,47,,,0,88,,2168,47,,,0,83,,3687,47,,,0,36,,2171,47,,,0,85,,3688,47,,,0,82,,3689,47,,,0,99,,2170,47,,,0,108,,2174,47,,,0,112,,3685,47,,,0,108,,3686,47,,,0
1701,'4480',652,,2334,40,,,0,77,,2335,40,,,0,96,,3760,40,,,0,727,,3759,40,,,0,85,,2331,40,,,0,85,,2332,40,,,0,81,,2333,40,,,0,42,,2329,40,,,0
2100,'4332',821,,3761,31,,,0,133,,2368,31,,,0,181,,2367,31,,,0,182,,2362,31,,,0,117,,2363,31,,,0,104,,2364,31,,,0,99,,2365,31,,,0,99,,2360,31,,,0,173,,2361,31,,,0,132,,2359,31,,,0
2100,'4480',656,,2348,31,,,0,89,,3762,31,,,0,84,,2345,31,,,0,92,,3763,31,,,0,85,,2347,31,,,0,38,,3764,31,,,0,95,,2343,31,,,0,168,,2341,31,,,0,129,,2342,31,,,0,286,,2340,31,,,0,84,,2338,31,,,0,102,,2339,31,,,0,120,,2337,31,,,0
2201,'4480',815,,2402,32,,,0,695,,2403,32,,,0
1002100,'4480',1549,,2736,36,,,0,75,,2737,36,,,0
