3100,'4327',1025,,2428,14,,,0,109,,2422,14,,,0,110,,2423,14,,,0,110,,2424,14,,,0,155,,2425,14,,,0,115,,2427,14,,,0,110,,2426,14,,,0
3100,'4332',919,,2432,14,,,0,105,,2436,14,,,0,110,,2430,14,,,0,110,,2429,14,,,0,110,,2431,14,,,0,155,,2433,14,,,0,115,,2435,14,,,0,110,,2434,14,,,0
3100,'4480',742,,2408,14,,,0,72,,2409,14,,,0,31,,2410,14,,,0,103,,2411,14,,,0,108,,2412,14,,,0,150,,2413,14,,,0,110,,2414,14,,,0,114,,2415,14,,,0,98,,2416,14,,,0,78,,2417,14,,,0,34,,2418,14,,,0,75,,2419,14,,,0,35,,2420,14,,,0,75,,2421,14,,,0
3101,'4327',802,,2460,6,,,0,208,,2457,6,,,0,219,,2454,6,,,0,110,,2458,6,,,0,114,,2456,6,,,0,155,,2459,6,,,0,110,,2455,6,,,0
3101,'4332',802,,2464,6,,,0,104,,2463,6,,,0,102,,2461,6,,,0,111,,2468,6,,,0,110,,2469,6,,,0,110,,2462,6,,,0,115,,2467,6,,,0,155,,2465,6,,,0,110,,2466,6,,,0,109,,2470,6,,,0
3101,'4480',628,,2437,6,,,0,84,,2438,6,,,0,30,,2440,6,,,0,72,,2441,6,,,0,32,,2439,6,,,0,87,,2443,6,,,0,106,,2444,6,,,0,110,,2445,6,,,0,110,,2442,6,,,0,156,,2446,6,,,0,115,,2447,6,,,0,80,,2449,6,,,0,36,,2450,6,,,0,76,,2451,6,,,0,32,,2448,6,,,0,71,,2452,6,,,0,18,,2453,6,,,0
3900,'4327',852,,2698,4,0,7 8,0,161,,2701,4,0,7 8,0,105,,2696,4,0,7 8,0,135,,2695,4,0,7 8,0,150,,2699,4,0,7 8,0,130,,2697,4,0,7 8,0,104,,2702,4,0,7 8,0,115,,2700,4,0,7 8,0
3900,'4332',855,,2704,4,0,7 8,0,160,,2705,4,0,7 8,0,106,,2703,4,0,7 8,0,135,,2706,4,0,7 8,0,150,,2708,4,0,7 8,0,130,,2707,4,0,7 8,0,104,,2710,4,0,7 8,0,115,,2709,4,0,7 8,0
3900,'4480',858,,2694,4,0,7 8,0,149,,2688,4,0,7 8,0,108,,2689,4,0,7 8,0,185,,2690,4,0,7 8,0,120,,2692,4,0,7 8,0,190,,2693,4,0,7 8,0,110,,2686,4,0,7 8,0,130,,2687,4,0,7 8,0
1003100,'4327',747,,2770,17,,,0,102,,2762,17,,,0,103,,2760,17,,,0,107,,2764,17,,,0,150,,2761,17,,,0,110,,2759,17,,,0,115,,2765,17,,,0,115,,2766,17,,,0,110,,2763,17,,,0,181,,2767,17,,,0,160,,2768,17,,,0,103,,2769,17,,,0
1003100,'4332',748,,2784,17,,,0,101,,2773,17,,,0,100,,2772,17,,,0,110,,2771,17,,,0,150,,2779,17,,,0,110,,2783,17,,,0,115,,2776,17,,,0,115,,2780,17,,,0,110,,2777,17,,,0,150,,2778,17,,,0,35,,2774,17,,,0,115,,2775,17,,,0,141,,2782,17,,,0,59,,2781,17,,,0
1003100,'4480',658,,2743,17,,,0,69,,2744,17,,,0,31,,2745,17,,,0,70,,2746,17,,,0,88,,2747,17,,,0,105,,2748,17,,,0,110,,2749,17,,,0,110,,2750,17,,,0,115,,2751,17,,,0,152,,2752,17,,,0,40,,2753,17,,,0,74,,2740,17,,,0,36,,2741,17,,,0,76,,2739,17,,,0,72,,2742,17,,,0,39,,2754,17,,,0,85,,2755,17,,,0,122,,2756,17,,,0,103,,2757,17,,,0,148,,2758,17,,,0
1003101,'4327',905,,2811,6,,,0,214,,2810,6,,,0,35,,2804,6,,,0,150,,2806,6,,,0,110,,2807,6,,,0,114,,2808,6,,,0,115,,2809,6,,,0,110,,2805,6,,,0,149,,2812,6,,,0,115,,2813,6,,,0,100,,2814,6,,,0
1003101,'4332',833,,2820,6,,,0,105,,2826,6,,,0,105,,2815,6,,,0,111,,2816,6,,,0,150,,2817,6,,,0,110,,2819,6,,,0,115,,2824,6,,,0,115,,2822,6,,,0,109,,2821,6,,,0,150,,2818,6,,,0,115,,2823,6,,,0,100,,2825,6,,,0
1003101,'4480',657,,2785,6,,,0,70,,2786,6,,,0,31,,2787,6,,,0,72,,2788,6,,,0,73,,2789,6,,,0,103,,2790,6,,,0,108,,2791,6,,,0,110,,2792,6,,,0,110,,2793,6,,,0,116,,2794,6,,,0,100,,2795,6,,,0,78,,2796,6,,,0,75,,2797,6,,,0,34,,2798,6,,,0,72,,2799,6,,,0,91,,2800,6,,,0,50,,2801,6,,,0,163,,2802,6,,,0,109,,2803,6,,,0
