'3319',200,63200,4,'',0,8500,4,'',0,3500,4,'',0,6900,4,'',0,3200,4,'',0,7100,4,'',0,2700,4,'',0,7600,4,'',0,3200,4,'',0,7200,4,'',0,7300,4,'',0,3400,4,'',0,7200,4,'',0,3600,4,'',0,7600,4,'',0,3100,4,'',0,7500,4,'',0,7400,4,'',0,3500,4,'',0,7400,4,'',0,3200,4,'',0,7000,4,'',0,3200,4,'',0,7400,4,'',0,2700,4,'',0,6900,4,'',0,3600,4,'',0,6600,4,'',0,2400,4,'',0,7300,4,'',0,2900,4,'',0
'3319',201,60500,,'',0,3500,,'',0,6500,,'',0,3000,,'',0,7000,,'',0,2500,,'',0,7500,,'',0,3000,,'',0,7000,,'',0,3200,,'',0,7300,,'',0,3000,,'',0,7500,,'',0,3500,,'',0,7000,,'',0,3500,,'',0,7500,,'',0,7500,,'',0,3500,,'',0,7500,,'',0,3000,,'',0,7500,,'',0,3500,,'',0,6800,,'',0,3200,,'',0,7500,,'',0,7000,,'',0,2500,,'',0,7500,,'',0,3000,,'',0,9000,,'',0
'3505',200,64900,4,'',0,8300,4,'',0,8100,4,'',0,8800,4,'',0,4700,4,'',0,8700,4,'',0,8700,4,'',0,9400,4,'',0,8900,4,'',0,5300,4,'',0,9100,4,'',0,9100,4,'',0,9500,4,'',0,8400,4,'',0,9500,4,'',0,4000,4,'',0,8800,4,'',0,9000,4,'',0
'3505',201,62000,,'',0,8000,,'',0,4500,,'',0,8500,,'',0,8500,,'',0,8500,,'',0,5000,,'',0,8500,,'',0,9000,,'',0,9000,,'',0,9000,,'',0,9500,,'',0,5000,,'',0,9500,,'',0,8500,,'',0,9000,,'',0,8500,,'',0,4500,,'',0
'3628',200,60900,4,'',0,2100,4,'',0,7100,4,'',0,3400,4,'',0,7000,4,'',0,2100,4,'',0,2000,4,'',0,5800,4,'',0,1800,4,'',0,2100,4,'',0,6100,4,'',0,2000,4,'',0,1900,4,'',0,5800,4,'',0,2500,4,'',0,2300,4,'',0,6700,4,'',0,2500,4,'',0,6500,4,'',0,2500,4,'',0,2500,4,'',0,6600,4,'',0,3100,4,'',0,7100,4,'',0,2400,4,'',0,5800,4,'',0,1800,4,'',0,1900,4,'',0,5700,4,'',0,1700,4,'',0,1600,4,'',0,1800,4,'',0,6000,4,'',0,2000,4,'',0,1900,4,'',0,6000,4,'',0,1800,4,'',0,2100,4,'',0,6300,4,'',0,3000,4,'',0,6500,4,'',0,3200,4,'',0,6800,4,'',0,2800,4,'',0
'3628',201,51500,,'',0,3000,,'',0,7000,,'',0,2700,,'',0,1700,,'',0,5600,,'',0,1700,,'',0,1900,,'',0,6500,,'',0,2200,,'',0,2000,,'',0,5800,,'',0,1800,,'',0,2300,,'',0,6300,,'',0,2500,,'',0,6500,,'',0,2500,,'',0,6500,,'',0,2500,,'',0,2500,,'',0,6500,,'',0,2500,,'',0,6500,,'',0,1200,,'',0,1000,0,'Bourquin Exch Only',0,1400,,'',0,6200,,'',0,1700,,'',0,1800,,'',0,1900,,'',0,5900,,'',0,2000,,'',0,2000,,'',0,6500,,'',0,2000,,'',0,6000,,'',0,2200,,'',0,2300,,'',0,7200,,'',0,2800,,'',0,7400,,'',0,3000,,'',0,7000,,'',0,3000,,'',0,7000,,'',0
'3793',200,63700,4,'',0,7500,4,'',0,4000,4,'',0,8600,4,'',0,8500,4,'',0,7900,4,'',0,4100,4,'',0,9700,4,'',0,9000,4,'',0,8600,4,'',0,4000,4,'',0,8000,4,'',0,8000,4,'',0,4000,4,'',0,8000,4,'',0,7900,4,'',0,3900,4,'',0,8000,4,'',0,8000,4,'',0,3900,4,'',0,7900,4,'',0
'3793',201,60000,,'',0,4500,,'',0,8000,,'',0,7900,,'',0,4700,,'',0,8400,,'',0,8000,,'',0,4000,,'',0,7600,,'',0,8000,,'',0,3800,,'',0,7900,,'',0,8000,,'',0,4000,,'',0,8100,,'',0,8000,,'',0,4000,,'',0,8200,,'',0,8000,,'',0,4300,,'',0,8000,,'',0,8000,,'',0
'3794',200,60400,4,'',0,3600,4,'',0,7100,4,'',0,3000,4,'',0,6500,4,'',0,1700,4,'',0,1700,4,'',0,1600,4,'',0,5300,4,'',0,2000,4,'',0,2000,4,'',0,6200,4,'',0,2200,4,'',0,2400,4,'',0,6200,4,'',0,2200,4,'',0,6200,4,'',0,2300,4,'',0,2300,4,'',0,6200,4,'',0,2200,4,'',0,2500,4,'',0,6500,4,'',0,2700,4,'',0,7000,4,'',0,1700,4,'',0,1700,4,'',0,5400,4,'',0,1700,4,'',0,1400,4,'',0,1400,4,'',0,5500,4,'',0,1400,4,'',0,1400,4,'',0,1400,4,'',0,5400,4,'',0,1300,4,'',0,1900,4,'',0,2100,4,'',0,5600,4,'',0,2000,4,'',0,2000,4,'',0,7500,4,'',0,7400,4,'',0,3500,4,'',0,7300,4,'',0,3400,4,'',0
'3794',201,50000,,'',0,3500,,'',0,8000,,'',0,3500,,'',0,5600,,'',0,1500,,'',0,1400,,'',0,1500,,'',0,5800,,'',0,1500,,'',0,1700,,'',0,6100,,'',0,2100,,'',0,2000,,'',0,6000,,'',0,2200,,'',0,2200,,'',0,6400,,'',0,2200,,'',0,2200,,'',0,6200,,'',0,2300,,'',0,6200,,'',0,2300,,'',0,2200,,'',0,5500,,'',0,1400,,'',0,1800,0,'Bourquin Exch Only',0,300,,'',0,1500,,'',0,5600,,'',0,1500,,'',0,1400,,'',0,1600,,'',0,5500,,'',0,1500,,'',0,1500,,'',0,1500,,'',0,5500,,'',0,2000,,'',0,2000,,'',0,5500,,'',0,1500,,'',0,3000,,'',0,7600,,'',0,7800,,'',0,3800,,'',0,7400,,'',0,3600,,'',0,7400,,'',0
'3798',200,63800,4,'',0,7500,4,'',0,3500,4,'',0,7300,4,'',0,3500,4,'',0,7100,4,'',0,7800,4,'',0,4000,4,'',0,8000,4,'',0,2700,4,'',0,7100,4,'',0,3000,4,'',0,7100,4,'',0,3000,4,'',0,7000,4,'',0,3000,4,'',0,7000,4,'',0,2900,4,'',0,6900,4,'',0,3000,4,'',0,7000,4,'',0,2900,4,'',0,7000,4,'',0,2400,4,'',0,6900,4,'',0,3300,4,'',0,7500,4,'',0,7900,4,'',0,3500,4,'',0,7400,4,'',0,3400,4,'',0
'3798',201,54500,,'',0,7500,,'',0,3000,,'',0,7500,,'',0,7500,,'',0,3300,,'',0,7500,,'',0,3300,,'',0,7600,,'',0,2600,,'',0,6900,,'',0,2900,,'',0,6900,,'',0,2800,,'',0,6900,,'',0,3000,,'',0,7000,,'',0,3000,,'',0,7000,,'',0,3100,,'',0,7000,,'',0,2700,,'',0,7100,,'',0,3000,,'',0,7500,,'',0,3700,,'',0,7800,,'',0,7400,,'',0,3700,,'',0,7500,,'',0,3600,,'',0,7500,,'',0
