100,120002,1,0
100,107107,2,0
100,107108,3,0
100,107109,4,0
100,107110,5,0
100,107111,6,0
100,107112,7,0
100,107113,8,0
100,120047,9,0
100,107115,10,0
100,107116,11,0
100,107117,12,0
100,107118,13,0
100,107119,14,0
100,107120,15,0
100,107012,16,0
100,107013,17,0
100,107014,18,0
100,107015,19,0
100,107016,20,0
100,107017,21,0
100,107018,22,0
100,107019,23,0
100,108262,24,0
100,107021,25,0
100,107022,26,0
100,107199,27,0
100,107192,28,0
100,107193,29,0
100,107194,30,0
100,107079,31,0
100,120073,32,0
100,107130,33,0
100,107131,34,0
100,107132,35,0
100,107185,36,0
100,107186,37,0
100,107187,38,0
100,107188,39,0
100,107189,40,0
100,107190,41,1
101,107190,1,0
101,107195,2,0
101,107196,3,0
101,107197,4,0
101,120024,5,0
101,107198,6,0
101,107154,7,0
101,107155,8,0
101,107156,9,0
101,107157,10,0
101,120072,11,0
101,107200,12,0
101,107201,13,0
101,107202,14,0
101,107203,15,0
101,107191,16,0
101,107085,17,0
101,107499,18,0
101,107087,19,0
101,107088,20,0
101,107089,21,0
101,107090,22,0
101,107091,23,0
101,107092,24,0
101,107093,25,0
101,107167,26,0
101,107168,27,0
101,107169,28,0
101,107170,29,0
101,107171,30,0
101,107172,31,0
101,120048,32,0
101,120046,33,0
101,120002,34,1
200,120002,1,0
200,107107,2,0
200,107110,3,0
200,107111,4,0
200,105721,5,0
200,105731,6,0
200,120049,7,0
200,120042,8,0
200,120045,9,0
200,120038,10,0
200,120039,11,0
200,120040,12,0
200,107005,13,0
200,107006,14,0
200,107007,15,0
200,107008,16,0
200,107009,17,0
200,107010,18,0
200,107011,19,0
200,120023,20,0
200,107012,21,0
200,107013,22,0
200,107014,23,0
200,107015,24,0
200,107016,25,0
200,107017,26,0
200,107018,27,0
200,107019,28,0
200,108262,29,0
200,107021,30,0
200,107022,31,0
200,107023,32,0
200,107024,33,0
200,107025,34,0
200,107026,35,0
200,107027,36,0
200,120072,37,0
200,107030,38,0
200,107031,39,0
200,107032,40,0
200,107033,41,0
200,107034,42,0
200,107035,43,0
200,120043,44,1
201,120043,1,0
201,107350,2,0
201,107070,3,0
201,107071,4,0
201,107072,5,0
201,107073,6,0
201,107074,7,0
201,107075,8,0
201,107076,9,0
201,107077,10,0
201,107078,11,0
201,107079,12,0
201,120073,13,0
201,107257,14,0
201,107081,15,0
201,107082,16,0
201,107083,17,0
201,107084,18,0
201,107085,19,0
201,107500,20,0
201,107087,21,0
201,107088,22,0
201,107089,23,0
201,107090,24,0
201,107091,25,0
201,107092,26,0
201,107093,27,0
201,107094,28,0
201,107095,29,0
201,107096,30,0
201,107097,31,0
201,107098,32,0
201,120041,33,0
201,107099,34,0
201,107100,35,0
201,107101,36,0
201,107102,37,0
201,120037,38,0
201,107001,39,0
201,120044,40,0
201,105722,41,0
201,120033,42,0
201,120034,43,0
201,120035,44,0
201,120046,45,0
201,120002,46,1
300,107214,1,0
300,107175,2,0
300,107176,3,0
300,107177,4,0
300,107211,5,0
300,107094,6,0
300,107178,7,0
300,107179,8,0
300,107180,9,0
300,107181,10,0
300,107182,11,0
300,107183,12,0
300,107184,13,0
300,107165,14,0
300,107166,15,0
300,108262,16,0
300,107122,17,0
300,107123,18,0
300,107124,19,0
300,107125,20,0
300,107126,21,0
300,107127,22,0
300,107128,23,0
300,107129,24,0
300,107079,25,0
300,120073,26,0
300,107130,27,0
300,107131,28,0
300,107132,29,0
300,107133,30,0
300,107134,31,0
300,107135,32,0
300,107136,33,0
300,107137,34,0
300,107138,35,0
300,107139,36,0
300,107146,37,0
300,107142,38,0
300,107143,39,0
300,107144,40,0
300,107145,41,0
300,107141,42,0
300,107140,43,1
301,107140,1,0
301,107147,2,0
301,107148,3,0
301,107149,4,0
301,107150,5,0
301,107151,6,0
301,120075,7,0
301,107153,8,0
301,107154,9,0
301,107155,10,0
301,107156,11,0
301,107157,12,0
301,120072,13,0
301,107158,14,0
301,107159,15,0
301,107160,16,0
301,107161,17,0
301,107162,18,0
301,107163,19,0
301,107164,20,0
301,107165,21,0
301,107166,22,0
301,107500,23,0
301,107122,24,0
301,107123,25,0
301,107204,26,0
301,107205,27,0
301,107206,28,0
301,107207,29,0
301,107208,30,0
301,107209,31,0
301,120078,32,0
301,107210,33,0
301,107011,34,0
301,120023,35,0
301,107121,36,0
301,107213,37,0
301,107214,38,1
400,120071,1,0
400,107234,2,0
400,107235,3,0
400,107236,4,0
400,107481,5,0
400,120074,6,0
400,107483,7,0
400,107237,8,0
400,107238,9,0
400,107239,10,0
400,107240,11,0
400,107241,12,0
400,107242,13,0
400,107243,14,0
400,107244,15,0
400,107245,16,0
400,107246,17,0
400,107247,18,0
400,107248,19,0
400,107249,20,0
400,107250,21,0
400,107251,22,0
400,107252,23,0
400,107253,24,0
400,107254,25,0
400,107079,26,0
400,120073,27,0
400,107257,28,0
400,107081,29,0
400,107082,30,0
400,107083,31,0
400,107084,32,0
400,107085,33,0
400,107499,34,1
400,120072,35,1
401,108262,1,0
401,107021,2,0
401,107022,3,0
401,107023,4,0
401,107024,5,0
401,107025,6,0
401,107026,7,0
401,107027,8,0
401,120072,9,0
401,107158,10,0
401,107215,11,0
401,107216,12,0
401,107217,13,0
401,107218,14,0
401,107219,15,0
401,107220,16,0
401,107221,17,0
401,107222,18,0
401,107223,19,0
401,107224,20,0
401,107225,21,0
401,107226,22,0
401,107227,23,0
401,107228,24,0
401,107229,25,0
401,107230,26,0
401,107231,27,0
401,107232,28,0
401,120071,29,1
500,107214,1,0
500,107175,2,0
500,107176,3,0
500,107177,4,0
500,107121,5,0
500,107279,6,0
500,107280,7,0
500,120068,8,0
500,107282,9,0
500,107283,10,0
500,107284,11,0
500,107285,12,0
500,107286,13,0
500,107287,14,0
500,107083,15,0
500,107084,16,0
500,107085,17,0
500,107499,18,1
501,108262,1,0
501,107021,2,0
501,107022,3,0
501,107023,4,0
501,107024,5,0
501,107258,6,0
501,107259,7,0
501,107260,8,0
501,107261,9,0
501,107262,10,0
501,107263,11,0
501,107264,12,0
501,107265,13,0
501,120069,14,0
501,107267,15,0
501,107268,16,0
501,107270,17,0
501,107271,18,0
501,107272,19,0
501,107213,20,0
501,107214,21,1
601,107500,1,0
601,107122,2,0
601,107123,3,0
601,107124,4,0
601,107125,5,0
601,107126,6,0
601,107288,7,0
601,107289,8,0
601,107290,9,0
601,107291,10,0
601,107292,11,0
601,107293,12,0
601,107294,13,0
601,107295,14,0
601,107296,15,0
601,107297,16,0
601,107298,17,0
601,107299,18,0
601,107300,19,0
601,107301,20,0
601,107302,21,0
601,107303,22,0
601,107304,23,0
601,107305,24,0
601,107306,25,0
601,107307,26,0
601,107308,27,0
601,107309,28,0
601,107208,29,0
601,107209,30,0
601,120078,31,0
601,107210,32,0
601,107011,33,0
601,120023,34,0
601,107273,35,0
601,107274,36,0
601,107277,37,0
601,107278,38,0
601,107310,39,0
601,107311,40,0
601,107312,41,0
601,107313,42,0
601,107314,43,0
601,107315,44,0
601,107316,45,0
601,107317,46,0
601,107018,47,0
601,107019,48,0
601,107020,49,1
700,108262,1,0
700,107021,2,0
700,107022,3,0
700,107199,4,0
700,107192,5,0
700,107193,6,0
700,107194,7,0
700,120072,8,0
700,107318,9,0
700,107319,10,0
700,107320,11,0
700,107136,12,0
700,107137,13,0
700,107321,14,0
700,107322,15,0
700,120070,16,0
700,107324,17,0
700,107325,18,0
700,107326,19,0
700,107327,20,0
700,107328,21,0
700,107329,22,0
700,107330,23,0
700,107331,24,0
700,107332,25,0
700,107333,26,0
700,107334,27,0
700,107335,28,0
700,107336,29,0
700,120061,30,1
700,107337,31,1
701,120061,1,0
701,107337,2,0
701,107338,3,0
701,107339,4,0
701,107340,5,0
701,107341,6,0
701,107342,7,0
701,107343,8,0
701,107344,9,0
701,107345,10,0
701,107346,11,0
701,107347,12,0
701,107348,13,0
701,107349,14,0
701,107350,15,0
701,107351,16,0
701,107352,17,0
701,107493,18,0
701,107494,19,0
701,107495,20,0
701,107496,21,0
701,120081,22,0
701,107353,23,0
701,107354,24,0
701,107355,25,0
701,107356,26,0
701,107357,27,0
701,107149,28,0
701,107150,29,0
701,120022,30,0
701,107393,31,0
701,107392,32,0
701,120073,33,0
701,120072,34,1
701,107201,35,0
701,107202,36,0
701,107203,37,0
701,107191,38,0
701,107085,39,0
701,107499,40,1
900,108262,1,0
900,107021,2,0
900,107022,3,0
900,107023,4,0
900,107024,5,0
900,107025,6,0
900,107026,7,0
900,107027,8,0
900,120072,9,0
900,107030,10,0
900,107031,11,0
900,107032,12,0
900,107033,13,0
900,107034,14,0
900,107035,15,0
900,107036,16,0
900,107037,17,0
900,107038,18,0
900,107039,19,0
900,107040,20,0
900,107041,21,0
900,107042,22,0
900,107043,23,0
900,107044,24,0
900,107045,25,0
900,107046,26,0
900,107047,27,0
900,107048,28,0
900,107049,29,0
900,107050,30,0
900,107051,31,0
900,107052,32,0
900,107053,33,1
901,107053,1,0
901,107054,2,0
901,107055,3,0
901,107056,4,0
901,107057,5,0
901,107058,6,0
901,107059,7,0
901,107060,8,0
901,107061,9,0
901,107063,10,0
901,107064,11,0
901,107065,12,0
901,107066,13,0
901,107067,14,0
901,107068,15,0
901,107069,16,0
901,107070,17,0
901,107071,18,0
901,107072,19,0
901,107073,20,0
901,107074,21,0
901,107075,22,0
901,107076,23,0
901,107077,24,0
901,107078,25,0
901,107079,26,0
901,120073,27,0
901,107257,28,0
901,107081,29,0
901,107082,30,0
901,107083,31,0
901,107084,32,0
901,107085,33,0
901,107499,34,1
901,120072,35,1
1200,107190,1,0
1200,107195,2,0
1200,107196,3,0
1200,107197,4,0
1200,107364,5,0
1200,107365,6,0
1200,107366,7,0
1200,107367,8,0
1200,107368,9,0
1200,107369,10,0
1200,107370,11,0
1200,120024,12,0
1200,107198,13,0
1200,107371,14,0
1200,107372,15,0
1200,107373,16,0
1200,107286,17,0
1200,107287,18,0
1200,107083,19,0
1200,107084,20,0
1200,107085,21,0
1200,107499,22,1
1201,108262,1,0
1201,107021,2,0
1201,107022,3,0
1201,107023,4,0
1201,107024,5,0
1201,107258,6,0
1201,107259,7,0
1201,107358,8,0
1201,107359,9,0
1201,107360,10,0
1201,107361,11,0
1201,107363,12,0
1201,107186,13,0
1201,107187,14,0
1201,107188,15,0
1201,107189,16,0
1201,107190,17,1
1500,107385,1,0
1500,107386,2,0
1500,107387,3,0
1500,107388,4,0
1500,120028,5,0
1500,107389,6,0
1500,107377,7,0
1500,107390,8,0
1500,107062,9,0
1500,107056,10,0
1500,107057,11,0
1500,120016,12,0
1500,107375,13,0
1500,107391,14,0
1500,107249,15,0
1500,107250,16,0
1500,107251,17,0
1500,107252,18,0
1500,107253,19,0
1500,107254,20,0
1500,107079,21,0
1500,120073,22,1
1500,120072,23,1
1501,120073,1,0
1501,107158,2,0
1501,107215,3,0
1501,107216,4,0
1501,107217,5,0
1501,107218,6,0
1501,107219,7,0
1501,107220,8,0
1501,107221,9,0
1501,107374,10,0
1501,120006,11,0
1501,105727,12,0
1501,107061,13,0
1501,107045,14,0
1501,107046,15,0
1501,107047,16,0
1501,107378,17,0
1501,107379,18,0
1501,120027,19,0
1501,120026,20,0
1501,107380,21,0
1501,107381,22,0
1501,107382,23,0
1501,107383,24,0
1501,107384,25,0
1501,107385,26,1
1600,120072,1,0
1600,107318,2,0
1600,107319,3,0
1600,107320,4,0
1600,107136,5,0
1600,107137,6,0
1600,107321,7,0
1600,107394,8,0
1600,107395,9,0
1600,107396,10,0
1600,107397,11,0
1600,107398,12,0
1600,107399,13,0
1600,107331,14,0
1600,107332,15,0
1600,107333,16,0
1600,107334,17,0
1600,107335,18,0
1600,107400,19,1
1601,107400,1,0
1601,107401,2,0
1601,107402,3,0
1601,107403,4,0
1601,107404,5,0
1601,107348,6,0
1601,107349,7,0
1601,107350,8,0
1601,107351,9,0
1601,107352,10,0
1601,107353,11,0
1601,107354,12,0
1601,107355,13,0
1601,107356,14,0
1601,107405,15,0
1601,107406,16,0
1601,107407,17,0
1601,120011,18,0
1601,107078,19,0
1601,107079,20,0
1601,120073,21,1
1700,107417,1,0
1700,107418,2,0
1700,107419,3,0
1700,107420,4,0
1700,107421,5,0
1700,107422,6,0
1700,107423,7,0
1700,107424,8,0
1700,107412,9,0
1700,107413,10,0
1700,107414,11,0
1700,107415,12,0
1700,107425,13,0
1700,107426,14,0
1700,107276,15,0
1700,107175,16,0
1700,107176,17,0
1700,107177,18,0
1700,107012,19,0
1700,107013,20,0
1700,107014,21,0
1700,107015,22,0
1700,107016,23,0
1700,107017,24,0
1700,107018,25,0
1700,107019,26,0
1700,107020,27,1
1701,107501,1,0
1701,107087,2,0
1701,107088,3,0
1701,107089,4,0
1701,107090,5,0
1701,107091,6,0
1701,107408,7,0
1701,107273,8,0
1701,107274,9,0
1701,107275,10,0
1701,107409,11,0
1701,107410,12,0
1701,107411,13,0
1701,107416,14,0
1701,107417,15,1
2100,107746,1,0
2100,107747,2,0
2100,107740,3,0
2100,107438,4,0
2100,107440,5,0
2100,107441,6,0
2100,107442,7,0
2100,107443,8,0
2100,107444,9,0
2100,107445,10,0
2100,107446,11,0
2100,107447,12,0
2100,107448,13,0
2100,107449,14,0
2100,107450,15,0
2100,107451,16,0
2100,107452,17,0
2100,107453,18,0
2100,107454,19,0
2100,107455,20,0
2100,107456,21,0
2100,107414,22,0
2100,107415,23,0
2100,107425,24,0
2100,107426,25,0
2100,107276,26,0
2100,107175,27,0
2100,107176,28,0
2100,107177,29,0
2100,107012,30,0
2100,107013,31,0
2100,107014,32,0
2100,107015,33,0
2100,107016,34,0
2100,107017,35,0
2100,107018,36,0
2100,107019,37,0
2100,107020,38,1
2101,107499,1,0
2101,107087,2,0
2101,107088,3,0
2101,107089,4,0
2101,107090,5,0
2101,107091,6,0
2101,107408,7,0
2101,107273,8,0
2101,107274,9,0
2101,107275,10,0
2101,107409,11,0
2101,107410,12,0
2101,107427,13,0
2101,107498,14,0
2101,107457,15,0
2101,107458,16,0
2101,107451,17,0
2101,107452,18,0
2101,107453,19,0
2101,107454,20,0
2101,107428,21,0
2101,107429,22,0
2101,107430,23,0
2101,107431,24,0
2101,107432,25,0
2101,107433,26,0
2101,107434,27,0
2101,107435,28,0
2101,107436,29,0
2101,107437,30,0
2101,107740,31,0
2101,107742,32,0
2101,107744,33,0
2101,107746,34,1
2201,107501,1,0
2201,107087,2,0
2201,107088,3,0
2201,107089,4,0
2201,107090,5,0
2201,105733,6,0
2201,105738,7,0
2201,105725,8,0
2201,107097,9,0
2201,105724,10,0
2201,105723,11,0
2201,105730,12,0
2201,105731,13,0
2201,120049,14,0
2201,120012,15,0
2201,105736,16,0
2201,107116,17,0
2201,107117,18,0
2201,107118,19,0
2201,107119,20,0
2201,107094,21,0
2201,107095,22,0
2201,107096,23,0
2201,107308,24,0
2201,107309,25,0
2201,105734,26,0
2201,105735,27,0
2201,107015,28,0
2201,107016,29,0
2201,107017,30,0
2201,107018,31,0
2201,107019,32,0
2201,107020,33,1
2400,107500,1,0
2400,107021,2,0
2400,107022,3,0
2400,107023,4,0
2400,107024,5,0
2400,120018,6,0
2400,107213,7,0
2400,107214,8,0
2400,107175,9,0
2400,107176,10,0
2400,107177,11,0
2400,107012,12,0
2400,107013,13,0
2400,107014,14,0
2400,105733,15,0
2400,105738,16,0
2400,105737,17,0
2400,105739,18,0
2400,105729,19,0
2400,107162,20,0
2400,107163,21,0
2400,107164,22,0
2400,107165,23,0
2400,107166,24,0
2400,107499,25,1
2401,107500,1,0
2401,107122,2,0
2401,107123,3,0
2401,107124,4,0
2401,107125,5,0
2401,107126,6,0
2401,107288,7,0
2401,107289,8,0
2401,107290,9,0
2401,107291,10,0
2401,107292,11,0
2401,107293,12,0
2401,107294,13,0
2401,107295,14,0
2401,107296,15,0
2401,107297,16,0
2401,107298,17,0
2401,107299,18,0
2401,107300,19,0
2401,107301,20,0
2401,107302,21,0
2401,107303,22,0
2401,107304,23,0
2401,107305,24,0
2401,107306,25,0
2401,107307,26,0
2401,107308,27,0
2401,107309,28,0
2401,105734,29,0
2401,105735,30,0
2401,107091,31,0
2401,107408,32,0
2401,107273,33,0
2401,107274,34,0
2401,107277,35,0
2401,107278,36,0
2401,107310,37,0
2401,107311,38,0
2401,107312,39,0
2401,105732,40,0
2401,120032,41,0
2401,107083,42,0
2401,107084,43,0
2401,107085,44,0
2401,107499,45,1
2600,105726,1,0
2600,107481,2,0
2600,120074,3,0
2600,107247,4,0
2600,107248,5,0
2600,107374,6,0
2600,120006,7,0
2600,105727,8,0
2600,120017,9,0
2600,107390,10,0
2600,107063,11,0
2600,107064,12,0
2600,107065,13,0
2600,107066,14,0
2600,107067,15,0
2600,107068,16,0
2600,107069,17,0
2600,107070,18,0
2600,107071,19,0
2600,107072,20,0
2600,107073,21,0
2600,107074,22,0
2600,107075,23,0
2600,107076,24,0
2600,107077,25,0
2600,107078,26,0
2600,107079,27,0
2600,120073,28,0
2600,107257,29,0
2600,107081,30,0
2600,107082,31,0
2600,107083,32,0
2600,107084,33,0
2600,107085,34,0
2600,107499,35,1
2601,108262,1,0
2601,107021,2,0
2601,107022,3,0
2601,107023,4,0
2601,107024,5,0
2601,107025,6,0
2601,107026,7,0
2601,107027,8,0
2601,120072,9,0
2601,107030,10,0
2601,107031,11,0
2601,107032,12,0
2601,107033,13,0
2601,107034,14,0
2601,107035,15,0
2601,107036,16,0
2601,107037,17,0
2601,107038,18,0
2601,107039,19,0
2601,107040,20,0
2601,107041,21,0
2601,107042,22,0
2601,107043,23,0
2601,107044,24,0
2601,107045,25,0
2601,107046,26,0
2601,107047,27,0
2601,107048,28,0
2601,107049,29,0
2601,107050,30,0
2601,107051,31,0
2601,107052,32,0
2601,107053,33,0
2601,107054,34,0
2601,107055,35,0
2601,107056,36,0
2601,107057,37,0
2601,120016,38,0
2601,107375,39,0
2601,107391,40,0
2601,107222,41,0
2601,107223,42,0
2601,107228,43,0
2601,105726,44,1
3100,107501,1,0
3100,107122,2,0
3100,107123,3,0
3100,107124,4,0
3100,107125,5,0
3100,107126,6,0
3100,107127,7,0
3100,107128,8,0
3100,107129,9,0
3100,107215,10,0
3100,107485,11,0
3100,107486,12,0
3100,107490,13,0
3100,107491,14,0
3100,107492,15,0
3100,120013,16,0
3100,107754,17,0
3100,107755,18,0
3100,107756,19,0
3100,107751,20,0
3100,120063,21,1
3100,120064,22,1
3101,120064,1,0
3101,107756,2,0
3101,107751,3,0
3101,107752,4,0
3101,120007,5,0
3101,107754,6,0
3101,107487,7,0
3101,107488,8,0
3101,107489,9,0
3101,120014,10,0
3101,107256,11,0
3101,107255,12,0
3101,107254,13,0
3101,107159,14,0
3101,107160,15,0
3101,107161,16,0
3101,107162,17,0
3101,107163,18,0
3101,107164,19,0
3101,107165,20,0
3101,107166,21,0
3101,107020,22,1
3200,107773,1,0
3200,107774,2,0
3200,107775,3,0
3200,107776,4,0
3200,107777,5,0
3200,107778,6,0
3200,107779,7,0
3200,107870,8,0
3200,107871,9,0
3200,107755,10,0
3200,107756,11,0
3200,107751,12,0
3200,120063,13,1
3200,120064,14,1
3201,120064,1,0
3201,107756,2,0
3201,107751,3,0
3201,107752,4,0
3201,120007,5,0
3201,107758,6,0
3201,107759,7,0
3201,107880,8,0
3201,107761,9,0
3201,107762,10,0
3201,107763,11,0
3201,107764,12,0
3201,107765,13,0
3201,107766,14,0
3201,107767,15,0
3201,107768,16,0
3201,107769,17,0
3201,107770,18,0
3201,107771,19,0
3201,107772,20,0
3201,107773,21,1
3300,120050,1,0
3300,107800,2,0
3300,107801,3,0
3300,107802,4,0
3300,107803,5,0
3300,107804,6,0
3300,107805,7,0
3300,107806,8,0
3300,107807,9,0
3300,120077,10,0
3300,107755,11,0
3300,107756,12,0
3300,107751,13,0
3300,120063,14,1
3300,120064,15,1
3301,120063,1,0
3301,107751,2,0
3301,107756,3,0
3301,107819,4,0
3301,107786,5,0
3301,107787,6,0
3301,107883,7,0
3301,107788,8,0
3301,107789,9,0
3301,107790,10,0
3301,107791,11,0
3301,107792,12,0
3301,107793,13,0
3301,107794,14,0
3301,107795,15,0
3301,107796,16,0
3301,107797,17,0
3301,107798,18,0
3301,120050,19,1
3400,107834,1,0
3400,120079,2,0
3400,107835,3,0
3400,107836,4,0
3400,120058,5,0
3400,107838,6,0
3400,107839,7,0
3400,107840,8,0
3400,107841,9,0
3400,107842,10,0
3400,107843,11,0
3400,107844,12,0
3400,107845,13,0
3400,107846,14,0
3400,107787,15,0
3400,107883,16,0
3400,107847,17,0
3400,107756,18,0
3400,107751,19,0
3400,120063,20,1
3400,107819,21,1
3400,120064,22,1
3401,120063,1,0
3401,107751,2,0
3401,107756,3,0
3401,107819,4,0
3401,107820,5,0
3401,107884,6,0
3401,107822,7,0
3401,107823,8,0
3401,107824,9,0
3401,107825,10,0
3401,120055,11,0
3401,107826,12,0
3401,107827,13,0
3401,107828,14,0
3401,107829,15,0
3401,107794,16,0
3401,107830,17,0
3401,107831,18,0
3401,107832,19,0
3401,107833,20,0
3401,120079,21,1
3401,107834,22,1
3500,107855,1,0
3500,107856,2,0
3500,107857,3,0
3500,107751,4,0
3500,120063,5,1
3501,120063,1,0
3501,107756,2,0
3501,120059,3,0
3501,107855,4,1
3900,120063,1,0
3900,107751,2,0
3900,107752,3,0
3900,107756,4,0
3900,120031,5,0
3900,120062,6,0
3900,107783,7,0
3900,120007,8,0
3900,120067,9,0
3900,107870,10,0
3900,107871,11,0
3900,120056,12,0
3900,107781,13,0
3900,107759,14,0
3900,107880,15,0
3900,107761,16,0
3900,107762,17,0
3900,107763,18,0
3900,107764,19,0
3900,107765,20,0
3900,107766,21,0
3900,107850,22,0
3900,107851,23,0
3900,120080,24,0
3900,107859,25,0
3900,107849,26,0
3900,107788,27,0
3900,107789,28,0
3900,120082,29,0
3900,120057,30,0
3900,107817,31,0
3900,107877,32,0
3900,107861,33,0
3900,107818,34,0
