301,'4729',555,,493,23,,,0,83,,494,23,,,0,76,,495,23,,,0,32,,496,23,,,0,76,,497,23,,,0,35,,498,23,,,0,74,,499,23,,,0,76,,500,23,,,0,35,,492,23,,,0,75,,501,23,,,0,36,,502,23,,,0,75,,503,23,,,0,75,,504,23,,,0,36,,505,23,,,0,75,,506,23,,,0,41,,507,23,,,0,75,,508,23,,,0,73,,509,23,,,0,40,,510,23,,,0,75,,511,23,,,0,34,,512,23,,,0,74,,513,23,,,0,75,,514,23,,,0,33,,515,23,,,0,75,,516,23,,,0,30,,517,23,,,0,100,,518,23,,,0,99,,519,23,,,0
301,'4739',557,,546,23,,,0,95,,545,23,,,0,92,,544,23,,,0,100,,547,23,,,0,92,,521,23,,,0,71,,522,23,,,0,40,,523,23,,,0,76,,524,23,,,0,30,,525,23,,,0,75,,526,23,,,0,75,,527,23,,,0,35,,528,23,,,0,80,,529,23,,,0,36,,530,23,,,0,75,,531,23,,,0,80,,532,23,,,0,35,,533,23,,,0,69,,534,23,,,0,35,,535,23,,,0,75,,536,23,,,0,34,,537,23,,,0,84,,538,23,,,0,75,,539,23,,,0,35,,540,23,,,0,88,,541,23,,,0,100,,542,23,,,0
301,'4958',622,,551,23,,,0,101,,552,23,,,0,96,,553,23,,,0,91,,563,23,,,0,96,,549,23,,,0,50,,554,23,,,0,101,,555,23,,,0,95,,556,23,,,0,101,,557,23,,,0,101,,558,23,,,0,100,,559,23,,,0,99,,560,23,,,0,104,,561,23,,,0,96,,562,23,,,0,93,,548,23,,,0
2400,'4729',1511,,989,20,0,15 16 11 12,0
3101,'4729',643,,1022,14,,,0,83,,1023,14,,,0,31,,1025,14,,,0,73,,1026,14,,,0,72,,1024,14,,,0,46,,1028,14,,,0,106,,1029,14,,,0,151,,1030,14,,,0,110,,1027,14,,,0,116,,1031,14,,,0,117,,1032,14,,,0,79,,1034,14,,,0,75,,1035,14,,,0,36,,1036,14,,,0,72,,1033,14,,,0,30,,1037,14,,,0,18,,1038,14,,,0
3101,'4739',815,,1042,14,,,0,104,,1041,14,,,0,103,,1039,14,,,0,112,,1046,14,,,0,110,,1047,14,,,0,110,,1040,14,,,0,156,,1045,14,,,0,115,,1043,14,,,0,109,,1044,14,,,0,108,,1048,14,,,0
3101,'4958',816,,1055,14,,,0,208,,1052,14,,,0,220,,1049,14,,,0,110,,1053,14,,,0,154,,1051,14,,,0,115,,1054,14,,,0,109,,1050,14,,,0
1003101,'4729',713,,1370,17,,,0,31,,1371,17,,,0,73,,1372,17,,,0,32,,1373,17,,,0,72,,1374,17,,,0,101,,1375,17,,,0,110,,1376,17,,,0,110,,1377,17,,,0,110,,1378,17,,,0,158,,1379,17,,,0,100,,1380,17,,,0,38,,1381,17,,,0,74,,1382,17,,,0,34,,1383,17,,,0,70,,1384,17,,,0,91,,1385,17,,,0,90,,1386,17,,,0,121,,1387,17,,,0,109,,1388,17,,,0
1003101,'4739',849,,1394,17,,,0,105,,1400,17,,,0,146,,1389,17,,,0,111,,1390,17,,,0,110,,1391,17,,,0,111,,1393,17,,,0,115,,1398,17,,,0,154,,1396,17,,,0,109,,1395,17,,,0,109,,1392,17,,,0,115,,1397,17,,,0,100,,1399,17,,,0
1003101,'4958',921,,1408,17,,,0,214,,1407,17,,,0,75,,1401,17,,,0,110,,1403,17,,,0,110,,1404,17,,,0,114,,1405,17,,,0,115,,1406,17,,,0,150,,1402,17,,,0,109,,1409,17,,,0,115,,1410,17,,,0,99,,1411,17,,,0
