201,'4944',548,,392,,,0,71,,393,,,0,28,,394,,,0,75,,395,,,0,35,,396,,,0,74,,391,,,0,71,,397,,,0,33,,398,,,0,77,,399,,,0,30,,400,,,0,70,,401,,,0,28,,402,,,0,69,,403,,,0,28,,404,,,0,69,,405,,,0,29,,406,,,0,70,,407,,,0,30,,408,,,0,70,,409,,,0,31,,410,,,0,70,,411,,,0,27,,412,,,0,70,,413,,,0,30,,414,,,0,76,,415,,,0,37,,416,,,0,77,,417,,,0,36,,418,,,0,77,,419,,,0,75,,420,,,0,35,,421,,,0,76,,422,,,0
201,'4946',604,,316,,,0,40,,317,,,0,79,,318,,,0,80,,319,,,0,46,,320,,,0,85,,321,,,0,79,,322,,,0,41,,323,,,0,77,,336,,,0,80,,324,,,0,39,,325,,,0,78,,326,,,0,80,,327,,,0,40,,328,,,0,80,,329,,,0,80,,330,,,0,40,,331,,,0,82,,333,,,0,79,,332,,,0,40,,334,,,0,80,,335,,,0,85,,338,,,0,99,,337,,,0
201,'4955',500,,1731,,,0,35,,1732,,,0,80,,1733,,,0,34,,1734,,,0,57,,1735,,,0,14,,1736,,,0,14,,1737,,,0,15,,1738,,,0,59,,1739,,,0,18,,1740,,,0,18,,1741,,,0,60,,1742,,,0,17,,1743,,,0,20,,1744,,,0,60,,1745,,,0,21,,1746,,,0,23,,1747,,,0,65,,1748,,,0,21,,1749,,,0,22,,1750,,,0,62,,1751,,,0,23,,1752,,,0,62,,1753,,,0,23,,1754,,,0,20,,1755,,,0,62,,1756,,,0,10,,1757,,,0,19,,1758,0,9 10 19,0,2,,1759,,,0,16,,1760,,,0,55,,1761,,,0,19,,1762,,,0,14,,1763,,,0,14,,1765,,,0,53,,1764,,,0,14,,1766,,,0,15,,1767,,,0,16,,1768,,,0,56,,1769,,,0,23,,1770,,,0,21,,1771,,,0,65,,1772,,,0,24,,1780,,,0,65,,1773,,,0,25,,1774,,,0,25,,1775,,,0,67,,1781,,,0,24,,1776,,,0,69,,1777,,,0,33,,1778,,,0,74,,1779,,,0
201,'4957',548,,1784,,,0,71,,1785,,,0,28,,1786,,,0,75,,1787,,,0,35,,1788,,,0,74,,1783,,,0,71,,1789,,,0,33,,1790,,,0,77,,1791,,,0,30,,1792,,,0,70,,1793,,,0,28,,1794,,,0,69,,1795,,,0,28,,1796,,,0,69,,1797,,,0,29,,1798,,,0,70,,1799,,,0,30,,1800,,,0,70,,1801,,,0,31,,1802,,,0,70,,1803,,,0,27,,1804,,,0,70,,1805,,,0,30,,1806,,,0,76,,1807,,,0,37,,1808,,,0,77,,1809,,,0,36,,1810,,,0,77,,1811,,,0,75,,1812,,,0,35,,1813,,,0,76,,1814,,,0
201,'4958',604,,1815,,,0,40,,1816,,,0,79,,1817,,,0,80,,1818,,,0,46,,1819,,,0,85,,1820,,,0,79,,1821,,,0,41,,1822,,,0,77,,1835,,,0,80,,1823,,,0,39,,1824,,,0,78,,1825,,,0,80,,1826,,,0,40,,1827,,,0,80,,1828,,,0,80,,1829,,,0,40,,1830,,,0,82,,1832,,,0,79,,1831,,,0,40,,1833,,,0,80,,1834,,,0,85,,1837,,,0,99,,1836,,,0
1600,'4955',754,,2328,,,0,164,,2326,,,0,682,,2327,,,0,47,,2325,,,0
1000700,'4944',752,,1313,0,17 10,0,200,,1314,,,0,202,,1315,0,17 10,0,201,,1316,0,17 10,0,200,,1317,,,0,200,,1318,0,17 10,0,198,,1319,0,17 10,0,198,,1320,,,0
1000700,'4946',752,,1297,0,17 10,0,200,,1296,0,17 10,0,201,,1298,0,17 10,0,200,,1300,0,17 10,0,202,,1299,0,17 10,0,199,,1301,0,17 10,0,198,,1302,,,0
1000700,'4955',754,,2718,0,17 10,0,55,,2717,0,17 10,0,145,,2719,0,17 10,0,200,,2720,0,17 10,0,202,,2711,0,17 10,0,200,,2714,0,17 10,0,70,,2715,0,17 10,0,129,,2716,0,17 10,0,197,,2712,0,17 10,0,200,,2713,0,17 10,0
1000700,'4957',752,,2721,0,17 10,0,200,,2722,,,0,202,,2723,0,17 10,0,201,,2724,0,17 10,0,200,,2725,,,0,200,,2726,0,17 10,0,198,,2727,0,17 10,0,198,,2728,,,0
1000700,'4958',752,,2730,0,17 10,0,200,,2729,0,17 10,0,201,,2731,0,17 10,0,200,,2733,0,17 10,0,202,,2732,0,17 10,0,199,,2734,0,17 10,0,198,,2735,,,0
