5201,'4327',846,,3125,15,,,0,100,,3123,15,,,0,100,,3116,15,,,0,100,,3115,15,,,0,100,,3118,15,,,0,100,,3119,15,,,0,100,,3117,15,,,0,100,,3120,15,,,0,100,,3121,15,,,0,100,,3122,15,,,0,110,,3124,15,,,0,99,,3126,15,,,0,90,,3127,15,,,0
5201,'4332',746,,3142,15,,,0,100,,3135,15,,,0,100,,3141,15,,,0,99,,3134,15,,,0,99,,3138,15,,,0,100,,3132,15,,,0,100,,3139,15,,,0,100,,3131,15,,,0,101,,3140,15,,,0,100,,3130,15,,,0,100,,3137,15,,,0,101,,3129,15,,,0,100,,3136,15,,,0,110,,3133,15,,,0,169,,3128,15,,,0,134,,3143,15,,,0
5201,'4480',703,,3150,15,,,0,97,,3151,15,,,0,115,,3152,15,,,0,105,,3153,15,,,0,109,,3154,15,,,0,99,,3155,15,,,0,105,,3156,15,,,0,100,,3157,15,,,0,110,,3158,15,,,0,100,,3159,15,,,0,107,,3145,15,,,0,95,,3146,15,,,0,109,,3147,15,,,0,102,,3148,15,,,0,169,,3149,15,,,0,133,,3144,15,,,0
5401,'4327',847,,3218,45,,,0,98,,3219,74,,,0,103,,3217,74,,,0,103,,3210,74,,,0,101,,3211,74,,,0,100,,3212,74,,,0,100,,3213,74,,,0,97,,3215,74,,,0,99,,3209,74,,,0,100,,3214,74,,,0,99,,3216,74,,,0,108,,3220,74,,,0,100,,3221,74,,,0
5401,'4332',748,,3238,45,,,0,99,,3237,74,,,0,103,,3229,74,,,0,101,,3235,74,,,0,102,,3228,74,,,0,100,,3234,74,,,0,100,,3226,74,,,0,100,,3233,74,,,0,100,,3225,74,,,0,99,,3232,74,,,0,98,,3224,74,,,0,100,,3231,74,,,0,99,,3223,74,,,0,99,,3230,74,,,0,109,,3222,74,,,0,172,,3227,74,,,0
5401,'4480',600,,3239,45,,,0,100,,3241,74,,,0,121,,3242,74,,,0,87,,3243,74,,,0,112,,3244,74,,,0,106,,3245,74,,,0,111,,3246,74,,,0,101,,3240,74,,,0,112,,3247,74,,,0,107,,3248,74,,,0,99,,3249,74,,,0,97,,3250,74,,,0,103,,3251,74,,,0,94,,3252,74,,,0,108,,3253,74,,,0,98,,3254,74,,,0,169,,3255,74,,,0
5801,'4327',816,,3355,28,,,0,120,,3351,28,,,0,100,,3345,28,,,0,100,,3353,28,,,0,100,,3346,28,,,0,99,,3347,28,,,0,100,,3348,28,,,0,100,,3354,28,,,0,100,,3349,28,,,0,101,,3350,28,,,0,100,,3352,28,,,0,95,,3356,28,,,0,100,,3357,28,,,0
5801,'4332',816,,3370,28,,,0,119,,3366,28,,,0,100,,3365,28,,,0,100,,3369,28,,,0,100,,3361,28,,,0,100,,3360,28,,,0,100,,3364,28,,,0,100,,3368,28,,,0,100,,3367,28,,,0,100,,3363,28,,,0,101,,3359,28,,,0,170,,3358,28,,,0,130,,3362,28,,,0,100,,3371,28,,,0
5801,'4480',557,,3386,17,,,0,95,,3382,28,,,0,175,,3383,28,,,0,121,,3384,28,,,0,100,,3385,28,,,0,102,,3375,28,,,0,100,,3376,28,,,0,100,,3377,28,,,0,105,,3378,28,,,0,100,,3379,28,,,0,96,,3380,28,,,0,97,,3381,28,,,0,99,,3373,28,,,0,160,,3374,28,,,0,130,,3372,28,,,0
5900,'4480',1625,,3387,12,,,0,95,,3388,12,,,0
5901,'4480',652,,3390,19,,,0,100,,3389,19,,,0
