3101,'4729',621,,3852,,,0,85,,3853,,,0,30,,3855,,,0,71,,3856,,,0,32,,3854,,,0,87,,3858,,,0,105,,3859,,,0,110,,3860,,,0,110,,3857,,,0,155,,3861,,,0,114,,3862,,,0,81,,3864,,,0,36,,3865,,,0,76,,3866,,,0,34,,3863,,,0,71,,3867,,,0,18,,3868,,,0
3101,'4739',756,,3872,,,0,103,,3871,,,0,142,,3869,,,0,110,,3876,,,0,110,,3877,,,0,110,,3870,,,0,115,,3875,,,0,155,,3873,,,0,110,,3874,,,0,110,,3878,,,0
3101,'4958',756,,3885,,,0,247,,3882,,,0,218,,3879,,,0,110,,3883,,,0,115,,3881,,,0,155,,3884,,,0,110,,3880,,,0
3201,'4729',551,,3887,0,5 6,0,70,,3888,0,5 6,0,30,,3889,0,5 6,0,70,,3886,0,5 6,0,30,,3890,0,5 6,0,72,,3891,0,5 6,0,33,,3892,0,5 6,0,70,,3893,0,5 6,0,32,,3894,0,5 6,0,73,,3895,0,5 6,0,75,,3896,0,5 6,0,35,,3897,0,5 6,0,75,,3898,0,5 6,0,35,,3899,0,5 6,0,75,,3900,0,5 6,0,80,,3901,0,5 6,0,37,,3902,0,5 6,0,78,,3903,0,5 6,0,80,,3904,0,5 6,0,35,,3905,0,5 6,0,77,,3906,0,5 6,0,33,,3907,0,5 6,0,72,,3908,0,5 6,0,38,,3909,0,5 6,0,87,,3910,0,5 6,0,68,,3911,0,5 6,0,95,,3912,0,5 6,0,105,,3913,0,5 6,0
3201,'4739',756,,3925,0,5 6,0,70,,3916,0,5 6,0,33,,3936,0,5 6,0,72,,3914,0,5 6,0,70,,3917,0,5 6,0,35,,3923,0,5 6,0,75,,3915,0,5 6,0,35,,3934,0,5 6,0,75,,3919,0,5 6,0,35,,3918,0,5 6,0,75,,3922,0,5 6,0,75,,3920,0,5 6,0,40,,3935,0,5 6,0,75,,3924,0,5 6,0,80,,3921,0,5 6,0,35,,3930,0,5 6,0,75,,3926,0,5 6,0,35,,3937,0,5 6,0,75,,3927,0,5 6,0,35,,3929,0,5 6,0,85,,3928,0,5 6,0,70,,3932,0,5 6,0,30,,3931,0,5 6,0,170,,3933,0,5 6,0
3201,'4958',756,,3952,0,5 6,0,103,,3951,0,5 6,0,144,,3946,0,5 6,0,33,,3953,0,5 6,0,75,,3940,0,5 6,0,35,,3939,0,5 6,0,75,,3947,0,5 6,0,35,,3938,0,5 6,0,75,,3948,0,5 6,0,75,,3943,0,5 6,0,40,,3949,0,5 6,0,75,,3944,0,5 6,0,80,,3945,0,5 6,0,35,,3942,0,5 6,0,75,,3950,0,5 6,0,35,,3941,0,5 6,0,110,,3954,0,5 6,0,155,,3955,0,5 6,0
3501,'4729',712,,4087,,,0,29,,4088,,,0,65,,4089,,,0,34,,4090,,,0,395,,4085,,,0,303,,4086,,,0,298,,4084,,,0,119,,4083,,,0
3501,'4739',840,,4092,,,0,395,,4095,,,0,280,,4091,,,0,225,,4093,,,0,160,,4094,,,0
3501,'4958',842,,4097,,,0,395,,4096,,,0,280,,4100,,,0,225,,4098,,,0,160,,4099,,,0
3900,'4729',627,,4106,,,0,318,,4109,0,7 8,0,98,,4103,0,7 8,0,159,,4104,0,7 8,0,135,,4105,0,7 8,0,170,,4107,0,7 8,0,150,,4108,0,7 8,0,150,,4101,0,7 8,0,119,,4102,0,7 8,0
3900,'4739',932,,4110,0,7 8,0,120,,4111,0,7 8,0,106,,4112,0,7 8,0,175,,4113,0,7 8,0,110,,4115,0,7 8,0,170,,4114,0,7 8,0,104,,4117,0,7 8,0,114,,4116,0,7 8,0
3900,'4958',927,,4121,0,7 8,0,121,,4124,0,7 8,0,105,,4119,0,7 8,0,175,,4118,0,7 8,0,110,,4122,0,7 8,0,170,,4120,0,7 8,0,104,,4125,0,7 8,0,115,,4123,0,7 8,0
1003101,'4729',651,,4200,,,0,70,,4201,,,0,30,,4202,,,0,72,,4203,,,0,33,,4204,,,0,102,,4205,,,0,148,,4206,,,0,110,,4207,,,0,110,,4208,,,0,115,,4209,,,0,100,,4210,,,0,78,,4211,,,0,35,,4212,,,0,75,,4213,,,0,73,,4214,,,0,51,,4215,,,0,90,,4216,,,0,163,,4217,,,0,110,,4218,,,0
1003101,'4739',826,,4224,,,0,105,,4230,,,0,105,,4219,,,0,110,,4220,,,0,110,,4221,,,0,150,,4223,,,0,115,,4228,,,0,115,,4226,,,0,110,,4225,,,0,110,,4222,,,0,155,,4227,,,0,100,,4229,,,0
1003101,'4958',859,,4238,,,0,252,,4237,,,0,35,,4231,,,0,110,,4233,,,0,150,,4234,,,0,115,,4235,,,0,115,,4236,,,0,110,,4232,,,0,110,,4239,,,0,155,,4240,,,0,100,,4241,,,0
