201,'4759',511,,1731,18,,,0,35,,1732,18,,,0,80,,1733,18,,,0,74,,1734,18,,,0,17,,1735,18,,,0,15,,1736,18,,,0,15,,1737,18,,,0,56,,1738,18,,,0,18,,1739,18,,,0,18,,1740,18,,,0,17,,1741,18,,,0,60,,1742,18,,,0,17,,1743,18,,,0,20,,1744,18,,,0,61,,1745,18,,,0,21,,1746,18,,,0,23,,1747,18,,,0,66,,1748,18,,,0,21,,1749,18,,,0,62,,1750,18,,,0,22,,1751,18,,,0,23,,1752,18,,,0,62,,1753,18,,,0,23,,1754,18,,,0,20,,1755,18,,,0,63,,1756,18,,,0,14,,1757,18,,,0,5,,1782,6,0,9 10 19,0,11,,1758,18,0,9 10 19,0,2,,1759,18,,,0,56,,1760,18,,,0,14,,1761,18,,,0,18,,1762,18,,,0,14,,1763,18,,,0,54,,1765,18,,,0,13,,1764,18,,,0,14,,1766,18,,,0,15,,1767,18,,,0,55,,1768,18,,,0,16,,1769,18,,,0,22,,1770,18,,,0,61,,1771,18,,,0,25,,1772,18,,,0,24,,1780,18,,,0,65,,1773,18,,,0,25,,1774,18,,,0,64,,1775,18,,,0,27,,1781,18,,,0,24,,1776,18,,,0,69,,1777,18,,,0,73,,1778,18,,,0,34,,1779,18,,,0
201,'4970',615,,1783,18,,,0,40,,1784,18,,,0,79,,1785,18,,,0,80,,1786,18,,,0,86,,1787,18,,,0,46,,1788,18,,,0,79,,1789,18,,,0,81,,1790,18,,,0,37,,1803,18,,,0,80,,1791,18,,,0,79,,1792,18,,,0,38,,1793,18,,,0,80,,1794,18,,,0,80,,1795,18,,,0,40,,1796,18,,,0,80,,1797,18,,,0,80,,1798,18,,,0,41,,1800,18,,,0,79,,1799,18,,,0,80,,1801,18,,,0,40,,1802,18,,,0,85,,1805,18,,,0,99,,1804,18,,,0
201,'5024',559,,1807,18,,,0,71,,1808,18,,,0,28,,1809,18,,,0,75,,1810,18,,,0,75,,1811,18,,,0,34,,1806,18,,,0,71,,1812,18,,,0,34,,1813,18,,,0,77,,1814,18,,,0,30,,1815,18,,,0,70,,1816,18,,,0,29,,1817,18,,,0,69,,1819,18,,,0,28,,1820,18,,,0,69,,1821,18,,,0,29,,1818,18,,,0,70,,1822,18,,,0,30,,1823,18,,,0,70,,1824,18,,,0,31,,1825,18,,,0,70,,1826,18,,,0,26,,1827,18,,,0,70,,1828,18,,,0,30,,1830,18,,,0,76,,1831,18,,,0,36,,1832,18,,,0,77,,1829,18,,,0,76,,1833,18,,,0,37,,1835,18,,,0,75,,1834,18,,,0,35,,1836,18,,,0,76,,1837,18,,,0
500,'4759',619,,2029,16,,,0,84,,2030,16,,,0,38,,2031,16,,,0,76,,2032,16,,,0,34,,2033,16,,,0,74,,2034,16,,,0,75,,2035,16,,,0,36,,2036,16,,,0,75,,2037,16,,,0,36,,2038,16,,,0,76,,2039,16,,,0,78,,2040,16,,,0,36,,2041,16,,,0,77,,2042,16,,,0,36,,2043,16,,,0,83,,2044,16,,,0,71,,2045,16,,,0,35,,2046,16,,,0,82,,2047,16,,,0,33,,2048,16,,,0,72,,2049,16,,,0,29,,2050,16,,,0,74,,2051,16,,,0,73,,2052,16,,,0,35,,2053,16,,,0,68,,2054,16,,,0,99,,2055,16,,,0,99,,2056,16,,,0
500,'4970',645,,2057,16,,,0,103,,2058,16,,,0,96,,2059,16,,,0,92,,2071,16,,,0,97,,2060,16,,,0,90,,2061,16,,,0,103,,2063,16,,,0,96,,2064,16,,,0,101,,2065,16,,,0,102,,2062,16,,,0,100,,2066,16,,,0,97,,2067,16,,,0,103,,2068,16,,,0,95,,2069,16,,,0,93,,2070,16,,,0
500,'5024',621,,2096,16,,,0,95,,2095,16,,,0,92,,2094,16,,,0,102,,2097,16,,,0,92,,2072,16,,,0,33,,2073,16,,,0,81,,2074,16,,,0,37,,2075,16,,,0,71,,2077,16,,,0,35,,2078,16,,,0,75,,2079,16,,,0,75,,2076,16,,,0,40,,2080,16,,,0,77,,2081,16,,,0,75,,2082,16,,,0,40,,2083,16,,,0,75,,2084,16,,,0,28,,2085,16,,,0,75,,2086,16,,,0,33,,2087,16,,,0,73,,2088,16,,,0,83,,2089,16,,,0,34,,2090,16,,,0,75,,2091,16,,,0,88,,2092,16,,,0,99,,2093,16,,,0
900,'5024',716,,2277,58,,,0,100,,2278,58,,,0,101,,2279,58,,,0,101,,2280,58,,,0,105,,2281,58,,,0,96,,2282,58,,,0,106,,2283,58,,,0,100,,2284,58,,,0,200,,2286,58,,,0,104,,2287,67,,,0,194,,2289,58,,,0,95,,2290,58,,,0,99,,2291,58,,,0
1200,'4759',730,,2301,20,,,0,80,,2302,20,,,0,45,,2303,20,,,0,76,,2296,20,,,0,115,,2297,20,,,0,159,,2298,20,,,0,125,,2299,20,,,0,170,,2300,20,,,0,130,,2294,20,,,0,80,,2295,20,,,0,45,,2293,20,,,0
2401,'4759',817,,2405,43,0,15 16 11 12,0
2600,'4759',1528,,2406,60,0,9 10 11 12,0
2601,'4759',814,,2407,71,0,9 10 11 12,0
