5200,'4327',1006,,3076,18,4,,0,103,,3075,18,4,,0,104,,3074,18,4,,0,102,,3073,18,4,,0,100,,3071,18,4,,0,100,,3069,18,4,,0,195,,3070,18,4,,0,99,,3078,18,4,,0,99,,3080,18,4,,0,106,,3081,18,4,,0,101,,3082,18,4,,0
5200,'4332',1012,,3089,18,4,,0,101,,3095,18,4,,0,103,,3088,18,4,,0,101,,3092,18,4,,0,100,,3087,18,4,,0,100,,3091,18,4,,0,100,,3086,18,4,,0,99,,3093,18,4,,0,96,,3085,18,4,,0,100,,3094,18,4,,0,305,,3083,18,4,,0
5200,'4480',719,,3112,18,4,,0,123,,3113,18,4,,0,90,,3114,18,4,,0,113,,3108,18,4,,0,106,,3109,18,4,,0,153,,3110,18,4,,0,100,,3105,18,4,,0,115,,3106,18,4,,0,102,,3107,18,4,,0,103,,3103,18,4,,0,96,,3104,18,4,,0,100,,3101,18,4,,0,298,,3100,18,4,,0,129,,3098,18,4,,0
5301,'4327',828,,3171,23,4,,0,104,,3169,23,4,,0,100,,3168,23,4,,0,100,,3160,23,4,,0,101,,3161,23,4,,0,100,,3162,23,4,,0,100,,3163,23,4,,0,100,,3164,23,4,,0,100,,3166,23,4,,0,100,,3167,23,4,,0,100,,3165,23,4,,0,99,,3170,23,4,,0,100,,3172,23,4,,0
5301,'4332',827,,3187,23,4,,0,104,,3173,23,4,,0,106,,3182,23,4,,0,95,,3175,23,4,,0,101,,3183,23,4,,0,100,,3177,23,4,,0,100,,3179,23,4,,0,100,,3180,23,4,,0,100,,3181,23,4,,0,100,,3176,23,4,,0,95,,3184,23,4,,0,100,,3174,23,4,,0,109,,3185,23,4,,0,100,,3178,23,4,,0,109,,3186,23,4,,0
5301,'4480',601,,3188,23,4,,0,41,,3189,23,4,,0,106,,3191,23,4,,0,78,,3192,23,4,,0,21,,3193,23,4,,0,100,,3194,23,4,,0,101,,3195,23,4,,0,101,,3196,23,4,,0,100,,3197,23,4,,0,100,,3198,23,4,,0,107,,3199,23,4,,0,75,,3200,23,4,,0,24,,3201,23,4,,0,65,,3202,23,4,,0,30,,3203,23,4,,0,99,,3204,23,4,,0,94,,3205,23,4,,0,95,,3206,23,4,,0,109,,3207,23,4,,0,99,,3208,23,4,,0
5901,'4480',630,,3390,1,,,0,100,,3389,1,,,0
6601,'4327',645,,3492,1,,,0,80,,3491,1,,,0,75,,3490,1,,,0,35,,3484,1,,,0,70,,3474,1,,,0,30,,3475,1,,,0,75,,3483,1,,,0,35,,3476,1,,,0,75,,3489,1,,,0,85,,3495,1,,,0,43,,3477,1,,,0,82,,3494,1,,,0,85,,3478,1,,,0,85,,3479,1,,,0,45,,3493,1,,,0,73,,3488,1,,,0,30,,3473,1,,,0,70,,3480,1,,,0,30,,3487,1,,,0,171,,3485,1,,,0,97,,3486,1,,,0
6601,'4332',545,,3514,1,,,0,100,,3510,1,,,0,80,,3507,1,,,0,75,,3506,1,,,0,35,,3502,1,,,0,65,,3509,1,,,0,30,,3516,1,,,0,75,,3499,1,,,0,37,,3515,1,,,0,74,,3505,1,,,0,43,,3518,1,,,0,85,,3496,1,,,0,86,,3519,1,,,0,85,,3497,1,,,0,85,,3498,1,,,0,46,,3500,1,,,0,72,,3511,1,,,0,29,,3501,1,,,0,70,,3508,1,,,0,31,,3503,1,,,0,174,,3512,1,,,0,95,,3513,1,,,0
6601,'4480',440,,3520,1,,,0,60,,3521,1,,,0,20,,3522,1,,,0,20,,3523,1,,,0,60,,3526,1,,,0,23,,3527,1,,,0,35,,3528,1,,,0,78,,3529,1,,,0,80,,3525,1,,,0,106,,3524,1,,,0,99,,3532,1,,,0,93,,3533,1,,,0,29,,3552,1,,,0,99,,3554,1,,,0,96,,3549,1,,,0,65,,3535,1,,,0,34,,3537,1,,,0,17,,3538,1,,,0,82,,3540,1,,,0,67,,3541,1,,,0,50,,3543,1,,,0,66,,3544,1,,,0,105,,3534,1,,,0,31,,3546,1,,,0,71,,3547,1,,,0,95,,3548,1,,,0
7100,'4332',723,,3560,1,0,22 23,0,127,,3556,1,,,0,195,,3557,1,,,0,200,,3558,1,,,0,162,,3555,1,0,22 23,0,127,,3559,1,,,0,201,,3561,1,,,0,265,,3562,1,,,0,155,,3563,1,,,0
7100,'4480',515,,3567,1,0,22 23,0,110,,3566,1,,,0,95,,3564,1,,,0,100,,3568,1,,,0,100,,3565,1,,,0,320,,3569,1,,,0,175,,3572,1,,,0,27,,3570,1,0,22 23,0,78,,3571,1,,,0,100,,3573,1,,,0,110,,3574,1,,,0
7100,'4663',1935,,3575,1,,,0,195,,3576,1,,,0
7101,'4332',1029,,3578,31,4,,0,115,,3582,23,4,,0,85,,3577,31,4,,0,205,,3579,31,4,,0,280,,3580,31,4,,0,115,,3583,23,4,,0,86,,3581,31,4,,0,224,,3584,31,4,,0,193,,3585,31,4,,0
7101,'4480',711,,3587,31,4,,0,96,,3589,31,4,,0,103,,3588,31,4,,0,30,,3590,23,4,,0,70,,3591,31,4,,0,100,,3586,31,4,,0,316,,3592,31,4,,0,180,,3593,31,4,,0,100,,3594,31,4,,0,104,,3595,31,4,,0,110,,3596,31,4,,0
7101,'4663',2114,,3597,31,4,,0,193,,3598,31,4,,0
