3201,'4944',802,,1113,0,5 6,0,30,,1104,0,5 6,0,74,,1124,0,5 6,0,32,,1102,0,5 6,0,70,,1105,0,5 6,0,35,,1111,0,5 6,0,75,,1103,0,5 6,0,36,,1122,0,5 6,0,75,,1107,0,5 6,0,75,,1106,0,5 6,0,35,,1110,0,5 6,0,75,,1108,0,5 6,0,40,,1123,0,5 6,0,75,,1112,0,5 6,0,80,,1109,0,5 6,0,35,,1118,0,5 6,0,74,,1114,0,5 6,0,35,,1125,0,5 6,0,74,,1115,0,5 6,0,75,,1117,0,5 6,0,45,,1116,0,5 6,0,70,,1120,0,5 6,0,30,,1119,0,5 6,0,170,,1121,0,5 6,0
3201,'4946',801,,1070,0,5 6,0,104,,1069,0,5 6,0,104,,1064,0,5 6,0,33,,1071,0,5 6,0,76,,1058,0,5 6,0,35,,1057,0,5 6,0,75,,1065,0,5 6,0,75,,1056,0,5 6,0,35,,1066,0,5 6,0,75,,1061,0,5 6,0,41,,1067,0,5 6,0,75,,1062,0,5 6,0,79,,1063,0,5 6,0,35,,1060,0,5 6,0,74,,1068,0,5 6,0,35,,1059,0,5 6,0,150,,1072,0,5 6,0,115,,1073,0,5 6,0
3201,'4955',556,,2472,0,5 6,0,70,,2473,0,5 6,0,30,,2474,0,5 6,0,71,,2471,0,5 6,0,30,,2475,0,5 6,0,73,,2476,0,5 6,0,73,,2477,0,5 6,0,30,,2478,0,5 6,0,73,,2479,0,5 6,0,33,,2480,0,5 6,0,76,,2481,0,5 6,0,35,,2482,0,5 6,0,75,,2483,0,5 6,0,75,,2484,0,5 6,0,35,,2485,0,5 6,0,80,,2486,0,5 6,0,37,,2487,0,5 6,0,79,,2488,0,5 6,0,80,,2489,0,5 6,0,35,,2490,0,5 6,0,77,,2491,0,5 6,0,31,,2492,0,5 6,0,71,,2493,0,5 6,0,78,,2494,0,5 6,0,47,,2495,0,5 6,0,67,,2496,0,5 6,0,95,,2497,0,5 6,0,105,,2498,0,5 6,0
3201,'4957',802,,2510,0,5 6,0,30,,2501,0,5 6,0,74,,2521,0,5 6,0,32,,2499,0,5 6,0,70,,2502,0,5 6,0,35,,2508,0,5 6,0,75,,2500,0,5 6,0,36,,2519,0,5 6,0,75,,2504,0,5 6,0,75,,2503,0,5 6,0,35,,2507,0,5 6,0,75,,2505,0,5 6,0,40,,2520,0,5 6,0,75,,2509,0,5 6,0,80,,2506,0,5 6,0,35,,2515,0,5 6,0,74,,2511,0,5 6,0,35,,2522,0,5 6,0,74,,2512,0,5 6,0,75,,2514,0,5 6,0,45,,2513,0,5 6,0,70,,2517,0,5 6,0,30,,2516,0,5 6,0,170,,2518,0,5 6,0
3201,'4958',801,,2537,0,5 6,0,104,,2536,0,5 6,0,104,,2531,0,5 6,0,33,,2538,0,5 6,0,76,,2525,0,5 6,0,35,,2524,0,5 6,0,75,,2532,0,5 6,0,75,,2523,0,5 6,0,35,,2533,0,5 6,0,75,,2528,0,5 6,0,41,,2534,0,5 6,0,75,,2529,0,5 6,0,79,,2530,0,5 6,0,35,,2527,0,5 6,0,74,,2535,0,5 6,0,35,,2526,0,5 6,0,150,,2539,0,5 6,0,115,,2540,0,5 6,0
3900,'4944',914,,1288,0,7 8,0,120,,1289,0,7 8,0,106,,1290,0,7 8,0,175,,1291,0,7 8,0,110,,1293,0,7 8,0,130,,1292,0,7 8,0,104,,1295,0,7 8,0,154,,1294,0,7 8,0
3900,'4946',910,,1274,0,7 8,0,121,,1277,0,7 8,0,105,,1272,0,7 8,0,175,,1271,0,7 8,0,110,,1275,0,7 8,0,130,,1273,0,7 8,0,104,,1278,0,7 8,0,155,,1276,0,7 8,0
3900,'4955',928,,2694,0,7 8,0,98,,2688,0,7 8,0,119,,2689,0,7 8,0,175,,2690,0,7 8,0,130,,2692,0,7 8,0,190,,2693,0,7 8,0,110,,2686,0,7 8,0,159,,2687,0,7 8,0
3900,'4957',914,,2695,0,7 8,0,120,,2696,0,7 8,0,106,,2697,0,7 8,0,175,,2698,0,7 8,0,110,,2700,0,7 8,0,130,,2699,0,7 8,0,104,,2702,0,7 8,0,154,,2701,0,7 8,0
3900,'4958',910,,2706,0,7 8,0,121,,2709,0,7 8,0,105,,2704,0,7 8,0,175,,2703,0,7 8,0,110,,2707,0,7 8,0,130,,2705,0,7 8,0,104,,2710,0,7 8,0,155,,2708,0,7 8,0
