101,'4528',550,,3923,22,,,0,67,,3924,22,,,0,31,,3925,22,,,0,70,,3926,22,,,0,22,,3922,22,,,0,15,,3927,22,,,0,56,,3928,22,,,0,21,,3929,22,,,0,21,,3930,22,,,0,62,,3931,22,,,0,21,,3932,22,,,0,21,,3933,22,,,0,62,,3934,22,,,0,22,,3935,22,,,0,61,,3936,22,,,0,22,,3937,22,,,0,23,,3938,22,,,0,61,,3939,22,,,0,21,,3940,22,,,0,23,,3941,22,,,0,66,,3942,22,,,0,26,,3943,22,,,0,60,,3944,22,,,0,24,,3945,22,,,0,18,,3946,22,,,0,55,,3947,22,,,0,16,,3948,22,,,0,15,,3949,22,,,0,15,,3950,22,,,0,55,,3951,22,,,0,15,,3952,22,,,0,15,,3953,22,,,0,15,,3954,22,,,0,54,,3955,22,,,0,15,,3956,22,,,0,15,,3957,22,,,0,12,,3958,22,,,0,13,,3959,22,,,0,60,,3960,22,,,0,20,,3961,22,,,0,20,,3962,22,,,0,60,,3970,22,,,0,29,,3963,22,,,0,65,,3964,22,,,0,26,,3965,22,,,0,64,,3971,22,,,0,23,,3966,22,,,0,30,,3967,22,,,0,75,,3968,22,,,0,72,,3969,22,,,0
101,'4532',625,,3973,22,,,0,75,,3972,22,,,0,30,,3974,22,,,0,72,,3975,22,,,0,29,,3976,22,,,0,75,,3977,22,,,0,42,,3978,22,,,0,74,,3979,22,,,0,32,,3980,22,,,0,69,,3981,22,,,0,30,,3982,22,,,0,67,,3983,22,,,0,28,,3984,22,,,0,70,,3985,22,,,0,30,,3986,22,,,0,70,,3987,22,,,0,30,,3988,22,,,0,70,,3989,22,,,0,31,,3990,22,,,0,70,,3991,22,,,0,30,,3992,22,,,0,69,,3993,22,,,0,27,,3994,22,,,0,69,,3995,22,,,0,38,,3996,22,,,0,79,,3997,22,,,0,78,,3998,22,,,0,35,,3999,22,,,0,75,,4000,22,,,0,35,,4001,22,,,0,72,,4003,22,,,0,75,,4002,22,,,0
101,'5221',625,,4004,22,,,0,80,,4005,22,,,0,45,,4006,22,,,0,80,,4007,22,,,0,80,,4008,22,,,0,37,,4009,22,,,0,94,,4010,22,,,0,88,,4011,22,,,0,86,,4012,22,,,0,40,,4013,22,,,0,80,,4014,22,,,0,79,,4015,22,,,0,40,,4016,22,,,0,80,,4017,22,,,0,80,,4018,22,,,0,40,,4019,22,,,0,81,,4020,22,,,0,80,,4021,22,,,0,42,,4022,22,,,0,80,,4023,22,,,0,81,,4024,22,,,0,82,,4025,22,,,0
201,'4528',515,,4130,23,,,0,35,,4131,23,,,0,78,,4132,23,,,0,75,,4133,23,,,0,18,,4134,23,,,0,16,,4135,23,,,0,17,,4136,23,,,0,55,,4137,23,,,0,16,,4138,23,,,0,18,,4139,23,,,0,16,,4140,23,,,0,59,,4141,23,,,0,19,,4142,23,,,0,19,,4143,23,,,0,62,,4144,23,,,0,22,,4145,23,,,0,65,,4146,23,,,0,24,,4147,23,,,0,22,,4148,23,,,0,62,,4149,23,,,0,23,,4150,23,,,0,23,,4151,23,,,0,62,,4152,23,,,0,22,,4153,23,,,0,62,,4154,23,,,0,25,,4155,23,,,0,16,,4156,23,,,0,55,,4157,23,,,0,14,,4158,23,,,0,15,,4159,23,,,0,15,,4160,23,,,0,55,,4161,23,,,0,14,,4163,23,,,0,14,,4162,23,,,0,14,,4164,23,,,0,15,,4165,23,,,0,55,,4166,23,,,0,17,,4167,23,,,0,22,,4168,23,,,0,60,,4169,23,,,0,24,,4170,23,,,0,23,,4178,23,,,0,64,,4171,23,,,0,26,,4172,23,,,0,65,,4173,23,,,0,25,,4179,23,,,0,65,,4174,23,,,0,28,,4175,23,,,0,72,,4176,23,,,0,33,,4177,23,,,0
201,'4532',602,,4181,23,,,0,31,,4182,23,,,0,68,,4183,23,,,0,35,,4184,23,,,0,75,,4185,23,,,0,35,,4180,23,,,0,71,,4186,23,,,0,34,,4187,23,,,0,77,,4188,23,,,0,30,,4189,23,,,0,70,,4190,23,,,0,30,,4191,23,,,0,70,,4193,23,,,0,28,,4194,23,,,0,69,,4195,23,,,0,29,,4192,23,,,0,70,,4196,23,,,0,30,,4197,23,,,0,70,,4198,23,,,0,31,,4199,23,,,0,70,,4200,23,,,0,26,,4201,23,,,0,70,,4202,23,,,0,30,,4204,23,,,0,75,,4205,23,,,0,76,,4206,23,,,0,36,,4203,23,,,0,76,,4207,23,,,0,37,,4209,23,,,0,75,,4208,23,,,0,75,,4210,23,,,0,36,,4211,23,,,0
201,'5221',618,,4212,23,,,0,40,,4213,23,,,0,79,,4214,23,,,0,80,,4215,23,,,0,87,,4216,23,,,0,46,,4217,23,,,0,79,,4218,23,,,0,82,,4219,23,,,0,37,,4232,23,,,0,80,,4220,23,,,0,79,,4221,23,,,0,39,,4222,23,,,0,80,,4223,23,,,0,80,,4224,23,,,0,40,,4225,23,,,0,80,,4226,23,,,0,80,,4227,23,,,0,41,,4229,23,,,0,79,,4228,23,,,0,79,,4230,23,,,0,39,,4231,23,,,0,85,,4234,23,,,0,99,,4233,23,,,0
1701,'4528',627,,4730,4,0,29 23,0,75,,4731,4,0,29 23,0,51,,4732,4,0,29 23,0,765,,4726,4,0,29 23,0,85,,4727,4,0,29 23,0,45,,4728,4,0,29 23,0,85,,4729,4,0,29 23,0,85,,4725,4,0,29 23,0
2101,'4528',602,,4776,4,,,0,43,,4777,4,,,0,165,,4775,4,,,0,98,,4774,4,,,0,32,,4778,4,,,0,98,,4773,4,,,0,163,,4766,4,,,0,130,,4771,4,,,0,91,,4767,4,,,0,81,,4768,4,,,0,107,,4772,4,,,0,49,,4770,4,,,0,149,,4765,4,,,0,121,,4769,4,,,0
2101,'4532',726,,4787,4,,,0,129,,4788,4,,,0,178,,4786,4,,,0,123,,4782,4,,,0,172,,4780,4,,,0,105,,4781,4,,,0,100,,4783,4,,,0,100,,4784,4,,,0,168,,4785,4,,,0,131,,4779,4,,,0
2101,'5221',803,,4797,4,,,0,99,,4789,4,,,0,135,,4790,4,,,0,169,,4791,4,,,0,132,,4792,4,,,0,173,,4793,4,,,0,130,,4794,4,,,0,174,,4795,4,,,0,130,,4796,4,,,0
1002101,'4528',720,,6122,4,,,0
