201,'4729',510,,3146,,,0,35,,3147,,,0,80,,3148,,,0,75,,3149,,,0,17,,3150,,,0,15,,3151,,,0,14,,3152,,,0,56,,3153,,,0,19,,3154,,,0,18,,3155,,,0,17,,3156,,,0,60,,3157,,,0,17,,3158,,,0,20,,3159,,,0,61,,3160,,,0,21,,3161,,,0,23,,3162,,,0,65,,3163,,,0,21,,3164,,,0,62,,3165,,,0,22,,3166,,,0,23,,3167,,,0,62,,3168,,,0,23,,3169,,,0,20,,3170,,,0,63,,3171,,,0,14,,3172,,,0,5,,3197,0,9 10 19,0,11,,3173,0,9 10 19,0,2,,3174,,,0,56,,3175,,,0,14,,3176,,,0,18,,3177,,,0,14,,3178,,,0,54,,3180,,,0,13,,3179,,,0,14,,3181,,,0,15,,3182,,,0,56,,3183,,,0,16,,3184,,,0,22,,3185,,,0,61,,3186,,,0,25,,3187,,,0,24,,3195,,,0,65,,3188,,,0,25,,3189,,,0,64,,3190,,,0,27,,3196,,,0,24,,3191,,,0,69,,3192,,,0,32,,3193,,,0,74,,3194,,,0
201,'4739',558,,3199,,,0,71,,3200,,,0,28,,3201,,,0,75,,3202,,,0,75,,3203,,,0,34,,3198,,,0,71,,3204,,,0,34,,3205,,,0,77,,3206,,,0,30,,3207,,,0,70,,3208,,,0,29,,3209,,,0,70,,3210,,,0,28,,3211,,,0,69,,3212,,,0,29,,3213,,,0,70,,3214,,,0,30,,3215,,,0,70,,3216,,,0,31,,3217,,,0,70,,3218,,,0,26,,3219,,,0,70,,3220,,,0,30,,3221,,,0,76,,3222,,,0,36,,3223,,,0,76,,3224,,,0,76,,3225,,,0,37,,3226,,,0,75,,3227,,,0,35,,3228,,,0,76,,3229,,,0
201,'4958',614,,3230,,,0,40,,3231,,,0,79,,3232,,,0,80,,3233,,,0,46,,3234,,,0,86,,3235,,,0,79,,3236,,,0,82,,3237,,,0,37,,3250,,,0,80,,3238,,,0,79,,3239,,,0,38,,3240,,,0,80,,3241,,,0,80,,3242,,,0,40,,3243,,,0,80,,3244,,,0,80,,3245,,,0,41,,3247,,,0,79,,3246,,,0,80,,3248,,,0,39,,3249,,,0,85,,3252,,,0,99,,3251,,,0
500,'4729',618,,3444,,,0,84,,3445,,,0,38,,3446,,,0,76,,3447,,,0,35,,3448,,,0,74,,3449,,,0,33,,3450,,,0,77,,3451,,,0,76,,3452,,,0,36,,3453,,,0,76,,3454,,,0,35,,3455,,,0,76,,3456,,,0,78,,3457,,,0,37,,3458,,,0,80,,3459,,,0,74,,3460,,,0,33,,3461,,,0,80,,3462,,,0,33,,3463,,,0,71,,3464,,,0,33,,3465,,,0,74,,3466,,,0,73,,3467,,,0,35,,3468,,,0,70,,3469,,,0,98,,3470,,,0,99,,3471,,,0
500,'4739',620,,3496,,,0,95,,3495,,,0,92,,3494,,,0,102,,3497,,,0,92,,3472,,,0,34,,3473,,,0,81,,3474,,,0,37,,3475,,,0,71,,3476,,,0,35,,3477,,,0,75,,3478,,,0,75,,3479,,,0,40,,3480,,,0,77,,3481,,,0,75,,3482,,,0,40,,3483,,,0,75,,3484,,,0,28,,3485,,,0,74,,3486,,,0,33,,3487,,,0,73,,3488,,,0,83,,3489,,,0,34,,3490,,,0,75,,3491,,,0,88,,3492,,,0,99,,3493,,,0
500,'4958',644,,3498,,,0,103,,3499,,,0,96,,3500,,,0,92,,3512,,,0,97,,3501,,,0,90,,3502,,,0,104,,3504,,,0,96,,3505,,,0,101,,3506,,,0,102,,3503,,,0,100,,3507,,,0,96,,3508,,,0,103,,3509,,,0,95,,3510,,,0,93,,3511,,,0
900,'4739',715,,3678,,,0,100,,3679,,,0,102,,3680,,,0,101,,3681,,,0,105,,3682,,,0,96,,3683,,,0,106,,3684,,,0,100,,3685,,,0,200,,3687,,,0,103,,3688,,,0,194,,3690,,,0,95,,3691,,,0,99,,3692,,,0
1200,'4729',730,,3716,,,0,80,,3717,,,0,45,,3718,,,0,75,,3711,,,0,115,,3712,,,0,160,,3713,,,0,125,,3714,,,0,129,,3715,,,0,170,,3709,,,0,81,,3710,,,0,45,,3708,,,0
2401,'4729',816,,3820,0,15 16 11 12,0
2600,'4729',1528,,3821,0,9 10 11 12,0
2601,'4729',813,,3822,0,9 10 11 12,0
