5201,'4327',847,,3125,16,,,0,100,,3123,16,,,0,100,,3116,16,,,0,100,,3115,16,,,0,100,,3118,16,,,0,100,,3119,16,,,0,100,,3117,16,,,0,100,,3120,16,,,0,100,,3121,16,,,0,100,,3122,16,,,0,110,,3124,16,,,0,99,,3126,16,,,0,90,,3127,16,,,0
5201,'4332',747,,3142,16,,,0,100,,3135,16,,,0,100,,3141,16,,,0,99,,3134,16,,,0,99,,3138,16,,,0,100,,3132,16,,,0,100,,3139,16,,,0,100,,3131,16,,,0,101,,3140,16,,,0,100,,3130,16,,,0,100,,3137,16,,,0,101,,3129,16,,,0,100,,3136,16,,,0,110,,3133,16,,,0,169,,3128,16,,,0,174,,3143,16,,,0
5201,'4480',704,,3150,16,,,0,97,,3151,16,,,0,115,,3152,16,,,0,105,,3153,16,,,0,109,,3154,16,,,0,99,,3155,16,,,0,105,,3156,16,,,0,100,,3157,16,,,0,110,,3158,16,,,0,100,,3159,16,,,0,107,,3145,16,,,0,95,,3146,16,,,0,109,,3147,16,,,0,102,,3148,16,,,0,169,,3149,16,,,0,133,,3144,16,,,0
5401,'4327',848,,3218,46,,,0,98,,3219,75,,,0,103,,3217,75,,,0,103,,3210,75,,,0,101,,3211,75,,,0,100,,3212,75,,,0,100,,3213,75,,,0,97,,3215,75,,,0,99,,3209,75,,,0,100,,3214,75,,,0,99,,3216,75,,,0,108,,3220,75,,,0,100,,3221,75,,,0
5401,'4332',749,,3238,46,,,0,99,,3237,75,,,0,103,,3229,75,,,0,101,,3235,75,,,0,102,,3228,75,,,0,100,,3234,75,,,0,100,,3226,75,,,0,100,,3233,75,,,0,100,,3225,75,,,0,99,,3232,75,,,0,98,,3224,75,,,0,100,,3231,75,,,0,99,,3223,75,,,0,99,,3230,75,,,0,109,,3222,75,,,0,172,,3227,75,,,0
5401,'4480',601,,3239,46,,,0,100,,3241,75,,,0,121,,3242,75,,,0,87,,3243,75,,,0,112,,3244,75,,,0,106,,3245,75,,,0,111,,3246,75,,,0,101,,3240,75,,,0,112,,3247,75,,,0,107,,3248,75,,,0,99,,3249,75,,,0,97,,3250,75,,,0,103,,3251,75,,,0,94,,3252,75,,,0,108,,3253,75,,,0,98,,3254,75,,,0,169,,3255,75,,,0
5801,'4327',816,,3355,29,,,0,120,,3351,29,,,0,100,,3345,29,,,0,100,,3353,29,,,0,100,,3346,29,,,0,100,,3347,29,,,0,100,,3348,29,,,0,100,,3354,29,,,0,100,,3349,29,,,0,100,,3350,29,,,0,100,,3352,29,,,0,95,,3356,29,,,0,100,,3357,29,,,0
5801,'4332',816,,3370,29,,,0,120,,3366,29,,,0,100,,3365,29,,,0,100,,3369,29,,,0,100,,3361,29,,,0,100,,3360,29,,,0,100,,3364,29,,,0,100,,3368,29,,,0,100,,3367,29,,,0,100,,3363,29,,,0,100,,3359,29,,,0,170,,3358,29,,,0,130,,3362,29,,,0,100,,3371,29,,,0
5801,'4480',557,,3386,18,,,0,95,,3382,29,,,0,176,,3383,29,,,0,121,,3384,29,,,0,100,,3385,29,,,0,102,,3375,29,,,0,100,,3376,29,,,0,100,,3377,29,,,0,105,,3378,29,,,0,100,,3379,29,,,0,96,,3380,29,,,0,97,,3381,29,,,0,98,,3373,29,,,0,160,,3374,29,,,0,130,,3372,29,,,0
5900,'4480',1626,,3387,13,,,0,95,,3388,13,,,0
5901,'4480',653,,3390,20,,,0,100,,3389,20,,,0
