100,107000,1,0
100,107001,2,0
100,107002,3,0
100,107003,4,0
100,107004,5,0
100,107005,6,0
100,107006,7,0
100,107007,8,0
100,107008,9,0
100,107009,10,0
100,107010,11,0
100,107011,12,0
100,107012,13,0
100,107013,14,0
100,107014,15,0
100,107015,16,0
100,107016,17,0
100,107017,18,0
100,107018,19,0
100,107019,20,0
100,108262,21,0
100,107021,22,0
100,107022,23,0
100,107023,24,0
100,107024,25,0
100,107025,26,0
100,107026,27,0
100,107027,28,0
100,107028,29,0
100,107029,30,0
100,107030,31,0
100,107031,32,0
100,107032,33,0
100,107033,34,0
100,107034,35,0
100,107035,36,0
100,107036,37,0
100,107037,38,0
100,107038,39,0
100,107039,40,0
100,107040,41,0
100,107041,42,0
100,107042,43,0
100,107043,44,0
100,107044,45,0
100,107045,46,0
100,107046,47,0
100,107047,48,0
100,107048,49,0
100,107049,50,0
100,107050,51,0
100,107051,52,0
100,107052,53,0
100,107053,54,1
101,107053,1,0
101,107054,2,0
101,107055,3,0
101,107056,4,0
101,107057,5,0
101,107058,6,0
101,107059,7,0
101,107060,8,0
101,107061,9,0
101,107062,10,0
101,107063,11,0
101,107064,12,0
101,107065,13,0
101,107066,14,0
101,107067,15,0
101,107068,16,0
101,107069,17,0
101,107070,18,0
101,107071,19,0
101,107072,20,0
101,107073,21,0
101,107074,22,0
101,107075,23,0
101,107076,24,0
101,107077,25,0
101,107078,26,0
101,107079,27,0
101,107080,28,0
101,107257,29,0
101,107081,30,0
101,107082,31,0
101,107083,32,0
101,107084,33,0
101,107085,34,0
101,107500,35,0
101,107087,36,0
101,107088,37,0
101,107089,38,0
101,107090,39,0
101,107091,40,0
101,107092,41,0
101,107093,42,0
101,107094,43,0
101,107095,44,0
101,107096,45,0
101,107097,46,0
101,107098,47,0
101,107099,48,0
101,107100,49,0
101,107101,50,0
101,107102,51,0
101,107103,52,0
101,107104,53,0
101,107105,54,0
101,107106,55,0
101,107000,56,1
201,120002,1,0
201,107107,2,0
201,107108,3,0
201,107109,4,0
201,107110,5,0
201,107111,6,0
201,107112,7,0
201,107113,8,0
201,107114,9,0
201,107115,10,0
201,107116,11,0
201,107117,12,0
201,107118,13,0
201,107119,14,0
201,107120,15,0
201,107012,16,0
201,107013,17,0
201,107014,18,0
201,107015,19,0
201,107016,20,0
201,107017,21,0
201,107018,22,0
201,107019,23,0
201,108262,24,0
201,107122,25,0
201,107123,26,0
201,107124,27,0
201,107125,28,0
201,107126,29,0
201,107127,30,0
201,107128,31,0
201,107129,32,0
201,107079,33,0
201,107080,34,0
201,107130,35,0
201,107131,36,0
201,107132,37,0
201,107133,38,0
201,107134,39,0
201,107135,40,0
201,107136,41,0
201,107137,42,0
201,107138,43,0
201,107139,44,0
201,107146,45,0
201,107142,46,0
201,107143,47,0
201,107144,48,0
201,107145,49,0
201,107140,50,0
201,107141,51,1
202,107141,1,0
202,107147,2,0
202,107148,3,0
202,107149,4,0
202,107150,5,0
202,107151,6,0
202,107152,7,0
202,107153,8,0
202,107154,9,0
202,107155,10,0
202,107156,11,0
202,107157,12,0
202,107028,13,0
202,107029,14,0
202,107158,15,0
202,107159,16,0
202,107160,17,0
202,107161,18,0
202,107162,19,0
202,107163,20,0
202,107164,21,0
202,107165,22,0
202,107166,23,0
202,107499,24,0
202,107087,25,0
202,107088,26,0
202,107089,27,0
202,107090,28,0
202,107091,29,0
202,107092,30,0
202,107093,31,0
202,107167,32,0
202,107168,33,0
202,107169,34,0
202,107170,35,0
202,107171,36,0
202,107172,37,0
202,107173,38,0
202,120002,39,1
301,107175,1,0
301,107176,2,0
301,107177,3,0
301,107211,4,0
301,107094,5,0
301,107178,6,0
301,107179,7,0
301,107180,8,0
301,107181,9,0
301,107182,10,0
301,107183,11,0
301,107184,12,0
301,107165,13,0
301,107166,14,0
301,108262,15,0
301,107021,16,0
301,107022,17,0
301,107199,18,0
301,107192,19,0
301,107193,20,0
301,107194,21,0
301,107079,22,0
301,107080,23,0
301,107130,24,0
301,107131,25,0
301,107132,26,0
301,107185,27,0
301,107186,28,0
301,107187,29,0
301,107188,30,0
301,107189,31,0
301,107190,32,1
302,107190,1,0
302,107195,2,0
302,107196,3,0
302,107197,4,0
302,120003,5,0
302,107198,6,0
302,107154,7,0
302,107155,8,0
302,107156,9,0
302,107157,10,0
302,107028,11,0
302,107029,12,0
302,107200,13,0
302,107201,14,0
302,107202,15,0
302,107203,16,0
302,107191,17,0
302,107085,18,0
302,107500,19,0
302,107122,20,0
302,107123,21,0
302,107204,22,0
302,107205,23,0
302,107206,24,0
302,107207,25,0
302,107208,26,0
302,107209,27,0
302,107210,28,0
302,107011,29,0
302,107121,30,0
302,107213,31,0
302,107214,32,0
302,107175,33,1
401,108262,1,0
401,107021,2,0
401,107022,3,0
401,107023,4,0
401,107024,5,0
401,107025,6,0
401,107026,7,0
401,107027,8,0
401,107028,9,0
401,107029,10,0
401,107158,11,0
401,107215,12,0
401,107216,13,0
401,107217,14,0
401,107218,15,0
401,107219,16,0
401,107220,17,0
401,107221,18,0
401,107222,19,0
401,107223,20,0
401,107224,21,0
401,107225,22,0
401,107226,23,0
401,107227,24,0
401,107228,25,0
401,107229,26,0
401,107230,27,0
401,107231,28,0
401,107232,29,0
401,107233,30,0
401,107234,31,0
401,107235,32,0
401,107236,33,0
401,107481,34,0
401,107482,35,0
401,107483,36,0
401,107237,37,0
401,107238,38,0
401,107239,39,0
401,107240,40,0
401,107241,41,0
401,107242,42,0
401,107243,43,0
401,107244,44,0
401,107245,45,0
401,107246,46,0
401,107247,47,0
401,107248,48,0
401,107249,49,0
401,107250,50,0
401,107251,51,0
401,107252,52,0
401,107253,53,0
401,107254,54,0
401,107079,55,0
401,107080,56,0
401,107257,57,0
401,107081,58,0
401,107082,59,0
401,107083,60,0
401,107084,61,0
401,107085,62,0
401,107020,63,1
501,107273,1,0
501,107274,2,0
501,107277,3,0
501,107278,4,0
501,107279,5,0
501,107280,6,0
501,107281,7,0
501,107282,8,0
501,107283,9,0
501,107284,10,0
501,107285,11,0
501,107286,12,0
501,107287,13,0
501,107083,14,0
501,107084,15,0
501,107085,16,0
501,107499,17,1
502,108262,1,0
502,107021,2,0
502,107022,3,0
502,107023,4,0
502,107024,5,0
502,107199,6,0
502,107192,7,0
502,107193,8,0
502,107194,9,0
502,107079,10,0
502,107080,11,0
502,107257,12,0
502,107081,13,0
502,107082,14,0
502,107258,15,0
502,107259,16,0
502,107260,17,0
502,107261,18,0
502,107262,19,0
502,107263,20,0
502,107264,21,0
502,107265,22,0
502,107266,23,0
502,107267,24,0
502,107268,25,0
502,107269,26,0
502,107270,27,0
502,107271,28,0
502,107272,29,0
502,107212,30,0
502,107273,31,1
601,107500,1,0
601,107122,2,0
601,107123,3,0
601,107124,4,0
601,107125,5,0
601,107126,6,0
601,107288,7,0
601,107289,8,0
601,107290,9,0
601,107291,10,0
601,107292,11,0
601,107293,12,0
601,107294,13,0
601,107295,14,0
601,107296,15,0
601,107297,16,0
601,107298,17,0
601,107299,18,0
601,107300,19,0
601,107301,20,0
601,107302,21,0
601,107303,22,0
601,107304,23,0
601,107305,24,0
601,107306,25,0
601,107307,26,0
601,107308,27,0
601,107309,28,0
601,107208,29,0
601,107209,30,0
601,107210,31,0
601,107011,32,0
601,107273,33,0
601,107274,34,0
601,107277,35,0
601,107278,36,0
601,107310,37,0
601,107311,38,0
601,107312,39,0
601,107313,40,0
601,107314,41,0
601,107315,42,0
601,107316,43,0
601,107317,44,0
601,107018,45,0
601,107019,46,0
601,107020,47,1
701,108262,1,0
701,107021,2,0
701,107022,3,0
701,107199,4,0
701,107192,5,0
701,107193,6,0
701,107194,7,0
701,107079,8,0
701,107080,9,0
701,107318,10,0
701,107319,11,0
701,107320,12,0
701,107136,13,0
701,107137,14,0
701,107321,15,0
701,107322,16,0
701,107323,17,0
701,107324,18,0
701,107325,19,0
701,107326,20,0
701,107327,21,0
701,107328,22,0
701,107329,23,0
701,107330,24,0
701,107331,25,0
701,107332,26,0
701,107333,27,0
701,107334,28,0
701,107335,29,0
701,107336,30,0
701,107337,31,0
701,107338,32,0
701,107339,33,0
701,107340,34,0
701,107341,35,0
701,107342,36,0
701,107343,37,0
701,107344,38,0
701,107345,39,0
701,107346,40,0
701,107347,41,0
701,107348,42,0
701,107349,43,0
701,107350,44,0
701,107351,45,0
701,107352,46,0
701,107493,47,0
701,107494,48,0
701,107495,49,0
701,107496,50,0
701,107353,51,0
701,107354,52,0
701,107355,53,0
701,107356,54,0
701,107357,55,0
701,107149,56,0
701,107150,57,0
701,107393,58,0
701,107392,59,0
701,107029,60,0
701,107200,61,0
701,107201,62,0
701,107202,63,0
701,107203,64,0
701,107191,65,0
701,107085,66,0
701,107499,67,1
1203,107190,1,0
1203,107195,2,0
1203,107196,3,0
1203,107197,4,0
1203,107364,5,0
1203,107365,6,0
1203,107366,7,0
1203,107367,8,0
1203,107368,9,0
1203,107369,10,0
1203,107370,11,0
1203,120003,12,0
1203,107198,13,0
1203,107371,14,0
1203,107372,15,0
1203,107373,16,0
1203,107286,17,0
1203,107287,18,0
1203,107083,19,0
1203,107084,20,0
1203,107085,21,0
1203,107499,22,1
1204,108262,1,0
1204,107021,2,0
1204,107022,3,0
1204,107023,4,0
1204,107024,5,0
1204,107258,6,0
1204,107259,7,0
1204,107358,8,0
1204,107359,9,0
1204,107360,10,0
1204,107361,11,0
1204,107362,12,0
1204,107363,13,0
1204,107186,14,0
1204,107187,15,0
1204,107188,16,0
1204,107189,17,0
1204,107190,18,1
1500,107385,1,0
1500,107386,2,0
1500,107387,3,0
1500,107388,4,0
1500,107389,5,0
1500,107377,6,0
1500,107390,7,0
1500,107056,8,0
1500,107057,9,0
1500,107375,10,0
1500,107391,11,0
1500,107249,12,0
1500,107250,13,0
1500,107251,14,0
1500,107252,15,0
1500,107253,16,0
1500,107254,17,0
1500,107079,18,0
1500,107080,19,1
1501,107029,1,0
1501,107158,2,0
1501,107215,3,0
1501,107216,4,0
1501,107217,5,0
1501,107218,6,0
1501,107219,7,0
1501,107220,8,0
1501,107221,9,0
1501,107374,10,0
1501,105727,11,0
1501,107061,12,0
1501,107062,13,0
1501,107045,14,0
1501,107046,15,0
1501,107047,16,0
1501,107378,17,0
1501,107379,18,0
1501,107380,19,0
1501,107381,20,0
1501,107382,21,0
1501,107383,22,0
1501,107384,23,0
1501,107385,24,1
1601,107080,1,0
1601,107318,2,0
1601,107319,3,0
1601,107320,4,0
1601,107136,5,0
1601,107137,6,0
1601,107321,7,0
1601,107394,8,0
1601,107395,9,0
1601,107396,10,0
1601,107397,11,0
1601,107398,12,0
1601,107399,13,0
1601,107331,14,0
1601,107332,15,0
1601,107333,16,0
1601,107334,17,0
1601,107335,18,0
1601,107400,19,1
1602,107400,1,0
1602,107401,2,0
1602,107402,3,0
1602,107403,4,0
1602,107404,5,0
1602,107348,6,0
1602,107349,7,0
1602,107350,8,0
1602,107351,9,0
1602,107352,10,0
1602,107353,11,0
1602,107354,12,0
1602,107355,13,0
1602,107356,14,0
1602,107405,15,0
1602,107406,16,0
1602,107407,17,0
1602,120011,18,0
1602,107078,19,0
1602,107079,20,0
1602,107080,21,1
1700,107080,1,0
1700,107257,2,0
1700,107081,3,0
1700,107082,4,0
1700,107083,5,0
1700,107084,6,0
1700,107085,7,0
1700,107501,8,0
1700,107087,9,0
1700,107088,10,0
1700,107089,11,0
1700,107090,12,0
1700,107091,13,0
1700,107408,14,0
1700,107273,15,0
1700,107274,16,0
1700,107275,17,0
1700,107409,18,0
1700,107410,19,0
1700,107411,20,0
1700,107416,21,0
1700,107417,22,0
1700,107418,23,0
1700,107419,24,0
1700,107420,25,0
1700,107421,26,0
1700,107422,27,0
1700,107423,28,0
1700,107424,29,0
1700,107412,30,0
1700,107413,31,0
1700,107414,32,0
1700,107415,33,0
1700,107425,34,0
1700,107426,35,0
1700,107276,36,0
1700,107175,37,0
1700,107176,38,0
1700,107177,39,0
1700,107012,40,0
1700,107013,41,0
1700,107014,42,0
1700,107015,43,0
1700,107016,44,0
1700,107017,45,0
1700,107018,46,0
1700,107019,47,0
1700,108262,48,0
1700,107021,49,0
1700,107022,50,0
1700,107023,51,0
1700,107024,52,0
1700,107025,53,0
1700,107026,54,0
1700,107027,55,0
1700,107028,56,0
1700,107029,57,1
2101,107745,1,0
2101,107746,2,0
2101,107747,3,0
2101,107748,4,0
2101,107749,5,0
2101,107740,6,0
2101,107438,7,0
2101,107439,8,0
2101,107440,9,0
2101,107441,10,0
2101,107442,11,0
2101,107443,12,0
2101,107444,13,0
2101,107445,14,0
2101,107446,15,0
2101,107447,16,0
2101,107448,17,0
2101,107449,18,0
2101,107450,19,0
2101,107451,20,0
2101,107452,21,0
2101,107453,22,0
2101,107454,23,0
2101,107455,24,0
2101,107456,25,0
2101,107414,26,0
2101,107415,27,0
2101,107425,28,0
2101,107426,29,0
2101,107276,30,0
2101,107175,31,0
2101,107176,32,0
2101,107177,33,0
2101,107012,34,0
2101,107013,35,0
2101,107014,36,0
2101,107015,37,0
2101,107016,38,0
2101,107017,39,0
2101,107018,40,0
2101,107019,41,0
2101,107020,42,1
2102,107499,1,0
2102,107087,2,0
2102,107088,3,0
2102,107089,4,0
2102,107090,5,0
2102,107091,6,0
2102,107408,7,0
2102,107273,8,0
2102,107274,9,0
2102,107275,10,0
2102,107409,11,0
2102,107410,12,0
2102,107427,13,0
2102,107498,14,0
2102,107428,15,0
2102,107457,16,0
2102,107458,17,0
2102,107451,18,0
2102,107452,19,0
2102,107453,20,0
2102,107454,21,0
2102,107429,22,0
2102,107430,23,0
2102,107431,24,0
2102,107432,25,0
2102,107433,26,0
2102,107434,27,0
2102,107435,28,0
2102,107436,29,0
2102,107437,30,0
2102,107740,31,0
2102,107741,32,0
2102,107742,33,0
2102,107743,34,0
2102,107744,35,0
2102,107745,36,1
3100,107501,1,0
3100,107122,2,0
3100,107123,3,0
3100,107124,4,0
3100,107125,5,0
3100,107126,6,0
3100,107127,7,0
3100,107128,8,0
3100,107129,9,0
3100,107215,10,0
3100,107485,11,0
3100,107486,12,0
3100,107490,13,0
3100,107491,14,0
3100,107492,15,0
3100,107754,16,0
3100,107755,17,0
3100,107756,18,0
3100,107750,19,1
3101,107750,1,0
3101,107756,2,0
3101,107751,3,0
3101,107752,4,0
3101,120007,5,0
3101,107754,6,0
3101,107487,7,0
3101,107488,8,0
3101,107489,9,0
3101,107256,10,0
3101,107255,11,0
3101,107254,12,0
3101,107160,13,0
3101,107161,14,0
3101,107162,15,0
3101,107163,16,0
3101,107164,17,0
3101,107165,18,0
3101,107166,19,0
3101,107020,20,1
3201,107750,1,0
3201,107756,2,0
3201,107751,3,0
3201,107752,4,0
3201,120007,5,0
3201,107758,6,0
3201,107759,7,0
3201,107880,8,0
3201,107761,9,0
3201,107762,10,0
3201,107763,11,0
3201,107764,12,0
3201,107765,13,0
3201,107766,14,0
3201,107767,15,0
3201,107768,16,0
3201,107769,17,0
3201,107770,18,0
3201,107771,19,0
3201,107772,20,0
3201,107773,21,0
3201,107774,22,0
3201,107775,23,0
3201,107776,24,0
3201,107777,25,0
3201,107778,26,0
3201,107779,27,0
3201,107870,28,0
3201,107871,29,0
3201,107755,30,1
3301,107784,1,0
3301,107756,2,0
3301,107785,3,0
3301,107786,4,0
3301,107787,5,0
3301,107883,6,0
3301,107788,7,0
3301,107789,8,0
3301,107790,9,0
3301,107791,10,0
3301,107792,11,0
3301,107793,12,0
3301,107794,13,0
3301,107795,14,0
3301,107796,15,0
3301,107797,16,0
3301,107798,17,0
3301,107799,18,0
3301,107800,19,0
3301,107801,20,0
3301,107802,21,0
3301,107803,22,0
3301,107804,23,0
3301,107805,24,0
3301,107806,25,0
3301,107807,26,0
3301,107808,27,0
3301,107755,28,1
3403,107784,1,0
3403,107756,2,0
3403,107819,3,0
3403,107820,4,0
3403,107884,5,0
3403,107822,6,0
3403,107823,7,0
3403,107824,8,0
3403,107825,9,0
3403,107826,10,0
3403,107827,11,0
3403,107828,12,0
3403,107829,13,0
3403,107794,14,0
3403,107830,15,0
3403,107831,16,0
3403,107832,17,0
3403,107833,18,0
3403,107834,19,1
3404,107834,1,0
3404,107835,2,0
3404,107836,3,0
3404,107838,4,0
3404,107839,5,0
3404,107840,6,0
3404,107841,7,0
3404,107842,8,0
3404,107843,9,0
3404,107844,10,0
3404,107845,11,0
3404,107846,12,0
3404,107787,13,0
3404,107883,14,0
3404,107847,15,0
3404,107756,16,0
3404,107784,17,1
3500,107855,1,0
3500,107856,2,0
3500,107857,3,0
3500,107784,4,1
3501,107784,1,0
3501,107855,2,1
4001,107784,1,0
4001,107756,2,0
4001,107819,3,0
4001,107820,4,0
4001,107884,5,0
4001,107822,6,0
4001,107823,7,0
4001,107824,8,0
4001,107825,9,0
4001,107826,10,0
4001,107827,11,0
4001,107828,12,0
4001,107829,13,0
4001,107862,14,0
4001,107863,15,0
4001,107864,16,0
4001,107865,17,0
4001,120008,18,0
4001,120009,19,0
4001,120010,20,0
4001,107795,21,0
4001,107796,22,0
4001,107797,23,0
4001,107798,24,0
4001,107802,25,0
4001,107881,26,0
4001,107813,27,0
4001,107814,28,0
4001,107815,29,0
4001,107816,30,0
4001,107817,31,0
4001,107867,32,0
4001,107868,33,0
4001,107869,34,0
4001,107821,35,0
4001,107861,36,0
4001,107818,37,1
